53.288500, -110.018300, 0.071000 
52.146300, -115.330000, 0.820000 
53.952700, -113.078000, 0.142000 
54.572300, -115.522900, 0.152000 
54.194400, -116.632200, 0.918000 
53.546800, -113.734800, 0.050000 
53.245000, -115.674300, 0.136000 
55.358300, -114.617200, 0.020000 
53.746900, -113.164500, 0.041000 
52.959300, -115.893800, 1.498000 
52.776100, -115.660700, 0.875000 
52.758100, -114.111600, 1.102000 
52.226300, -115.177000, 0.087000 
49.720100, -112.781900, 3.240000 
55.725100, -119.399900, 0.003000 
52.308300, -113.550000, 0.002000 
51.191300, -113.940900, 0.357000 
51.965500, -114.753600, 0.132000 
53.652000, -116.099200, 0.254000 
57.003300, -111.466100, 62.921000 
57.040500, -111.619200, 69.308000 
50.982200, -113.974200, 0.034000 
53.570000, -113.611400, 0.044000 
51.570800, -114.851700, 0.054000 
53.795900, -113.099600, 0.389000 
53.804200, -113.082400, 4.084000 
53.559400, -113.597500, 0.974000 
53.541700, -113.391700, 1.337000 
53.181200, -115.762500, 0.105000 
52.553700, -111.694000, 0.002000 
53.550500, -113.358900, 4.455000 
51.696900, -114.475000, 0.409000 
54.772900, -110.579000, 0.304000 
54.185400, -116.210400, 0.095000 
54.427200, -116.884300, 0.909000 
52.035300, -115.137700, 0.020000 
54.510900, -115.511700, 0.153000 
53.340200, -113.538100, 0.050000 
49.628100, -114.571900, 0.096000 
57.546300, -119.112600, 0.296000 
55.489100, -119.750800, 0.002000 
53.557500, -116.547200, 0.032000 
53.498700, -113.383100, 0.009000 
53.950900, -113.088100, 0.002000 
51.376000, -113.949200, 0.542000 
55.199400, -116.221900, 0.001000 
55.993500, -113.480500, 0.017000 
53.902300, -115.189300, 0.389000 
52.228400, -114.397700, 0.024000 
53.550690, -113.349600, 7.200000 
52.904700, -115.324700, 0.015000 
55.069600, -110.536100, 0.107000 
53.373100, -116.086000, 0.037000 
50.959200, -113.981200, 0.233000 
53.527200, -113.354800, 0.411000 
50.963600, -113.976680, 0.300000 
53.530040, -113.402010, 0.453000 
53.388600, -115.315800, 0.193000 
53.499900, -113.418000, 0.230000 
52.309150, -113.809970, 0.010000 
55.373190, -114.747800, 16.974000 
54.285000, -115.698200, 0.350000 
