54.952700, -119.195300, 0.100000 
54.572300, -115.522900, 0.033000 
52.322100, -113.516600, 0.001000 
51.534800, -114.203700, 1.989000 
55.725100, -119.399900, 0.001000 
51.191300, -113.940900, 0.100000 
50.982200, -113.974200, 0.001000 
53.570000, -113.611400, 0.003000 
53.795900, -113.099600, 0.238000 
53.804200, -113.082400, 1.047000 
53.541700, -113.391700, 0.409000 
54.524700, -116.794300, 4.654000 
53.550500, -113.358900, 0.379000 
58.555500, -118.915900, 0.100000 
51.526000, -113.880000, 0.100000 
53.495200, -113.444900, 0.158000 
53.498700, -113.383100, 0.002000 
53.027300, -112.806300, 0.100000 
59.641800, -118.307800, 2.590000 
53.737500, -113.149000, 0.321000 
52.942400, -113.511100, 134.117000 
50.999900, -113.991000, 0.001000 
54.285000, -115.698200, 0.089000 
