53.733200, -113.175000, 0.050000 
53.288500, -110.018300, 0.308000 
52.146300, -115.330000, 3.980000 
53.048100, -113.921000, 4.488000 
50.747700, -114.494700, 0.459000 
54.952700, -119.195300, 4.466000 
53.952700, -113.078000, 0.353000 
54.572300, -115.522900, 0.350000 
54.596400, -110.395000, 0.494000 
55.335900, -119.223000, 0.067000 
50.647500, -113.772000, 0.114000 
54.194400, -116.632200, 1.629000 
53.546800, -113.734800, 0.150000 
53.245000, -115.674300, 0.375000 
55.358300, -114.617200, 0.044000 
53.746900, -113.164500, 0.904000 
52.496000, -114.988000, 0.856000 
52.959300, -115.893800, 1.274000 
51.637200, -112.866000, 1.447000 
52.776100, -115.660700, 1.073000 
52.758100, -114.111600, 1.095000 
52.226300, -115.177000, 2.424000 
51.534800, -114.203700, 3.476000 
55.725100, -119.399900, 2.336000 
52.308300, -113.550000, 0.227000 
51.191300, -113.940900, 5.139000 
49.305200, -114.000300, 1.470000 
51.965500, -114.753600, 1.865000 
56.380600, -116.795000, 0.116000 
53.652000, -116.099200, 2.223000 
54.423300, -117.760400, 6.999000 
57.003300, -111.466100, 196.086000 
57.040500, -111.619200, 209.405000 
50.982200, -113.974200, 0.073000 
53.570000, -113.611400, 0.293000 
51.570800, -114.851700, 0.484000 
53.795900, -113.099600, 3.073000 
53.804200, -113.082400, 0.926000 
53.559400, -113.597500, 0.138000 
53.541700, -113.391700, 7.643000 
53.181200, -115.762500, 0.952000 
54.833300, -118.646700, 1.224000 
54.524700, -116.794300, 1.168000 
52.553700, -111.694000, 0.186000 
53.204500, -116.811200, 1.733000 
53.550500, -113.358900, 22.775000 
51.915300, -113.578100, 0.591000 
58.555500, -118.915900, 1.093000 
51.526000, -113.880000, 3.356000 
51.696900, -114.475000, 2.090000 
54.772900, -110.579000, 2.549000 
54.185400, -116.210400, 0.575000 
53.757500, -113.149900, 0.196000 
54.427200, -116.884300, 1.622000 
55.913200, -115.150400, 0.033000 
52.035300, -115.137700, 2.802000 
54.510900, -115.511700, 0.737000 
53.504000, -113.450200, 1.903000 
53.319300, -113.518000, 2.138000 
55.481900, -119.059200, 0.069000 
55.041500, -119.631000, 0.320000 
49.628100, -114.571900, 0.097000 
57.546300, -119.112600, 0.369000 
55.040000, -115.475800, 0.081000 
53.250200, -115.555500, 0.173000 
55.489100, -119.750800, 0.059000 
53.581600, -113.599100, 0.100000 
53.571290, -113.355400, 0.967000 
53.557500, -116.547200, 0.396000 
53.817200, -113.133600, 0.114000 
53.498700, -113.383100, 0.152000 
51.000700, -113.965670, 1.317000 
53.950900, -113.088100, 0.022000 
53.670500, -115.762200, 0.261000 
51.010160, -113.964210, 1.255000 
51.376000, -113.949200, 0.050000 
55.199400, -116.221900, 0.024000 
53.902300, -115.189300, 1.725000 
53.740700, -113.023100, 1.112000 
52.228400, -114.397700, 1.069000 
53.550690, -113.349600, 11.191000 
52.674300, -111.311600, 0.543000 
57.298900, -111.503300, 26.368000 
53.286400, -110.017800, 0.011000 
52.656700, -111.311900, 0.012000 
54.420500, -110.213100, 0.072000 
52.869000, -115.101000, 0.086000 
52.904700, -115.324700, 0.219000 
55.069600, -110.536100, 1.542000 
53.373100, -116.086000, 0.502000 
57.351700, -111.522200, 14.270000 
50.959200, -113.981200, 1.364000 
53.527200, -113.354800, 1.849000 
53.544400, -113.366200, 0.321000 
53.543100, -117.797900, 0.329000 
50.963600, -113.976680, 5.327000 
53.530040, -113.402010, 5.674000 
53.282300, -113.542000, 0.002000 
57.590100, -117.531700, 0.350000 
53.159500, -114.902800, 0.348000 
53.388600, -115.315800, 0.429000 
56.215000, -110.968100, 0.178000 
59.641800, -118.307800, 0.636000 
50.994100, -113.958300, 42.160000 
53.499900, -113.418000, 1.459000 
51.086830, -114.043150, 0.430000 
53.281500, -113.539000, 0.004000 
53.288900, -110.012000, 2.830000 
55.373190, -114.747800, 83.594000 
53.596200, -113.332100, 3.564000 
53.566800, -113.365000, 0.716000 
52.639900, -111.273500, 0.381000 
54.285000, -115.698200, 0.752000 
