53.288500, -110.018300, 0.326000 
53.048100, -113.921000, 3.498000 
50.747700, -114.494700, 1.350000 
54.952700, -119.195300, 1.005000 
53.952700, -113.078000, 0.595000 
54.572300, -115.522900, 0.564000 
54.596400, -110.395000, 0.244000 
50.647500, -113.772000, 0.009000 
54.194400, -116.632200, 0.768000 
53.546800, -113.734800, 0.250000 
53.245000, -115.674300, 0.480000 
55.358300, -114.617200, 0.076000 
53.746900, -113.164500, 2.964000 
52.959300, -115.893800, 1.330000 
51.637200, -112.866000, 0.557000 
52.776100, -115.660700, 0.759000 
52.758100, -114.111600, 2.533000 
52.226300, -115.177000, 1.991000 
51.534800, -114.203700, 0.189000 
55.725100, -119.399900, 1.434000 
51.191300, -113.940900, 2.798000 
49.305200, -114.000300, 1.551000 
51.965500, -114.753600, 0.871000 
53.652000, -116.099200, 1.187000 
54.423300, -117.760400, 1.138000 
57.003300, -111.466100, 241.247000 
57.040500, -111.619200, 56.673000 
51.570800, -114.851700, 0.155000 
53.795900, -113.099600, 0.170000 
53.541700, -113.391700, 0.611000 
53.181200, -115.762500, 0.893000 
54.833300, -118.646700, 1.360000 
54.524700, -116.794300, 1.110000 
52.553700, -111.694000, 0.934000 
53.550500, -113.358900, 2.050000 
51.915300, -113.578100, 0.291000 
58.555500, -118.915900, 0.370000 
51.526000, -113.880000, 0.741000 
51.696900, -114.475000, 0.454000 
54.772900, -110.579000, 0.280000 
54.185400, -116.210400, 0.190000 
54.427200, -116.884300, 1.340000 
53.132300, -115.981700, 0.065000 
52.035300, -115.137700, 1.123000 
54.510900, -115.511700, 0.820000 
51.078650, -114.017660, 4.200000 
57.546300, -119.112600, 0.195000 
53.250200, -115.555500, 0.160000 
53.817200, -113.133600, 0.268000 
53.670500, -115.762200, 0.072000 
53.902300, -115.189300, 0.903000 
52.228400, -114.397700, 0.828000 
53.550690, -113.349600, 2.900000 
52.674300, -111.311600, 0.298000 
57.351700, -111.522200, 2.321000 
53.530040, -113.402010, 1.980000 
57.590100, -117.531700, 0.013000 
53.159500, -114.902800, 0.713000 
53.388600, -115.315800, 0.492000 
50.336800, -111.169800, 0.158000 
59.641800, -118.307800, 0.053000 
54.285000, -115.698200, 2.131000 
