53.733200, -113.175000, 0.188000 
53.288500, -110.018300, 1.487000 
53.048100, -113.921000, 30.224000 
50.747700, -114.494700, 7.388000 
54.952700, -119.195300, 3.102000 
53.952700, -113.078000, 5.321000 
54.572300, -115.522900, 1.246000 
54.596400, -110.395000, 77.365000 
50.647500, -113.772000, 0.013000 
54.194400, -116.632200, 3.549000 
53.546800, -113.734800, 2.320000 
53.245000, -115.674300, 2.197000 
55.358300, -114.617200, 0.798000 
53.746900, -113.164500, 13.795000 
51.742300, -114.134500, 1.437000 
52.496000, -114.988000, 3.943000 
52.959300, -115.893800, 7.870000 
51.637200, -112.866000, 0.503000 
52.776100, -115.660700, 3.714000 
52.758100, -114.111600, 17.642000 
52.226300, -115.177000, 9.822000 
51.534800, -114.203700, 4.134000 
55.725100, -119.399900, 5.460000 
52.308300, -113.550000, 4.691000 
49.713599, -112.796397, 0.317000 
51.191300, -113.940900, 8.690000 
51.965500, -114.753600, 4.166000 
56.380600, -116.795000, 0.001000 
53.652000, -116.099200, 3.988000 
54.423300, -117.760400, 1.511000 
57.003300, -111.466100, 37.691000 
57.040500, -111.619200, 111.063000 
50.982200, -113.974200, 0.331000 
51.570800, -114.851700, 0.257000 
53.795900, -113.099600, 4.134000 
53.541700, -113.391700, 9.635000 
53.181200, -115.762500, 1.160000 
54.833300, -118.646700, 2.978000 
54.524700, -116.794300, 13.963000 
52.553700, -111.694000, 0.816000 
54.130900, -115.546700, 3.114000 
53.550500, -113.358900, 17.674000 
51.915300, -113.578100, 4.455000 
58.555500, -118.915900, 6.297000 
51.526000, -113.880000, 21.768000 
51.696900, -114.475000, 10.647000 
54.772900, -110.579000, 26.468000 
54.185400, -116.210400, 3.570000 
51.400100, -114.034300, 1.951000 
54.427200, -116.884300, 4.172000 
55.913200, -115.150400, 0.354000 
52.035300, -115.137700, 0.488000 
53.728270, -113.235520, 61.522000 
54.510900, -115.511700, 3.340000 
53.283800, -110.031900, 136.566000 
53.319300, -113.518000, 1.915000 
49.701943, -112.803037, 293.192000 
55.041500, -119.631000, 0.104000 
49.628100, -114.571900, 0.702000 
57.546300, -119.112600, 2.570000 
53.250200, -115.555500, 6.072000 
55.489100, -119.750800, 0.009000 
51.222500, -114.495600, 0.568000 
53.557500, -116.547200, 0.082000 
53.817200, -113.133600, 2.193000 
53.670500, -115.762200, 0.139000 
51.010160, -113.964210, 3.433000 
55.074200, -117.274200, 3.799000 
55.199400, -116.221900, 0.007000 
55.993500, -113.480500, 1.672000 
53.902300, -115.189300, 4.145000 
53.740700, -113.023100, 12.701000 
52.228400, -114.397700, 3.681000 
53.550690, -113.349600, 14.950000 
52.674300, -111.311600, 1.623000 
50.269600, -112.893800, 0.015000 
52.869000, -115.101000, 0.048000 
50.671900, -110.028900, 1.149000 
52.904700, -115.324700, 1.470000 
53.373100, -116.086000, 3.648000 
57.351700, -111.522200, 652.231000 
50.959200, -113.981200, 2.114000 
53.527200, -113.354800, 2.672000 
53.544400, -113.366200, 12.275000 
56.981400, -111.475800, 18.100000 
53.543100, -117.797900, 13.837000 
52.588100, -111.206100, 1.685000 
55.393100, -110.738300, 0.255000 
57.054200, -111.917200, 5.659000 
50.963600, -113.976680, 9.091000 
53.530040, -113.402010, 10.944000 
55.309200, -119.205800, 0.002000 
53.574200, -116.646900, 0.001600 
53.866900, -110.644900, 1.390000 
54.974300, -117.285800, 0.002000 
53.388600, -115.315800, 2.762000 
56.215000, -110.968100, 1.191000 
50.336800, -111.169800, 0.102000 
59.641800, -118.307800, 0.949000 
52.963700, -111.364700, 1.296000 
49.449200, -111.616700, 2.180000 
49.372800, -110.672500, 0.113000 
53.288900, -110.012000, 0.010000 
50.518000, -111.728000, 0.002000 
53.579500, -113.316800, 0.254000 
53.566800, -113.365000, 23.848000 
52.639900, -111.273500, 17.686000 
54.285000, -115.698200, 6.366000 
