55.996700, -118.533600, 798.929000 
53.539700, -113.409200, 381.900000 
56.377200, -117.175600, 890.364000 
53.833100, -113.108900, 17.250000 
53.344000, -114.305000, 14257.820000 
53.733200, -113.175000, 2235.605000 
53.288500, -110.018300, 105.962000 
52.146300, -115.330000, 582.300000 
53.048100, -113.921000, 2900.100000 
50.747700, -114.494700, 486.231000 
53.354600, -113.715000, 42.288000 
54.952700, -119.195300, 701.447000 
53.421300, -113.904400, 84.850000 
53.952700, -113.078000, 274.646000 
54.572300, -115.522900, 980.070000 
54.596400, -110.395000, 5854.163000 
55.335900, -119.223000, 25.520000 
50.647500, -113.772000, 31.370000 
54.194400, -116.632200, 552.200000 
53.245000, -115.674300, 221.870000 
55.358300, -114.617200, 277.460000 
53.746900, -113.164500, 40.930000 
53.718500, -113.183000, 0.130000 
54.144400, -115.691700, 44.733000 
49.789400, -112.126100, 100.300000 
54.179100, -115.806000, 46.226000 
52.564700, -112.141400, 9624.681000 
51.531700, -111.786100, 12002.452000 
54.007100, -119.104000, 1970.000000 
54.775000, -115.218600, 12.213000 
51.742300, -114.134500, 416.710000 
52.496000, -114.988000, 353.394000 
50.675600, -110.025000, 35.302000 
53.529100, -113.387500, 150.299000 
53.572500, -113.360600, 716.964000 
52.322100, -113.516600, 31.899000 
53.571700, -113.349800, 157.200000 
52.959300, -115.893800, 892.780000 
52.463000, -114.346500, 460.130000 
51.637200, -112.866000, 253.950000 
52.776100, -115.660700, 212.460000 
52.758100, -114.111600, 915.320000 
52.226300, -115.177000, 531.670000 
51.534800, -114.203700, 230.000000 
58.500000, -119.416700, 41.830000 
53.089200, -116.805900, 110.600000 
52.940400, -114.832300, 386.142000 
55.725100, -119.399900, 272.300000 
52.308300, -113.550000, 2469.369000 
49.713599, -112.796397, 17.650000 
51.191300, -113.940900, 1296.115000 
53.733200, -113.486200, 1.462000 
49.305200, -114.000300, 478.222000 
51.039600, -114.559000, 319.000000 
51.965500, -114.753600, 184.357000 
56.380600, -116.795000, 157.927000 
53.722900, -113.174000, 1.600000 
53.721700, -113.191700, 2553.647000 
53.841600, -113.097900, 1112.340000 
53.652000, -116.099200, 55.986000 
54.423300, -117.760400, 735.557000 
57.003300, -111.466100, 9990.100000 
57.040500, -111.619200, 14617.300000 
53.560000, -114.486200, 4146.190000 
53.508500, -114.557100, 23071.180000 
53.448700, -114.449100, 11736.000000 
52.385800, -113.595000, 15.685000 
50.989700, -113.993800, 12.642000 
51.181625, -114.472100, 4.008000 
51.022770, -114.027660, 41.739000 
52.033030, -113.938910, 43.801000 
53.227700, -114.988900, 134.100000 
53.593060, -116.390300, 99.200000 
55.269500, -114.598300, 49.450000 
51.570800, -114.851700, 44.179000 
55.070600, -118.688800, 0.397000 
50.846700, -113.581170, 324.200000 
55.071200, -118.691200, 924.931000 
53.795900, -113.099600, 870.722000 
53.804200, -113.082400, 380.470000 
53.413300, -117.570600, 932.280000 
50.845800, -113.586700, 1259.000000 
53.727300, -113.087100, 8.656000 
53.541700, -113.391700, 1817.406000 
53.181200, -115.762500, 347.027000 
51.219500, -114.645400, 414.126000 
50.805300, -110.034900, 1698.000000 
54.833300, -118.646700, 127.095000 
54.524700, -116.794300, 829.604000 
52.553700, -111.694000, 108.439000 
54.130900, -115.546700, 247.436000 
53.204500, -116.811200, 106.967000 
51.086700, -114.008800, 21.690000 
50.086600, -110.716700, 2263.844000 
53.550500, -113.358900, 1907.300000 
51.915300, -113.578100, 263.246000 
51.526000, -113.880000, 184.164000 
51.696900, -114.475000, 1115.260000 
55.248100, -114.514000, 46.820000 
53.531993, -113.364925, 461.220000 
54.772900, -110.579000, 2812.117000 
54.185400, -116.210400, 719.590000 
51.400100, -114.034300, 487.336000 
53.757500, -113.149900, 51.092000 
51.984500, -114.743800, 21.882000 
51.926500, -114.542700, 107.474000 
54.427200, -116.884300, 727.700000 
53.132300, -115.981700, 73.654000 
55.913200, -115.150400, 381.702000 
52.035300, -115.137700, 228.584000 
54.510900, -115.511700, 1139.000000 
53.283800, -110.031900, 48.970000 
50.061200, -110.723000, 35.910000 
55.481900, -119.059200, 33.750000 
54.238200, -115.379700, 306.500000 
53.725400, -113.193000, 840.580000 
55.029800, -118.744000, 348.400000 
55.041500, -119.631000, 460.170000 
49.628100, -114.571900, 57.764000 
57.546300, -119.112600, 99.850000 
54.588800, -115.862500, 51.165000 
55.040000, -115.475800, 363.899000 
50.597600, -111.881800, 39.540000 
50.583700, -113.871100, 54.205000 
53.250200, -115.555500, 158.199000 
55.489100, -119.750800, 333.250000 
53.581600, -113.599100, 1430.853000 
55.876700, -119.301100, 109.800000 
51.222500, -114.495600, 696.800000 
55.432500, -116.486000, 65.790000 
53.557500, -116.547200, 541.860000 
59.063100, -118.875700, 212.625000 
53.817200, -113.133600, 23.612000 
51.058900, -115.174500, 3689.000000 
52.327100, -112.718300, 1484.700000 
56.904200, -117.633600, 28.600000 
53.670500, -115.762200, 244.410000 
53.723500, -113.173800, 91.425000 
53.908300, -118.816700, 22.510000 
50.058200, -110.728200, 706.550000 
54.133300, -115.366600, 31.572000 
57.218000, -111.027000, 24.930000 
55.074200, -117.274200, 101.059000 
55.268600, -114.584700, 17.331000 
58.194700, -116.350400, 18.240000 
55.199400, -116.221900, 193.390000 
55.993500, -113.480500, 37.281000 
53.799100, -113.080700, 172.984000 
58.518800, -117.119500, 133.940000 
54.139800, -115.689100, 10.305000 
54.587200, -112.803100, 10.610000 
58.501200, -117.145600, 4.500000 
53.902300, -115.189300, 43.060000 
53.740700, -113.023100, 855.360000 
52.212400, -113.843700, 59.522000 
52.228400, -114.397700, 247.940000 
51.189400, -113.937800, 150.404000 
52.766100, -114.285600, 34.137000 
53.863100, -113.393900, 19.800000 
53.593600, -113.335600, 70.220000 
57.298900, -111.503300, 630.624000 
49.797800, -113.043600, 9.890000 
53.345800, -111.251900, 19.670000 
50.040920, -110.721904, 819.246000 
50.664700, -113.784200, 18.710000 
50.443600, -110.882500, 21.230000 
49.801900, -113.104700, 62.030000 
49.677359, -112.862698, 3.883000 
53.608100, -111.264400, 8.730000 
53.622800, -115.869400, 17.370000 
50.269600, -112.893800, 337.660000 
53.652200, -113.716400, 17.190000 
54.846700, -112.567500, 94.920000 
55.706400, -118.772800, 4.830000 
54.926900, -111.936100, 75.829000 
52.308300, -113.550000, 473.880000 
58.447100, -119.238300, 298.095000 
58.460300, -115.238300, 229.400000 
53.402700, -117.599300, 72.270000 
50.577200, -111.178100, 134.510000 
52.869000, -115.101000, 97.660000 
50.671900, -110.028900, 63.467000 
52.904700, -115.324700, 40.310000 
55.582700, -110.888800, 27.310000 
53.091100, -111.768600, 722.630000 
55.069600, -110.536100, 302.770000 
53.373100, -116.086000, 191.560000 
51.006900, -113.192800, 212.900000 
57.351700, -111.522200, 468.610000 
53.519600, -113.529000, 156.534000 
51.024500, -114.025000, 32.800000 
52.315900, -113.850000, 70.208000 
50.847000, -113.591000, 171.368000 
53.819400, -113.141900, 92.991000 
51.316900, -113.390300, 107.939000 
54.043500, -117.420000, 259.259000 
49.975700, -114.130000, 113.112000 
50.817600, -110.448000, 59.624000 
55.125900, -117.838000, 174.023000 
52.058000, -114.908000, 327.524000 
57.879100, -118.418300, 27.808000 
54.288500, -116.978000, 134.593000 
54.829600, -118.647000, 314.231000 
54.402000, -112.553000, 25.725000 
57.361200, -119.754000, 95.875000 
51.099300, -112.639000, 314.162000 
53.960200, -116.460000, 176.861000 
54.483500, -118.100000, 155.604000 
57.188000, -118.248900, 77.635000 
52.719000, -115.708000, 29.391000 
55.450900, -113.923000, 54.115000 
50.697800, -111.531000, 667.542000 
50.704600, -110.844000, 379.475000 
55.814900, -119.365000, 38.255000 
51.943400, -114.736000, 494.259000 
54.094600, -112.306000, 31.190000 
53.470500, -116.496100, 124.518000 
50.693800, -114.330000, 207.196000 
52.355300, -115.332000, 231.878000 
52.755200, -110.747000, 60.016000 
51.444300, -114.527000, 119.696000 
53.244500, -116.238000, 274.242000 
51.015020, -114.026480, 42.069000 
51.068200, -115.136400, 582.663000 
53.862700, -110.639000, 26.000000 
52.479300, -115.206900, 149.933000 
53.537900, -117.085900, 21.108000 
53.431000, -117.540600, 1.052000 
53.010600, -112.810000, 1.479000 
52.255700, -113.886000, 1.992000 
53.645100, -114.130200, 4.222000 
51.407800, -113.668300, 233.671000 
50.963300, -112.288300, 240.622000 
50.676800, -110.018000, 42.233000 
50.701100, -111.095600, 241.462000 
53.066500, -117.404800, 44.080000 
54.293100, -116.188300, 208.640000 
53.826700, -113.603300, 99.705000 
53.039700, -111.220000, 88.233000 
55.866700, -119.596700, 176.568000 
54.839400, -118.658900, 88.943000 
54.285600, -115.711100, 51.107000 
54.140000, -115.553900, 53.912000 
51.065300, -115.221100, 7.593000 
54.938200, -114.342200, 70.020000 
53.501040, -113.489732, 45.567000 
52.375200, -114.921600, 24.327000 
51.052000, -114.010500, 1.581000 
49.725300, -112.790000, 0.813000 
55.969400, -117.575600, 144.050000 
52.412900, -114.407600, 53.750000 
55.964900, -117.593500, 61.180000 
53.284200, -110.012400, 22.710000 
54.512600, -111.824500, 139.320000 
53.999800, -114.445300, 66.190000 
53.691700, -113.614400, 47.710000 
53.109200, -114.981300, 66.490000 
52.752900, -114.445400, 95.333000 
53.472200, -115.100000, 83.100000 
55.480300, -118.952000, 47.150000 
51.890100, -114.495200, 84.226000 
52.119300, -114.684100, 74.590000 
52.046500, -114.588800, 222.284000 
52.126500, -114.650500, 55.975000 
52.122900, -114.403800, 61.520000 
52.581200, -113.971000, 148.182000 
52.450100, -113.682100, 39.979000 
52.453700, -113.634100, 21.135000 
53.740300, -116.622700, 87.663000 
53.937900, -116.660900, 45.386000 
53.767000, -116.751200, 44.406000 
51.878900, -114.666100, 56.086000 
51.813700, -114.536800, 46.428000 
53.006800, -110.995000, 137.670000 
50.194700, -110.479700, 416.250000 
50.187500, -110.476900, 47.830000 
50.205800, -110.476900, 43.020000 
52.246500, -112.444500, 34.690000 
53.601900, -111.628700, 35.770000 
53.057500, -111.097200, 52.300000 
53.152300, -111.076600, 52.780000 
50.751500, -113.079900, 45.100000 
50.716700, -112.983300, 86.350000 
55.141900, -118.464400, 22.388000 
54.560100, -111.770600, 144.480000 
52.843200, -111.722800, 238.850000 
52.970400, -111.689500, 46.360000 
53.607000, -112.592700, 149.470000 
53.537900, -111.785100, 409.610000 
53.635900, -112.019200, 148.620000 
55.931200, -112.047000, 127.120000 
54.687300, -111.944600, 87.210000 
54.658200, -111.622300, 47.420000 
51.209800, -110.161100, 177.840000 
51.213400, -110.336100, 25.790000 
52.308200, -114.096500, 80.460000 
52.322800, -114.020800, 51.940000 
51.649800, -110.187200, 249.630000 
52.083200, -112.207800, 21.410000 
52.926800, -111.889500, 197.370000 
52.923100, -111.882500, 27.910000 
51.770100, -111.422000, 128.010000 
51.791700, -111.536400, 165.400000 
52.555700, -111.805300, 163.540000 
52.402900, -111.844500, 30.190000 
56.036800, -113.782500, 191.830000 
52.402900, -111.736200, 218.350000 
55.644000, -114.659700, 592.000000 
55.513100, -113.475000, 218.350000 
55.858700, -113.841400, 203.270000 
54.897200, -117.708800, 309.540000 
54.218200, -110.712000, 71.830000 
54.101800, -114.292500, 378.130000 
55.225700, -114.493000, 158.070000 
55.247500, -116.641600, 264.300000 
55.203600, -116.615600, 13.030000 
54.359600, -116.152900, 36.160000 
54.116200, -114.856400, 21.480000 
54.229000, -110.348600, 45.450000 
54.432500, -110.306400, 36.200000 
54.210700, -110.241900, 75.970000 
54.174300, -110.298300, 48.430000 
54.243400, -110.762300, 31.090000 
54.141800, -110.925300, 13.560000 
54.025400, -110.681200, 197.840000 
54.056020, -110.357560, 39.760000 
54.113300, -110.564600, 41.110000 
54.221800, -110.584200, 3.240000 
54.062600, -110.292200, 53.070000 
54.105400, -113.442700, 36.570000 
54.479800, -110.332600, 30.550000 
53.277900, -110.034300, 73.360000 
53.883400, -110.041100, 408.140000 
53.821500, -110.035000, 13.850000 
50.227500, -113.548200, 95.340000 
50.937000, -113.292700, 8.330000 
50.904300, -113.308500, 48.320000 
50.242200, -113.617100, 78.900000 
50.231100, -113.519600, 20.170000 
50.151100, -113.562100, 14.680000 
49.088900, -112.582300, 13.960000 
52.912000, -110.682700, 22.460000 
52.908400, -112.435300, 81.600000 
53.155900, -112.326700, 450.180000 
53.072300, -112.400100, 48.580000 
52.366800, -112.136500, 33.880000 
54.298200, -112.824300, 81.490000 
56.204300, -111.715600, 62.440000 
56.091500, -111.817800, 73.180000 
56.055900, -111.830900, 18.750000 
55.991165, -112.032320, 122.250000 
55.869500, -112.001200, 52.260000 
55.924000, -111.896500, 57.370000 
55.873200, -112.145400, 96.560000 
52.923200, -115.107500, 334.150000 
52.779800, -113.629900, 188.840000 
52.774000, -113.520700, 116.450000 
52.719300, -113.617900, 110.440000 
52.861200, -113.539100, 6.030000 
52.857600, -113.320700, 29.590000 
53.345100, -114.743600, 189.810000 
52.908400, -115.174200, 20.480000 
52.872000, -113.629900, 149.330000 
52.868400, -113.666300, 73.450000 
52.734000, -113.162900, 207.890000 
52.104500, -113.077400, 125.520000 
52.592000, -113.967900, 90.720000 
52.322800, -114.020800, 272.760000 
52.373700, -114.076000, 80.590000 
58.568700, -119.201500, 218.662000 
55.985900, -119.955800, 97.180000 
54.138100, -111.908300, 179.529000 
53.890700, -117.354000, 198.506000 
53.643300, -111.426700, 245.998000 
53.862200, -111.637100, 200.206000 
50.198300, -112.119200, 51.427000 
55.887600, -116.459900, 40.245000 
55.728600, -119.775000, 38.068000 
53.850600, -112.190600, 48.601000 
55.396400, -119.599700, 178.996000 
50.100300, -111.988100, 32.472000 
53.796100, -111.941900, 25.731000 
51.540900, -114.103800, 145.710000 
55.483900, -118.970000, 73.010000 
54.392500, -117.069000, 39.428000 
54.203300, -116.848300, 124.911000 
53.766900, -112.203100, 210.026000 
50.129400, -111.908400, 232.711000 
52.244400, -114.735500, 16.357000 
53.977100, -117.285100, 133.922000 
52.621200, -114.827900, 74.640000 
54.003900, -111.817000, 70.449000 
55.720300, -119.406100, 379.505000 
54.494400, -115.957600, 99.365000 
53.927000, -114.376900, 24.188000 
54.650900, -114.528900, 91.578000 
54.338200, -114.060400, 160.908000 
55.913200, -114.482200, 96.127000 
54.078900, -113.346000, 36.785000 
54.221700, -112.905000, 40.003000 
54.403300, -112.528900, 24.795000 
54.443600, -112.583200, 110.395000 
53.952600, -112.390400, 135.191000 
54.068900, -112.184200, 48.066000 
54.206900, -112.409700, 25.288000 
54.545300, -112.670600, 64.751000 
54.530800, -112.920000, 58.975000 
53.908900, -113.172500, 91.047000 
55.116400, -116.712300, 29.756000 
58.943200, -118.916800, 45.445000 
58.975900, -119.118700, 88.218000 
59.165100, -118.725800, 443.059000 
59.117900, -118.654500, 312.315000 
58.997900, -118.797500, 181.546000 
59.005100, -119.033200, 92.797000 
59.219800, -119.268700, 173.357000 
59.095900, -118.576100, 132.378000 
57.364000, -119.763000, 110.100000 
57.360000, -119.749000, 63.871000 
57.368100, -119.729400, 62.934000 
57.382500, -119.778400, 322.971000 
57.318100, -119.860100, 112.031000 
52.632000, -112.945400, 265.255000 
52.746800, -112.988000, 407.127000 
52.588400, -113.161800, 70.228000 
52.144400, -115.535000, 29.895000 
52.180900, -112.647600, 188.601000 
52.198500, -112.638000, 55.389000 
52.166400, -112.658600, 58.649000 
52.549700, -112.579400, 56.453000 
51.893700, -114.400400, 285.650000 
52.402900, -114.707700, 215.200000 
52.480900, -114.870200, 190.385000 
52.395700, -115.188900, 23.039000 
52.199300, -114.564900, 36.549000 
52.544800, -114.641600, 84.413000 
52.319300, -111.477600, 298.800000 
52.235700, -111.788100, 274.829000 
52.220900, -111.937300, 266.354000 
51.955400, -111.845300, 289.955000 
52.326500, -111.128600, 117.566000 
52.319200, -111.350300, 26.897000 
51.977300, -111.173400, 154.896000 
52.064500, -111.298700, 169.751000 
52.446500, -111.272700, 191.851000 
52.515700, -113.173800, 1257.482000 
52.450100, -113.167900, 41.616000 
49.871100, -112.913700, 42.482000 
52.490000, -113.034400, 26.349000 
52.512000, -112.999300, 28.022000 
52.366500, -113.191800, 289.901000 
52.515700, -113.366300, 246.382000 
52.104400, -110.695000, 663.666000 
52.028200, -110.564700, 53.948000 
51.977300, -110.486900, 51.233000 
52.264500, -110.570500, 107.926000 
54.294500, -114.887800, 23.700000 
50.737400, -112.084900, 142.970000 
50.542200, -112.204700, 251.260000 
54.308900, -113.324700, 13.930000 
54.162500, -112.841800, 177.560000 
50.704300, -111.155300, 478.532000 
50.518700, -111.910900, 22.369000 
50.838700, -111.520100, 274.813000 
50.977000, -111.683100, 446.484000 
50.922300, -111.391500, 135.698000 
51.300700, -112.042600, 71.776000 
57.299000, -118.228900, 188.831000 
52.166500, -113.256300, 262.750000 
54.796400, -117.658000, 137.146000 
52.286500, -114.123200, 129.852000 
54.785300, -117.658000, 507.313000 
52.457600, -114.419100, 373.082000 
55.891100, -119.798600, 29.125000 
55.494700, -119.289500, 119.502000 
51.890100, -114.359100, 88.870000 
54.290800, -116.918700, 232.294000 
51.488700, -113.153900, 390.410000 
53.104800, -111.556500, 99.273000 
53.719800, -113.596300, 40.132000 
53.416800, -113.917700, 119.030000 
53.941500, -113.664600, 55.022000 
53.137600, -113.794100, 37.220000 
55.305700, -115.046100, 22.564000 
53.179500, -111.779500, 81.810000 
57.346400, -119.099000, 39.580000 
57.189700, -119.054800, 558.190000 
53.821500, -113.490400, 208.060000 
53.949000, -113.285400, 99.890000 
57.157300, -115.122000, 86.010000 
55.938600, -117.239400, 39.930000 
52.366500, -112.734900, 298.680000 
52.355700, -112.831000, 32.792000 
52.268400, -112.790700, 18.781000 
51.504500, -112.677300, 32.792000 
59.623400, -117.727200, 129.089000 
51.213400, -111.030000, 36.210000 
56.058600, -118.161700, 75.870000 
53.861500, -114.756100, 90.980000 
56.582500, -118.118100, 27.380000 
56.582500, -118.444700, 21.640000 
51.591800, -110.750000, 73.070000 
51.607100, -110.282400, 41.430000 
49.689200, -112.942000, 69.300000 
57.153300, -118.334500, 72.320000 
56.818900, -118.570000, 56.250000 
54.127000, -110.486500, 44.590000 
51.333400, -110.667500, 145.960000 
55.698300, -118.783300, 46.850000 
55.714100, -118.830400, 40.580000 
56.532000, -117.993000, 75.350000 
54.334500, -110.310900, 55.530000 
56.982800, -118.305800, 127.920000 
51.773700, -114.222900, 133.730000 
56.836900, -118.278100, 69.050000 
50.987900, -111.741500, 49.350000 
51.425100, -110.513800, 48.830000 
56.691400, -118.771700, 38.020000 
56.622500, -118.558100, 45.300000 
56.727900, -116.305700, 102.090000 
56.069400, -119.877200, 46.410000 
56.506100, -117.982800, 206.090000 
51.937300, -111.099200, 107.450000 
56.069400, -118.247000, 20.620000 
51.413400, -111.766500, 37.180000 
51.254200, -110.402700, 62.010000 
50.220300, -112.444200, 102.974000 
49.521900, -112.859000, 40.170000 
51.620900, -114.483500, 70.330000 
53.374300, -114.232100, 26.731000 
52.068200, -114.546800, 95.439000 
51.919000, -114.394600, 284.280000 
51.897200, -115.040200, 206.267000 
52.093600, -115.143800, 199.446000 
52.104400, -115.161600, 153.117000 
51.777200, -114.897900, 39.057000 
51.878900, -115.093200, 23.844000 
51.850000, -115.105200, 47.882000 
51.791700, -114.915700, 34.161000 
53.035800, -115.965300, 20.768000 
53.912600, -116.745100, 143.833000 
54.029000, -116.769800, 34.728000 
54.047000, -116.887900, 24.600000 
54.319700, -116.718100, 36.489000 
54.385300, -116.975100, 254.715000 
54.345300, -116.880900, 124.312000 
54.350500, -116.766800, 180.627000 
57.338900, -119.657100, 746.884000 
57.349400, -118.670600, 117.717000 
57.193700, -118.199700, 82.349000 
57.418900, -118.942600, 157.635000 
57.502800, -118.745700, 124.357000 
57.338900, -118.460000, 295.152000 
55.676800, -111.113700, 47.379000 
55.720400, -111.347300, 104.429000 
54.381800, -111.238700, 32.077000 
55.713800, -111.263100, 75.748000 
55.352900, -110.627800, 654.818000 
55.451200, -110.853100, 72.036000 
55.396500, -110.737300, 281.781000 
55.691200, -111.275900, 243.750000 
54.436200, -111.205100, 121.377000 
54.447300, -111.318700, 24.427000 
55.694100, -113.599400, 14.603000 
55.520400, -113.781100, 68.367000 
55.509300, -114.146900, 41.285000 
55.640400, -114.536400, 24.591000 
55.585600, -117.891600, 390.580000 
53.159500, -114.902800, 45.710000 
54.836400, -119.145800, 94.540000 
54.810800, -119.649700, 45.709000 
54.796400, -119.439200, 24.485000 
54.872800, -119.361100, 124.340000 
54.829200, -119.490000, 231.750000 
54.800000, -119.775600, 21.270000 
54.607200, -119.332000, 43.803000 
54.720000, -119.110600, 129.891000 
54.803600, -119.796400, 33.535000 
54.829200, -119.668600, 39.781000 
54.956400, -119.445600, 49.671000 
54.876400, -119.286100, 27.177000 
55.494700, -119.412800, 45.151000 
52.544800, -114.545200, 100.250000 
52.184500, -114.737900, 33.920000 
53.103200, -115.363400, 27.940000 
52.814000, -114.786000, 200.350000 
52.923200, -115.156100, 98.810000 
52.708400, -115.428900, 93.760000 
53.101200, -114.761900, 180.350000 
51.649800, -114.501300, 58.140000 
53.257600, -115.507800, 46.640000 
53.610600, -117.695900, 173.670000 
53.625000, -117.782300, 60.940000 
54.450800, -117.228100, 104.950000 
53.909800, -115.787800, 92.420000 
53.828700, -115.943000, 283.720000 
53.366700, -116.022500, 66.460000 
53.326800, -116.168000, 94.240000 
53.534300, -116.333900, 134.340000 
49.616400, -112.472000, 38.990000 
49.958300, -113.556600, 87.400000 
49.725600, -113.397600, 24.680000 
53.076000, -111.299800, 48.980000 
53.035900, -111.403600, 66.200000 
53.777900, -115.974200, 52.770000 
53.777900, -115.769200, 108.330000 
54.130700, -115.765300, 99.060000 
54.887200, -119.828100, 96.140000 
55.061900, -119.388100, 37.900000 
55.061900, -119.337000, 26.780000 
55.032800, -119.745000, 26.780000 
55.018300, -119.413600, 26.780000 
55.047200, -119.828100, 26.720000 
55.032800, -119.699200, 26.780000 
55.192700, -119.998300, 34.190000 
55.032800, -119.623900, 26.720000 
55.010800, -119.865000, 71.470000 
54.901900, -119.891700, 21.990000 
56.011400, -119.759500, 56.400000 
57.448200, -115.377300, 44.750000 
57.480800, -119.160100, 93.830000 
57.418900, -119.561200, 60.890000 
57.560800, -119.521200, 87.210000 
51.065100, -114.130500, 64.479000 
51.180450, -113.937280, 146.512000 
52.933900, -116.173600, 38.240000 
53.013900, -116.258600, 161.840000 
52.747000, -115.255600, 20.610000 
52.703800, -114.572500, 725.230000 
56.112800, -119.529000, 84.440000 
53.919700, -114.717800, 62.890000 
50.901600, -110.480800, 122.890000 
51.500600, -113.804400, 81.600000 
50.805800, -111.507500, 169.480000 
52.064400, -114.271400, 151.255000 
52.253600, -114.295300, 33.144000 
53.564700, -116.719200, 71.420000 
51.027000, -114.018600, 10.209000 
52.122900, -113.847000, 142.938000 
52.999100, -112.971000, 25.590000 
54.130600, -119.218900, 56.460000 
54.439300, -119.655000, 27.700000 
54.459900, -119.717000, 73.560000 
56.088100, -119.934800, 35.362000 
56.538600, -119.950600, 197.298000 
56.975500, -113.309600, 178.770000 
51.213300, -111.355600, 159.713000 
54.880400, -113.491800, 60.099000 
52.013600, -112.986700, 79.234000 
54.894400, -111.813900, 244.721000 
55.069400, -113.313900, 208.431000 
53.499300, -116.805300, 622.472000 
56.917300, -112.960700, 78.879000 
50.718600, -111.322200, 96.173000 
51.082500, -111.915600, 141.683000 
54.527200, -112.926100, 59.298000 
51.620800, -112.069400, 126.040000 
54.152500, -111.588600, 28.368000 
55.782200, -112.034400, 27.969000 
54.734400, -112.638900, 85.645000 
54.923600, -114.111400, 51.961000 
55.026700, -112.185100, 43.563000 
54.967700, -113.936500, 96.472000 
53.686900, -116.776400, 27.091000 
57.004500, -113.188600, 790.671000 
52.755600, -111.282200, 89.011000 
54.763600, -114.302800, 88.092000 
52.334100, -113.674200, 65.899000 
57.485900, -113.793100, 118.491000 
50.863600, -111.847200, 110.269000 
51.300800, -112.041700, 25.768000 
55.418300, -111.411700, 121.208000 
55.186400, -111.439100, 186.239000 
51.449700, -111.571700, 152.893000 
55.727500, -112.099200, 138.407000 
54.257200, -112.373600, 196.548000 
54.345300, -112.905000, 64.435000 
54.798600, -114.203400, 77.669000 
52.806100, -112.442400, 77.513000 
54.375200, -110.402100, 57.328000 
56.033100, -119.489400, 38.794000 
54.825800, -113.307300, 76.595000 
53.968000, -110.969200, 81.988000 
54.855000, -118.521900, 40.855000 
52.235800, -113.377700, 55.309000 
54.419600, -117.293100, 162.120000 
50.940600, -111.880600, 251.122000 
54.447400, -117.523700, 201.928000 
50.867800, -111.796900, 101.870000 
55.843900, -111.090000, 112.237000 
53.415200, -110.857100, 91.354000 
56.135000, -113.028300, 26.461000 
51.943400, -112.077500, 68.268000 
51.609700, -112.623300, 50.580000 
56.338600, -110.829200, 30.419000 
54.536100, -117.111400, 45.932000 
54.708900, -113.448100, 75.263000 
54.548100, -117.411400, 252.273000 
56.134800, -113.201300, 27.515000 
55.174700, -114.241100, 30.470000 
56.149400, -112.314700, 30.630000 
52.599200, -113.973100, 77.891000 
55.509200, -111.690300, 20.874000 
55.597300, -111.770600, 135.210000 
49.485000, -111.218200, 33.750000 
51.961400, -112.370000, 80.983000 
55.121400, -114.159100, 140.878000 
55.643900, -111.924200, 30.856000 
53.997000, -111.569200, 249.348000 
50.698800, -111.458000, 67.946000 
54.816000, -118.715600, 31.709000 
54.130600, -115.231400, 203.228000 
50.201900, -111.439700, 25.913000 
55.629400, -112.105800, 32.254000 
51.264200, -112.381900, 67.307000 
55.905800, -110.821700, 255.494000 
54.685600, -117.414400, 174.411000 
54.859700, -118.569200, 118.374000 
54.523500, -113.846300, 46.703000 
54.612500, -118.214300, 506.642000 
53.215900, -116.497000, 257.874000 
54.627100, -118.513200, 38.962000 
54.627000, -117.464200, 151.621000 
50.101700, -111.307800, 113.504000 
54.814400, -113.605600, 37.430000 
55.688200, -113.897000, 90.698000 
50.828700, -111.791400, 46.921000 
55.631500, -112.189600, 342.980000 
54.786400, -112.744200, 68.987000 
54.610700, -112.540200, 44.387000 
54.261700, -117.249400, 29.019000 
55.136500, -113.794500, 61.777000 
51.570600, -111.357100, 64.403000 
54.452400, -116.966400, 31.774000 
55.862600, -119.715000, 92.635000 
55.876700, -110.880600, 43.942000 
57.273600, -115.892500, 32.846000 
50.989600, -112.067900, 93.195000 
52.821100, -112.440600, 36.327000 
55.265600, -114.607800, 136.525000 
55.891800, -111.717900, 49.828000 
50.567300, -111.213500, 31.864000 
56.844200, -113.311100, 27.967000 
54.510600, -117.501800, 169.049000 
55.032800, -113.720300, 124.758000 
55.324600, -113.284900, 32.936000 
53.418900, -110.297400, 31.190000 
53.868700, -110.202400, 28.042000 
54.494400, -118.198900, 25.507000 
55.822600, -113.525900, 145.690000 
52.155600, -113.529700, 287.467000 
56.956900, -112.850800, 227.550000 
54.352500, -111.150000, 173.631000 
57.059400, -112.842800, 415.357000 
54.702500, -112.900400, 311.318000 
52.797900, -112.371400, 74.423000 
53.946900, -110.794600, 127.804000 
53.770600, -117.601400, 233.323000 
54.209200, -113.773700, 168.788000 
56.913500, -112.765900, 186.654000 
55.968000, -113.369300, 41.164000 
51.706400, -112.386200, 58.142000 
54.760400, -113.959500, 171.688000 
52.941900, -114.043400, 30.364000 
55.125000, -111.690600, 42.185000 
53.583000, -116.842000, 489.130000 
54.803600, -110.347500, 21.211000 
55.152800, -112.974700, 23.257000 
56.986100, -113.032800, 44.624000 
54.949200, -112.304700, 96.150000 
54.528700, -117.464200, 250.136000 
53.916400, -114.707900, 34.955000 
56.199000, -110.675100, 93.913000 
56.040300, -114.140600, 133.834000 
56.302200, -112.309400, 169.660000 
55.093800, -113.623700, 116.471000 
50.047200, -113.556900, 165.205000 
49.098600, -111.476400, 153.585000 
55.823000, -110.792300, 187.297000 
56.083300, -112.515100, 51.676000 
49.448100, -111.396900, 28.267000 
51.733100, -111.640300, 91.045000 
52.958300, -111.238400, 90.219000 
50.511400, -111.289400, 213.807000 
56.622700, -119.946500, 563.295000 
54.294400, -111.306700, 154.379000 
50.191900, -111.301800, 77.245000 
54.745300, -112.126900, 62.931000 
53.714300, -110.747300, 318.002000 
51.460600, -112.652800, 79.613000 
51.496900, -112.570600, 31.260000 
51.468800, -112.609800, 32.572000 
51.468100, -112.688100, 31.260000 
54.156100, -112.008600, 59.319000 
51.665300, -112.323200, 20.480000 
55.309200, -119.205800, 23.340000 
54.416000, -115.636200, 10.780000 
54.387000, -116.966700, 23.130000 
51.715300, -111.702200, 20.654000 
54.348900, -116.578900, 49.432000 
56.027200, -115.328300, 29.088000 
54.206700, -116.766700, 136.230000 
53.706600, -117.241000, 51.200000 
51.971600, -112.630300, 24.321000 
51.315900, -113.428500, 36.422000 
52.613900, -112.805800, 199.775000 
52.544700, -112.902200, 264.801000 
51.691800, -112.224000, 274.769000 
51.340600, -113.381400, 61.532000 
51.281700, -113.428000, 42.887000 
51.225200, -113.612600, 137.668000 
52.517600, -114.346500, 71.454000 
53.197300, -114.098200, 53.827000 
54.988000, -118.780000, 34.644000 
54.944400, -118.828100, 253.386000 
54.896300, -118.487000, 124.580000 
55.993100, -119.771100, 163.800000 
55.265600, -114.601400, 301.440000 
53.388600, -115.315800, 139.230000 
54.350500, -116.766800, 147.247000 
49.684600, -112.814600, 149.380000 
52.268500, -112.871100, 57.598000 
55.698000, -118.137100, 100.710000 
55.676700, -118.158900, 30.942000 
50.973000, -113.852900, 115.620000 
50.544700, -113.991300, 90.570000 
50.758400, -113.665400, 61.310000 
50.006500, -114.146000, 40.220000 
50.416300, -113.751900, 62.600000 
50.635800, -113.633400, 74.470000 
50.609400, -113.706700, 440.880000 
50.493100, -113.673600, 156.060000 
50.496700, -113.403600, 74.470000 
50.443500, -113.952200, 48.350000 
50.397600, -113.925500, 358.120000 
50.677900, -113.715700, 74.470000 
56.198300, -118.656300, 20.946000 
55.715500, -119.311000, 47.630000 
56.556900, -119.363900, 64.410000 
50.553600, -113.553000, 303.740000 
50.957700, -113.714500, 54.680000 
50.936300, -113.783200, 211.320000 
50.693100, -113.510000, 24.800000 
53.664100, -116.201800, 81.420000 
53.706600, -115.976300, 423.190000 
53.655600, -115.933200, 310.910000 
52.598500, -114.400200, 89.520000 
50.521800, -113.913200, 303.060000 
50.653300, -111.166100, 58.960000 
50.576700, -112.630300, 100.260000 
50.559400, -112.613000, 32.860000 
52.926700, -113.998900, 273.210000 
51.024500, -111.642800, 85.350000 
51.552500, -111.490600, 419.990000 
51.176900, -112.055300, 245.110000 
51.915100, -113.373700, 58.710000 
52.358000, -114.324100, 44.260000 
51.684400, -111.851300, 29.980000 
51.637100, -112.865800, 216.680000 
51.552600, -111.632500, 60.880000 
52.743400, -114.113400, 47.070000 
51.493300, -111.201400, 52.760000 
52.851400, -114.046900, 65.630000 
50.656900, -112.607200, 48.910000 
52.265500, -114.517800, 45.440000 
52.197100, -114.367700, 57.030000 
52.707000, -114.137500, 53.800000 
53.825000, -115.556700, 132.350000 
53.216900, -116.358700, 91.320000 
57.295300, -115.546100, 169.710000 
55.519900, -119.349500, 36.050000 
56.215000, -110.968100, 21.090000 
53.967700, -110.122400, 128.300000 
52.260500, -113.816600, 124.532000 
55.639400, -118.984300, 50.805000 
52.366300, -114.963000, 467.089000 
52.872800, -110.032400, 127.745000 
55.666900, -117.761600, 41.174000 
55.651800, -111.084400, 211.482000 
55.432800, -118.041700, 25.800000 
52.988300, -110.670000, 30.536000 
52.829600, -113.910900, 138.166000 
56.930900, -115.252200, 166.721000 
55.883900, -117.462000, 27.844000 
49.729200, -114.427200, 59.690000 
51.901800, -113.568700, 35.781000 
55.669900, -117.904200, 80.169000 
55.145600, -114.118900, 61.413000 
54.388400, -110.949300, 250.045000 
53.193400, -110.863100, 24.606000 
55.640300, -118.502800, 41.379000 
55.917500, -119.835200, 14.423000 
52.221100, -112.418700, 98.804000 
53.210800, -110.201900, 86.039000 
56.281800, -119.166800, 23.312000 
52.370000, -115.061700, 60.414000 
54.348900, -119.463300, 178.881000 
55.586800, -119.433800, 24.446000 
53.403100, -110.403600, 37.981000 
55.471000, -110.720700, 99.976000 
52.238900, -112.399300, 46.159000 
57.418900, -119.675000, 41.736000 
54.552500, -111.305300, 46.157000 
57.374300, -119.234900, 62.818000 
57.303800, -114.973000, 91.760000 
53.756800, -110.101300, 61.845000 
55.769300, -118.567800, 417.513000 
55.429200, -113.618100, 22.519000 
54.033400, -117.756900, 143.828000 
53.277000, -110.481000, 49.755000 
54.965100, -119.306800, 375.369000 
56.091600, -111.039700, 39.702000 
52.140800, -112.157200, 160.519000 
56.347100, -119.190500, 43.651000 
51.980900, -113.679200, 70.006000 
55.954200, -117.710800, 209.312000 
55.895000, -118.317500, 21.430000 
50.254700, -110.603200, 77.097000 
50.165300, -110.666200, 29.667000 
50.707600, -110.485200, 59.180000 
51.495900, -114.210100, 76.495000 
50.202700, -110.661300, 327.783000 
50.336700, -110.135000, 124.681000 
50.294200, -110.593500, 349.369000 
50.191100, -110.259400, 226.176000 
53.017500, -112.191400, 238.592000 
52.464700, -110.664400, 79.085000 
53.337800, -111.243900, 459.809000 
53.178600, -112.537000, 128.442000 
53.562800, -112.328500, 128.035000 
53.967600, -112.269100, 88.958000 
53.036000, -111.665600, 66.632000 
53.414200, -111.334200, 75.467000 
53.190300, -115.224000, 24.002000 
53.391400, -111.213900, 34.737000 
52.544700, -111.121700, 45.840000 
52.719200, -111.500600, 128.856000 
52.090700, -112.766700, 284.000000 
55.862200, -119.589200, 279.700000 
55.862200, -119.720300, 31.700000 
55.960400, -119.661700, 22.000000 
56.098600, -119.288100, 155.600000 
55.945800, -119.805300, 42.700000 
55.943900, -119.923100, 43.800000 
52.268400, -113.351800, 38.841000 
50.955100, -112.697800, 79.260000 
50.969800, -112.855100, 69.450000 
51.002300, -112.884200, 59.950000 
50.995000, -112.801700, 199.190000 
50.965900, -113.030200, 223.360000 
51.037000, -113.196300, 62.720000 
51.013400, -112.907600, 56.440000 
51.118700, -112.960100, 44.360000 
51.115100, -112.960100, 386.890000 
51.122600, -113.164300, 36.830000 
51.217000, -113.977700, 124.140000 
51.279000, -113.065200, 37.490000 
51.006200, -113.176000, 80.450000 
51.020700, -112.948400, 459.910000 
50.278300, -111.468400, 167.760000 
50.289400, -112.007500, 144.850000 
50.296700, -111.566200, 79.710000 
50.274700, -111.847600, 43.040000 
50.238300, -111.939500, 27.800000 
50.438700, -111.284800, 619.510000 
50.413200, -111.755900, 21.170000 
50.485900, -111.451200, 236.770000 
50.485900, -112.014200, 55.820000 
50.536800, -112.031500, 62.760000 
50.656800, -111.410100, 287.250000 
50.671500, -111.695300, 189.520000 
50.998700, -112.464500, 136.570000 
51.126200, -112.359500, 331.460000 
51.304300, -112.653700, 252.780000 
51.275400, -112.906500, 126.180000 
51.402400, -112.918100, 525.960000 
51.075100, -112.231200, 50.270000 
51.013400, -112.301200, 33.590000 
51.042300, -112.254500, 95.500000 
51.060700, -112.412000, 48.990000 
51.118700, -112.505300, 50.310000 
51.147800, -112.621100, 113.110000 
51.129700, -114.767900, 71.070000 
51.151500, -112.703700, 50.230000 
51.159000, -112.785100, 58.250000 
51.177600, -112.785100, 45.010000 
51.300700, -112.524500, 66.940000 
51.322600, -112.542000, 38.230000 
51.307900, -112.712600, 34.570000 
51.336900, -112.911400, 29.040000 
51.319000, -112.965100, 21.100000 
51.406200, -112.347600, 139.670000 
51.439000, -112.888700, 203.570000 
50.675000, -111.762200, 121.690000 
50.802300, -111.902000, 239.620000 
50.795100, -112.017800, 410.880000 
50.893400, -112.174000, 220.130000 
50.842300, -112.463400, 217.390000 
50.915100, -112.451700, 733.370000 
50.627900, -111.965600, 192.280000 
50.635100, -112.237600, 40.340000 
50.649500, -112.347600, 31.920000 
50.700700, -112.110300, 55.330000 
50.675000, -112.288900, 38.020000 
50.693200, -112.312800, 21.520000 
50.707900, -112.353400, 77.080000 
50.711500, -112.394000, 337.850000 
50.755100, -111.786200, 31.010000 
50.809500, -111.693700, 174.090000 
50.784300, -112.324500, 120.110000 
50.867900, -111.936700, 181.010000 
50.860700, -112.035100, 126.690000 
50.864300, -112.353400, 214.990000 
50.849500, -112.411200, 43.160000 
50.835100, -112.538700, 129.520000 
50.940700, -112.371200, 20.830000 
50.977000, -112.242800, 180.310000 
50.929800, -112.458700, 38.330000 
50.889400, -113.406800, 323.910000 
51.264300, -113.205200, 219.430000 
51.380700, -113.229600, 142.230000 
51.402600, -113.247400, 253.550000 
50.984300, -113.444300, 116.440000 
51.075100, -113.409300, 170.150000 
51.078700, -113.537700, 34.740000 
51.177000, -113.438500, 29.700000 
51.213400, -113.257700, 48.230000 
51.264300, -113.403500, 67.270000 
51.359000, -113.352900, 43.070000 
49.347200, -112.814200, 24.170000 
49.030800, -111.052700, 33.700000 
49.038100, -111.158900, 37.770000 
49.205300, -111.037700, 311.230000 
49.358100, -111.375000, 47.220000 
49.601900, -110.445000, 21.160000 
49.758300, -110.479100, 25.260000 
57.840900, -117.867800, 53.970000 
57.931900, -117.835000, 544.700000 
58.164800, -117.427500, 142.370000 
58.081200, -117.635600, 262.120000 
58.248400, -117.455300, 26.270000 
57.808400, -118.093900, 47.920000 
56.222300, -112.706800, 54.370000 
54.872900, -110.418400, 34.910000 
54.883700, -110.418400, 69.820000 
54.854500, -111.802000, 196.922000 
54.949300, -110.622600, 193.520000 
54.956500, -110.616200, 35.560000 
54.970900, -110.750100, 48.470000 
54.985700, -110.737300, 35.560000 
55.047300, -110.577800, 292.690000 
55.069300, -110.545900, 69.820000 
55.072900, -110.526700, 34.910000 
55.102000, -110.507600, 39.860000 
55.112900, -110.853100, 66.520000 
55.149300, -111.090900, 34.210000 
55.240100, -114.042800, 197.220000 
55.232900, -110.698700, 48.470000 
55.218400, -111.316200, 58.820000 
55.309300, -110.480100, 48.440000 
55.367600, -110.563700, 34.210000 
55.294800, -110.660100, 34.210000 
55.294800, -110.795100, 238.310000 
55.305700, -113.715500, 48.699000 
57.266800, -114.892000, 363.058000 
57.251800, -112.498500, 175.090000 
57.240900, -112.620700, 107.730000 
57.295400, -112.477900, 26.440000 
57.542900, -112.226600, 304.430000 
51.304300, -112.970900, 20.050000 
51.409800, -113.094600, 263.940000 
50.740700, -112.324500, 178.010000 
52.588400, -113.949900, 34.460000 
52.559300, -114.515200, 34.650000 
52.708400, -114.446600, 441.210000 
52.784800, -114.137400, 99.300000 
52.759300, -114.161600, 20.480000 
52.777600, -114.234300, 124.810000 
52.807000, -114.258600, 160.960000 
52.912000, -114.064600, 138.710000 
50.096700, -111.110000, 29.860000 
50.165800, -110.841900, 24.960000 
50.165800, -111.052800, 212.490000 
50.187500, -111.052800, 21.030000 
50.165800, -111.189800, 43.680000 
50.187600, -111.167000, 229.080000 
50.191100, -111.252600, 43.590000 
50.223900, -110.761900, 166.960000 
50.223900, -110.899700, 57.960000 
50.224000, -110.037500, 401.890000 
50.398600, -110.503300, 629.740000 
50.573100, -111.177500, 402.180000 
50.700700, -110.478000, 388.240000 
50.700600, -110.772500, 222.660000 
55.363900, -119.760600, 215.470000 
55.443900, -119.522500, 35.130000 
55.378300, -119.760600, 460.980000 
55.418300, -119.773300, 30.120000 
55.280000, -119.098100, 80.980000 
52.217300, -112.307300, 57.245000 
56.095100, -113.448600, 393.590000 
50.536900, -112.031500, 21.630000 
50.700700, -111.022200, 93.090000 
50.314700, -111.968400, 60.890000 
50.631500, -111.022200, 67.070000 
50.336800, -111.169800, 104.794000 
52.755700, -113.939100, 263.500000 
55.189200, -118.950000, 122.630000 
56.178700, -112.786300, 91.850000 
52.599300, -113.083800, 95.130000 
52.701200, -113.266000, 38.780000 
53.763400, -114.770000, 130.920000 
52.606500, -115.014400, 55.860000 
53.999800, -116.670400, 62.840000 
54.223000, -113.478600, 86.020000 
54.132200, -113.159900, 142.790000 
53.130400, -112.834300, 29.790000 
53.254000, -113.048200, 286.940000 
53.054000, -110.787500, 24.630000 
54.581700, -115.982900, 20.160000 
51.239700, -115.564600, 187.560000 
50.784300, -113.667400, 296.080000 
50.755100, -112.162300, 99.600000 
51.766200, -111.963700, 237.580000 
51.915400, -111.744500, 108.340000 
52.020900, -112.402800, 68.990000 
50.922300, -112.003700, 327.640000 
55.619600, -119.503300, 229.130000 
53.837900, -113.933100, 59.600000 
52.188200, -114.344100, 34.650000 
52.934000, -114.022100, 34.850000 
52.908400, -114.088800, 30.240000 
52.861100, -114.057500, 33.540000 
50.591500, -111.780300, 570.380000 
50.325800, -110.255600, 103.150000 
50.078300, -110.419700, 161.100000 
55.771500, -119.828100, 31.220000 
53.188700, -115.642200, 91.300000 
51.439000, -112.054500, 92.920000 
51.522600, -113.018200, 86.600000 
51.359000, -112.360100, 385.060000 
54.967500, -119.131600, 58.330000 
51.529700, -112.136700, 141.840000 
51.784500, -113.402700, 114.710000 
51.531300, -113.276300, 598.530000 
51.642600, -113.337700, 445.680000 
53.374300, -114.527900, 118.540000 
53.363200, -114.456300, 77.090000 
50.817000, -113.100200, 122.740000 
50.707900, -113.221600, 122.040000 
50.835100, -112.799000, 167.680000 
51.122600, -112.149500, 33.880000 
51.038600, -111.864000, 164.090000 
50.947900, -111.578100, 60.230000 
51.046200, -112.044500, 34.350000 
51.042300, -111.298100, 87.160000 
49.958300, -111.030000, 25.840000 
50.456800, -110.181600, 128.210000 
50.565900, -110.210200, 100.160000 
50.755100, -110.310200, 234.270000 
53.876200, -117.149000, 27.895000 
53.937900, -116.900400, 39.444000 
53.981500, -116.999800, 20.833000 
53.228700, -115.104400, 186.675000 
54.323400, -115.677500, 116.150000 
51.708200, -114.388800, 119.541000 
51.697300, -114.536800, 45.657000 
51.569800, -113.964100, 35.120000 
54.509700, -110.909900, 207.710000 
52.640400, -113.252100, 86.311000 
55.574700, -118.815800, 230.183000 
52.435700, -113.390400, 427.463000 
55.433300, -116.483200, 74.400000 
53.052300, -113.692600, 54.530000 
52.482800, -110.026900, 31.534000 
52.359300, -114.785700, 75.248000 
53.825100, -116.396900, 64.090000 
51.366200, -112.771200, 133.900000 
51.093400, -112.820100, 451.400000 
52.275700, -114.218800, 71.800000 
52.017300, -113.148800, 220.900000 
51.271400, -112.829200, 119.700000 
51.962900, -113.734300, 108.300000 
53.843400, -112.979700, 45.000000 
51.635400, -112.792600, 160.600000 
51.871800, -112.887600, 330.200000 
51.751800, -113.864600, 172.600000 
52.522800, -116.380000, 168.900000 
52.475700, -111.441400, 92.800000 
52.439300, -110.316400, 159.600000 
51.737300, -112.561700, 314.700000 
54.560100, -113.841100, 109.700000 
54.349000, -113.551600, 30.300000 
51.883700, -112.828700, 39.600000 
55.087300, -113.141000, 188.800000 
51.239000, -111.560600, 82.800000 
54.920000, -113.382500, 78.800000 
54.494500, -111.047000, 34.700000 
54.789300, -114.042500, 29.800000 
52.086500, -112.951800, 35.300000 
54.352600, -110.517800, 104.200000 
52.359200, -114.026900, 33.800000 
56.613100, -112.849000, 271.345000 
56.502900, -116.750400, 181.900000 
58.110400, -118.115600, 434.000000 
56.233200, -113.896400, 530.000000 
55.887600, -112.125700, 104.000000 
55.293900, -112.897500, 72.800000 
55.585700, -112.963500, 233.300000 
55.785900, -112.982900, 108.600000 
56.098700, -111.824500, 97.400000 
58.088400, -117.954200, 70.000000 
58.128400, -118.382100, 238.400000 
55.774800, -113.774700, 163.400000 
58.343200, -117.867500, 92.500000 
58.550400, -117.426700, 294.700000 
55.385700, -113.001600, 481.200000 
49.521900, -112.139500, 116.700000 
49.569200, -112.149200, 24.000000 
50.860700, -111.126500, 31.800000 
49.936700, -111.406500, 35.500000 
54.436100, -118.743800, 25.800000 
53.428700, -116.722200, 32.200000 
52.319200, -115.580000, 75.400000 
53.635900, -116.931800, 195.100000 
52.493600, -115.935000, 28.700000 
52.513800, -114.898000, 26.300000 
50.976900, -114.889200, 96.700000 
52.504700, -110.321700, 21.800000 
51.850100, -114.074900, 21.500000 
54.172900, -113.556600, 35.200000 
51.777300, -113.195400, 120.600000 
52.435700, -111.682000, 22.000000 
50.616800, -112.845300, 125.800000 
50.675000, -113.087500, 203.200000 
55.196500, -112.570400, 90.400000 
50.485900, -111.702200, 308.752000 
50.689500, -111.554800, 311.092000 
52.610400, -114.821800, 277.462000 
53.265100, -115.520000, 41.530000 
50.009200, -110.847500, 119.495000 
50.897000, -111.693700, 486.161000 
52.661200, -114.635400, 30.350000 
50.522300, -111.652300, 310.444000 
50.103900, -110.864700, 111.746000 
52.286500, -114.970800, 141.728000 
55.432900, -111.219800, 44.168000 
56.313200, -111.636200, 90.920000 
50.777100, -113.397000, 0.976000 
52.875700, -110.458600, 86.931000 
54.161300, -117.665100, 235.905000 
52.675900, -110.515800, 55.402000 
54.268900, -111.143600, 232.285000 
57.877200, -119.740900, 425.170000 
51.529900, -112.136700, 37.970000 
49.652800, -111.231900, 118.955000 
52.024500, -112.778700, 28.210000 
52.111800, -112.731200, 31.736000 
54.541800, -110.408400, 16.330000 
53.561500, -116.577900, 49.592000 
50.707900, -110.813900, 270.021000 
52.079300, -111.012200, 257.468000 
52.944800, -110.088600, 73.191000 
53.523200, -114.879200, 36.380000 
56.815400, -117.599500, 33.720000 
56.560600, -119.031700, 171.490000 
53.392300, -115.316900, 51.740000 
53.392300, -115.310800, 114.550000 
52.042900, -114.588800, 393.660000 
53.974300, -114.923900, 276.180000 
53.213700, -114.714000, 32.490000 
53.026900, -114.766400, 15.150000 
52.439300, -114.304600, 128.620000 
52.759300, -115.531900, 136.140000 
49.816400, -112.070100, 34.200000 
52.522900, -111.634000, 48.500000 
49.791100, -112.557000, 26.400000 
49.761900, -113.394800, 25.800000 
50.693200, -113.672900, 84.830000 
51.388100, -110.772500, 49.510000 
51.209800, -113.141000, 28.820000 
52.362900, -113.534900, 26.330000 
54.960000, -119.802500, 34.294000 
50.223900, -113.513800, 121.160000 
50.627800, -111.287500, 66.560000 
50.693100, -111.322200, 17.080000 
53.897900, -116.067500, 78.920000 
53.788700, -115.564200, 32.130000 
53.727000, -115.607500, 111.380000 
52.130100, -110.099100, 22.820000 
52.326500, -114.515200, 586.172000 
54.963600, -117.670700, 262.174000 
52.344800, -114.262400, 91.312000 
52.424800, -114.340700, 28.141000 
54.978300, -117.708800, 68.961000 
52.162900, -114.576800, 44.583000 
58.685100, -118.669200, 133.319000 
58.670400, -119.559800, 115.714000 
58.692300, -118.796500, 74.387000 
50.889600, -113.406800, 33.530000 
52.966800, -111.131600, 77.258000 
53.032300, -111.293600, 21.630000 
50.136800, -110.197500, 22.870000 
50.165900, -110.089100, 356.380000 
57.134500, -113.765100, 59.648000 
57.004500, -113.047100, 60.464000 
57.106200, -112.252700, 26.151000 
57.168200, -112.845200, 93.634000 
56.833400, -113.112100, 371.731000 
56.498700, -112.481600, 40.039000 
55.847500, -111.358600, 69.241000 
57.200900, -112.905700, 910.312000 
55.997300, -111.352400, 167.459000 
55.996800, -110.822600, 233.497000 
54.516100, -116.886800, 49.812000 
54.505300, -116.450600, 39.812000 
59.641800, -118.307800, 153.260000 
51.813600, -112.454200, 89.873000 
54.418100, -116.362000, 493.157000 
54.330800, -116.367000, 30.389000 
52.337200, -114.195300, 38.564000 
54.232500, -116.611500, 300.044000 
54.363300, -116.624000, 275.834000 
58.728700, -118.005300, 23.201000 
54.792900, -115.521700, 188.110000 
54.458200, -115.641400, 121.720000 
53.828700, -115.943300, 221.900000 
54.647300, -115.495800, 43.260000 
58.081200, -117.828800, 29.836000 
52.886800, -111.022500, 19.690000 
53.352200, -115.421100, 37.330000 
51.970000, -110.629400, 136.700000 
53.279500, -114.774200, 58.220000 
55.710300, -116.604200, 40.520000 
53.192300, -115.293900, 397.700000 
55.651200, -116.386000, 138.100000 
51.868200, -110.139700, 141.750000 
53.090400, -115.245000, 508.600000 
53.254000, -114.437900, 143.060000 
53.181200, -114.486800, 202.400000 
52.936200, -114.160900, 13.180000 
53.035900, -110.994100, 45.080000 
52.890400, -114.865000, 178.400000 
55.683900, -119.393300, 67.598000 
52.715600, -110.621400, 34.792000 
55.830300, -116.673400, 95.100000 
52.941600, -114.418200, 111.800000 
53.054000, -114.933300, 322.400000 
53.315900, -114.982200, 364.000000 
53.170400, -114.884200, 381.300000 
53.024700, -116.015300, 42.780000 
52.864800, -111.052700, 22.140000 
56.458600, -119.914300, 178.100000 
53.428700, -115.125800, 242.810000 
57.186200, -118.003300, 234.800000 
58.683300, -118.670000, 176.800000 
58.073200, -118.762000, 41.020000 
52.836500, -110.790500, 68.817000 
58.305400, -118.888000, 26.760000 
50.337100, -111.513600, 27.950000 
53.479400, -115.130800, 178.800000 
52.446500, -114.671600, 201.100000 
51.762600, -110.139700, 463.053000 
53.159500, -110.853300, 76.110000 
52.650400, -115.080800, 163.000000 
51.865400, -110.585600, 49.860000 
53.190400, -114.552300, 6.486000 
57.320900, -118.063600, 230.500000 
52.696000, -111.198200, 295.200000 
50.715500, -110.953700, 20.322000 
57.888400, -118.608700, 206.000000 
57.851600, -119.158100, 108.000000 
50.271200, -110.376900, 185.661000 
50.395000, -110.353900, 185.971000 
50.307500, -110.502500, 524.102000 
50.362200, -110.509100, 49.819000 
50.282400, -110.468900, 277.807000 
50.507600, -110.325200, 154.944000 
50.453200, -110.204700, 32.653000 
50.318700, -111.261700, 312.671000 
50.340400, -111.302000, 127.444000 
50.267600, -111.330600, 184.349000 
53.152300, -115.874700, 68.279000 
53.134000, -115.678900, 163.506000 
53.148700, -115.746100, 133.028000 
52.541200, -115.170800, 38.763000 
52.512000, -115.044700, 86.879000 
52.464700, -115.007500, 62.628000 
52.515700, -115.327200, 101.422000 
52.461400, -114.346900, 211.458000 
52.570100, -114.533200, 65.954000 
53.064700, -116.436900, 124.291000 
52.850300, -116.465800, 103.450000 
53.039400, -116.406400, 126.407000 
53.163100, -117.017800, 150.752000 
51.377000, -114.814600, 309.905000 
52.806800, -114.640400, 46.883000 
52.661400, -114.635500, 22.968000 
52.712000, -114.573800, 70.838000 
57.042500, -111.905000, 35.835000 
51.838900, -114.980700, 69.476000 
51.806100, -114.998500, 26.469000 
53.141200, -114.327900, 0.089000 
52.366500, -115.170800, 21.545000 
53.577900, -113.017900, 0.836000 
53.395900, -112.759100, 171.840000 
53.628700, -113.085700, 0.030000 
52.704800, -115.441100, 158.080000 
51.824000, -110.948800, 79.006000 
51.984500, -114.302100, 45.731000 
51.791800, -110.808900, 12.770000 
52.359400, -113.971400, 14.645000 
52.042900, -113.680200, 3.564000 
52.402900, -114.593500, 1.225000 
49.500000, -112.746700, 43.088000 
49.492800, -112.830900, 91.313000 
49.289200, -112.797300, 96.276000 
49.874700, -112.387300, 0.501000 
49.914900, -112.361400, 5.854000 
53.752300, -117.099300, 130.655000 
56.280700, -116.053000, 25.970000 
50.784300, -111.543100, 23.480000 
50.758700, -111.641500, 143.130000 
51.624500, -113.799300, 32.590000 
49.500000, -111.009700, 41.880000 
55.713100, -119.672200, 156.550000 
50.583900, -113.302700, 93.940000 
51.504500, -114.068500, 266.010000 
53.225100, -114.034600, 321.020000 
53.159700, -114.205700, 48.300000 
50.802300, -113.210200, 60.570000 
50.682300, -113.256300, 35.690000 
50.736800, -113.325700, 162.660000 
52.119200, -115.215400, 188.410000 
54.258200, -114.580800, 40.950000 
55.603900, -119.347800, 305.700000 
54.370800, -116.874800, 306.860000 
52.028200, -114.809600, 33.430000 
51.900900, -114.797400, 37.950000 
51.962900, -114.732100, 29.380000 
51.933600, -114.963200, 55.020000 
52.843100, -115.604700, 372.960000 
52.479300, -114.178200, 54.243000 
52.260900, -114.946900, 27.731000 
50.296700, -112.433700, 33.688000 
52.545700, -114.106000, 161.503000 
50.013100, -112.393100, 45.705000 
51.719000, -112.390100, 178.863000 
50.002300, -112.873400, 28.842000 
52.774000, -114.501000, 12.600000 
52.766800, -114.489100, 126.400000 
52.730400, -114.525400, 11.500000 
49.088900, -112.414800, 25.600000 
53.239500, -111.532000, 6.370000 
53.225100, -111.550300, 9.700000 
52.206500, -113.465200, 5.450000 
49.467200, -110.779100, 5.060000 
54.385300, -118.624900, 32.265000 
49.829600, -112.048200, 24.999000 
53.097500, -113.193900, 76.130000 
54.760100, -113.815800, 167.700000 
54.672900, -114.212800, 11.400000 
54.654500, -114.092500, 10.560000 
54.763700, -113.938300, 16.800000 
53.283200, -115.324400, 2.620000 
52.608500, -114.186200, 158.050000 
58.368300, -118.990000, 119.789000 
58.255700, -119.187300, 39.779000 
58.059200, -118.287500, 56.024000 
50.889400, -114.761800, 244.000000 
51.198900, -114.820200, 20.000000 
51.118600, -114.732700, 29.000000 
49.229200, -114.029100, 428.197000 
49.488900, -113.955100, 679.304000 
52.088200, -115.689400, 79.830000 
51.135900, -114.144900, 119.279000 
51.599900, -115.356900, 126.725000 
51.815100, -115.296600, 175.870000 
51.635300, -115.139200, 159.157000 
51.606100, -115.131800, 6.397000 
51.668100, -115.170400, 18.180000 
54.174300, -116.141400, 76.655000 
54.189000, -115.640000, 36.986000 
54.101800, -115.665000, 23.468000 
53.727000, -114.631700, 97.251000 
54.454400, -116.090400, 72.812000 
52.135400, -113.872800, 37.948000 
53.690700, -115.717500, 294.489000 
51.464500, -114.467900, 201.968000 
52.337300, -115.014400, 43.403000 
53.588700, -114.244300, 20.162000 
52.122800, -115.084100, 37.948000 
52.042800, -114.958800, 201.401000 
52.002900, -114.916800, 33.787000 
53.104800, -114.871900, 83.121000 
53.272300, -114.725300, 33.341000 
53.305100, -114.841400, 100.658000 
52.300900, -112.886300, 22.694000 
49.881900, -112.735100, 19.488000 
53.879800, -113.627400, 37.674000 
52.621200, -112.211500, 165.749000 
53.359500, -114.878000, 2.319000 
53.279500, -111.587000, 519.312000 
53.195900, -111.911200, 303.010000 
53.363200, -111.879500, 120.690000 
53.355900, -114.896400, 103.492000 
52.024500, -112.916300, 37.947000 
52.562900, -112.530200, 109.850000 
52.591900, -112.192500, 73.234000 
52.701200, -112.259500, 109.850000 
55.640300, -119.627000, 47.177000 
54.421700, -117.784300, 79.950000 
53.566900, -118.022600, 32.243000 
53.734200, -118.395600, 669.988000 
53.941500, -116.720100, 37.006000 
53.712300, -116.148900, 30.742000 
52.766700, -116.393000, 621.170000 
54.476300, -119.173900, 53.280000 
54.485300, -118.778300, 194.930000 
54.359700, -119.138900, 35.890000 
55.460400, -112.213500, 22.790000 
56.120300, -119.497500, 33.200000 
56.095100, -118.758700, 417.890000 
55.458300, -119.573900, 31.510000 
55.611700, -112.611600, 236.276000 
54.171500, -112.197600, 52.170000 
54.461800, -111.780100, 123.740000 
54.189000, -112.109800, 192.200000 
53.854300, -117.391200, 429.540000 
54.756500, -112.545200, 21.131000 
55.789500, -112.281800, 133.645000 
56.051400, -119.589200, 26.560000 
54.159800, -112.203800, 181.440000 
55.378300, -118.499700, 41.310000 
55.800300, -118.225300, 65.980000 
55.432800, -119.606100, 28.050000 
55.411100, -118.885600, 61.700000 
55.749400, -119.562000, 23.900000 
55.538400, -112.262400, 55.230000 
54.359700, -118.756300, 246.770000 
53.563400, -116.728500, 36.390000 
54.265300, -116.342000, 254.990000 
54.119800, -116.273100, 333.870000 
53.577900, -116.599000, 53.070000 
53.923400, -116.775900, 23.140000 
53.799800, -116.092200, 81.830000 
54.079700, -118.342700, 28.820000 
53.607000, -116.537300, 20.400000 
54.034500, -117.180900, 41.910000 
54.178700, -117.328400, 229.550000 
53.711900, -117.052500, 30.010000 
56.006700, -118.390800, 46.090000 
54.416100, -119.347500, 21.900000 
54.516700, -119.292000, 26.190000 
54.635300, -119.318300, 28.450000 
53.918400, -117.297000, 109.480000 
54.341400, -116.301500, 66.540000 
54.600800, -116.039000, 38.190000 
54.137600, -116.392000, 46.520000 
56.223300, -119.570800, 65.480000 
52.989300, -114.157900, 193.850000 
52.874300, -110.428000, 54.270000 
55.349000, -112.184100, 52.910000 
52.714500, -114.317100, 41.650000 
52.830300, -116.272200, 266.690000 
53.006700, -116.852800, 55.540000 
52.452000, -114.392900, 25.630000 
53.323600, -116.995400, 70.870000 
53.022200, -116.520800, 121.910000 
52.958200, -114.679900, 36.870000 
52.969200, -116.692500, 313.460000 
53.002000, -110.993900, 31.180000 
55.835100, -112.252100, 21.100000 
52.874300, -110.162700, 83.770000 
55.028400, -112.266100, 21.131000 
55.117900, -112.737900, 52.888000 
53.117300, -110.803900, 40.410000 
52.657700, -110.200000, 22.270000 
55.266800, -112.567900, 281.230000 
56.364200, -119.934300, 259.210000 
55.305000, -118.914200, 38.760000 
55.341700, -118.914200, 54.020000 
55.504200, -118.945300, 20.320000 
55.338100, -118.536700, 63.790000 
50.168300, -112.299800, 89.930000 
50.073300, -112.673700, 134.290000 
50.013100, -112.611500, 244.570000 
50.311700, -112.515100, 39.540000 
50.302500, -112.390600, 26.870000 
50.060300, -112.299800, 265.330000 
50.214700, -112.367800, 113.900000 
56.851800, -115.208100, 110.964000 
52.792000, -112.562700, 245.671000 
52.788400, -112.489800, 163.687000 
52.031800, -112.629500, 246.978000 
55.070800, -118.695000, 40.112000 
59.103300, -119.918400, 32.266000 
54.352600, -111.821500, 24.140000 
53.970700, -115.744200, 45.600000 
53.170400, -115.177800, 28.920000 
55.736000, -119.076000, 1.117000 
53.792300, -114.482500, 0.936000 
53.847000, -114.619400, 122.545000 
53.484800, -115.607600, 118.190000 
53.385100, -115.612800, 212.596000 
52.180900, -113.083200, 115.428000 
53.792300, -114.613000, 33.704000 
50.700700, -112.654200, 60.068000 
55.058700, -111.895500, 20.213000 
55.382000, -111.760100, 197.576000 
55.120000, -111.688300, 75.820000 
51.482600, -113.300200, 74.262000 
53.916200, -116.732600, 20.715000 
55.491170, -116.186500, 204.946000 
56.560600, -118.544700, 136.992000 
54.359800, -110.285900, 35.315000 
54.348990, -110.766800, 70.887000 
55.174800, -112.281000, 126.393000 
54.778200, -113.963900, 23.210000 
54.367200, -110.503100, 51.465000 
54.224660, -110.514600, 47.245000 
54.465400, -113.221600, 215.028000 
53.887000, -116.396900, 48.560000 
54.317700, -116.573000, 14.292000 
54.162360, -115.733900, 204.770000 
54.109000, -117.137900, 60.627000 
53.734300, -117.360400, 36.060000 
53.778100, -117.552900, 20.000000 
53.067000, -115.439900, 34.425000 
51.773600, -111.477200, 21.450000 
53.745000, -114.220600, 71.090000 
54.545400, -114.794200, 155.540000 
50.398600, -112.847300, 47.800000 
53.734300, -113.863500, 41.840000 
53.737900, -113.819900, 22.710000 
54.239800, -115.564700, 67.330000 
52.210100, -112.068700, 41.260000 
52.672000, -114.555700, 36.400000 
55.226800, -119.028200, 39.770000 
50.154700, -112.461500, 31.170000 
52.100900, -114.791600, 84.157000 
52.675700, -114.495200, 27.749000 
52.664800, -114.569300, 23.652000 
52.162900, -114.851300, 85.185000 
54.516100, -116.754000, 29.569000 
51.919000, -114.631600, 28.493000 
54.105400, -117.131800, 69.720000 
50.667900, -113.053800, 84.170000 
55.072800, -116.975700, 352.900000 
50.016700, -111.805600, 24.236000 
52.846800, -114.185700, 28.167000 
53.483200, -112.906800, 95.170000 
51.708200, -111.780100, 25.500000 
51.828200, -111.774200, 191.080000 
52.333700, -112.806800, 25.430000 
51.711800, -110.862200, 39.100000 
51.686200, -110.737700, 60.720000 
51.686200, -110.666900, 214.080000 
51.642600, -110.560200, 39.810000 
51.701600, -110.633900, 39.310000 
51.689800, -110.761600, 38.880000 
49.823900, -112.432300, 73.960000 
52.937600, -114.270700, 29.130000 
56.218700, -116.251300, 627.835000 
53.959800, -114.700300, 21.680000 
54.113800, -114.655500, 28.160000 
55.575800, -119.522400, 21.680000 
53.155400, -110.509500, 35.060000 
54.145400, -115.815500, 20.600000 
57.411700, -118.493900, 46.894000 
54.861700, -118.967200, 32.965000 
55.705900, -111.282600, 22.633000 
54.061800, -117.447300, 40.340000 
54.105400, -117.526500, 119.760000 
54.858100, -119.770600, 48.680000 
52.446500, -115.249200, 66.460000 
52.908400, -111.125500, 29.010000 
54.225300, -118.305200, 53.770000 
52.279300, -110.081400, 30.700000 
53.952600, -117.559000, 152.280000 
57.502900, -116.505500, 51.630000 
53.937900, -110.836700, 36.015000 
56.222200, -119.610300, 100.207000 
54.050700, -117.720600, 169.553000 
56.007600, -113.343900, 27.143000 
55.156500, -113.387500, 23.698000 
55.149300, -113.329700, 31.630000 
55.931200, -110.822600, 20.993000 
52.755700, -110.228000, 23.018000 
50.096700, -113.596300, 28.811000 
52.333700, -112.885200, 39.706000 
52.337300, -112.885200, 20.368000 
54.734400, -118.902000, 27.618000 
54.989300, -111.489500, 56.933000 
54.105400, -110.862600, 32.536000 
53.607000, -110.262700, 21.531000 
53.745000, -110.723900, 27.115000 
54.349000, -112.642700, 41.439000 
51.657300, -112.786700, 20.980000 
53.712300, -117.221500, 21.590000 
56.007600, -113.402800, 77.755000 
55.822200, -118.914700, 21.841000 
54.054200, -118.308700, 306.693000 
54.970900, -114.291100, 24.847000 
54.930800, -119.235000, 38.915000 
53.697900, -117.153700, 71.018000 
55.487500, -118.548300, 27.821000 
51.559000, -112.471500, 31.260000 
51.551800, -112.483400, 21.600000 
51.449800, -112.642000, 21.600000 
53.977900, -116.751200, 190.470000 
53.419200, -115.091500, 84.346000 
50.744200, -110.130000, 36.532000 
50.896900, -110.633600, 44.855000 
50.824200, -110.859400, 48.446000 
49.972800, -110.755600, 56.533000 
50.084400, -110.607000, 447.550000 
49.988300, -110.914000, 41.704000 
50.022400, -110.743000, 46.864000 
51.020600, -111.402200, 46.878000 
50.093100, -110.732800, 137.884000 
50.136700, -110.732800, 45.487000 
50.533100, -112.444200, 163.906000 
50.159000, -110.667200, 32.803000 
51.828200, -111.312300, 20.630000 
53.628700, -115.945500, 60.350000 
53.590480, -116.172680, 394.520000 
55.661900, -118.744500, 27.440000 
50.525800, -113.243800, 156.060000 
50.747800, -110.882500, 27.720000 
50.780700, -110.732700, 42.350000 
50.780700, -110.825500, 50.120000 
50.784300, -110.836900, 30.050000 
50.787900, -110.813900, 56.590000 
50.111100, -113.482500, 33.650000 
51.162600, -112.021200, 49.210000 
51.195100, -112.102800, 49.210000 
51.009610, -110.752190, 81.900000 
52.057300, -114.630400, 34.450000 
52.050000, -110.420600, 34.160000 
51.580900, -112.977000, 28.700000 
51.624500, -113.041600, 34.190000 
51.599000, -113.029900, 45.930000 
51.660900, -112.875600, 33.010000 
51.624500, -112.952600, 160.840000 
51.700900, -112.852000, 126.350000 
51.515400, -112.953400, 25.130000 
52.555700, -114.449100, 120.810000 
53.210400, -114.713000, 45.930000 
53.026900, -114.766400, 89.800000 
52.486500, -114.322700, 52.500000 
52.515700, -114.449100, 22.970000 
52.512000, -114.394900, 20.190000 
52.541200, -114.322700, 31.030000 
52.508400, -114.382900, 35.890000 
52.537600, -114.292700, 32.770000 
55.232800, -119.355300, 28.700000 
55.174700, -119.302500, 40.240000 
55.251100, -119.426100, 66.740000 
55.269200, -119.490300, 120.810000 
55.225600, -119.072200, 24.170000 
52.759300, -114.125200, 113.010000 
51.940900, -113.242900, 51.670000 
50.325800, -110.255600, 34.450000 
50.282300, -110.468900, 68.890000 
50.595100, -111.190100, 23.280000 
50.712300, -111.062700, 46.200000 
55.411100, -119.136700, 34.080000 
50.201900, -112.381700, 28.700000 
52.543100, -114.280500, 26.270000 
52.384800, -114.382900, 42.880000 
52.803100, -115.665500, 22.970000 
54.676500, -115.527500, 23.250000 
50.453200, -110.187500, 68.890000 
52.803100, -115.810800, 44.320000 
52.468400, -114.328800, 67.830000 
51.395400, -111.331700, 57.410000 
59.601800, -117.409700, 120.020000 
52.650400, -115.429700, 26.290000 
52.748400, -115.513900, 61.550000 
52.028200, -113.572700, 47.340000 
51.533400, -114.327100, 35.310000 
51.973700, -113.572700, 63.440000 
52.002900, -113.399600, 32.720000 
51.930100, -113.538800, 84.850000 
52.035400, -113.614300, 35.310000 
50.220500, -112.444200, 137.790000 
51.780900, -113.266600, 57.410000 
51.675400, -113.367100, 36.340000 
55.367500, -119.220300, 30.860000 
53.836200, -115.620000, 57.910000 
52.915900, -114.006000, 74.520000 
52.944800, -114.264600, 41.110000 
53.959800, -111.818700, 38.250000 
51.559000, -112.612600, 157.450000 
51.795400, -113.456000, 43.010000 
51.813700, -113.621800, 309.100000 
52.220900, -114.630400, 67.460000 
53.843400, -114.146800, 28.097000 
54.956400, -119.783300, 34.829000 
55.494700, -118.108200, 40.740000 
54.174300, -110.555300, 73.191000 
55.349200, -119.850600, 18.425000 
53.039400, -110.895300, 85.993000 
53.779500, -118.486200, 355.535000 
53.958000, -118.772800, 54.235000 
56.271846, -111.498890, 355.859000 
56.411400, -118.440600, 80.312000 
56.888200, -114.536100, 45.113000 
52.242900, -112.474500, 30.265000 
54.305300, -119.289100, 27.315000 
55.523900, -119.380300, 97.485000 
54.952800, -119.190300, 87.037000 
52.726800, -114.537400, 71.621000 
54.312600, -113.263200, 57.219000 
50.675000, -110.031700, 55.404000 
53.580200, -112.048700, 99.390000 
53.767000, -117.497000, 243.397000 
50.097100, -112.361800, 25.224000 
54.372300, -118.521700, 41.553000 
54.445300, -118.607600, 29.118000 
55.025700, -110.584200, 45.780000 
55.072900, -110.705300, 64.310000 
55.041200, -110.577800, 134.410000 
54.840100, -110.444000, 33.600000 
54.916500, -110.367300, 39.540000 
55.065700, -110.533100, 33.600000 
55.065700, -110.539500, 33.590000 
53.578344, -115.855642, 25.390000 
51.428200, -113.458800, 24.220000 
52.857600, -115.513900, 25.280000 
51.286200, -113.200200, 35.830000 
49.376400, -112.476700, 33.730000 
55.854800, -111.431500, 34.910000 
55.844000, -111.261200, 34.910000 
55.876800, -111.326700, 68.420000 
51.893700, -113.390700, 27.600000 
52.435700, -110.364700, 31.160000 
55.003700, -111.100600, 45.780000 
49.965600, -112.644000, 34.990000 
50.780700, -112.017800, 20.460000 
53.657900, -116.666800, 89.070000 
51.879000, -112.792600, 25.320000 
50.777000, -111.751500, 36.760000 
53.857900, -113.397400, 34.960000 
52.704800, -114.410200, 62.560000 
54.239700, -118.593500, 18.000000 
50.427500, -112.462300, 26.091000 
50.500400, -112.456700, 116.887000 
50.565900, -112.640300, 52.019000 
50.482200, -112.588700, 26.091000 
54.279800, -117.012600, 37.140000 
50.758700, -112.122000, 30.550000 
53.272300, -113.072700, 40.470000 
54.941900, -118.999200, 22.690000 
57.488000, -119.168900, 29.650000 
56.586100, -118.991700, 84.670000 
50.860700, -110.229100, 36.280000 
51.449800, -113.164900, 37.000000 
51.100700, -111.403100, 121.300000 
51.359000, -112.418700, 336.070000 
51.402600, -112.330600, 84.060000 
51.737300, -113.124300, 111.170000 
51.479000, -112.982800, 51.830000 
54.072600, -116.699300, 29.680000 
55.443900, -118.975800, 30.840000 
53.272300, -114.915000, 85.080000 
51.559000, -113.282700, 59.310000 
51.668100, -113.615000, 109.770000 
54.796400, -119.082000, 84.460000 
54.898100, -118.922500, 46.960000 
52.646500, -113.306300, 50.090000 
55.403900, -119.168600, 26.790000 
52.881600, -116.573400, 26.086000 
53.021100, -116.216900, 73.965000 
55.763900, -119.581400, 90.750000 
52.210100, -114.302100, 40.300000 
52.177300, -114.296300, 82.480000 
52.213700, -114.308200, 195.530000 
50.398600, -112.313100, 61.500000 
51.428100, -115.061600, 115.100000 
53.217600, -110.181100, 80.100000 
51.569700, -114.985200, 274.100000 
50.555100, -112.623100, 183.700000 
53.537900, -110.990000, 63.600000 
53.548700, -110.071600, 78.800000 
55.469300, -113.833000, 33.900000 
53.021200, -110.260500, 27.300000 
50.515100, -111.313400, 89.800000 
53.115900, -110.853300, 61.100000 
52.970400, -110.780000, 89.400000 
50.431200, -111.589200, 487.479000 
52.397600, -114.040600, 35.830000 
57.564400, -119.521200, 37.060000 
58.011900, -119.480700, 137.540000 
56.506100, -119.432000, 141.750000 
53.034200, -116.330500, 24.800000 
52.942400, -113.511100, 167.575000 
52.384800, -114.442900, 42.369000 
52.224500, -114.326000, 26.267000 
52.253700, -114.397700, 26.267000 
52.199300, -114.475200, 26.267000 
52.257300, -114.349900, 44.583000 
52.260900, -114.373800, 25.391000 
51.900900, -111.608400, 534.436000 
51.624500, -111.863100, 241.572000 
52.260900, -114.391800, 57.811000 
52.250100, -114.397700, 62.211000 
52.290100, -112.963800, 120.793000 
58.630400, -119.058200, 80.896000 
54.654500, -110.459000, 59.837000 
54.101800, -116.799500, 122.686000 
54.072600, -116.574000, 24.681000 
50.573200, -112.162300, 26.540000 
53.484800, -115.607600, 91.890000 
52.610400, -111.670100, 115.160000 
54.567300, -115.527500, 88.570000 
52.384800, -112.223400, 27.526000 
52.344800, -112.211500, 62.752000 
51.366200, -114.761800, 88.874000 
51.369700, -114.985200, 29.712000 
52.973900, -116.872200, 90.395000 
54.166900, -118.486900, 93.387000 
51.489800, -112.888700, 164.380000 
51.286100, -112.147500, 131.425000 
50.831400, -110.865000, 66.827000 
52.060900, -113.888800, 35.600000 
53.847000, -113.981600, 29.800000 
52.235800, -113.377700, 5.850000 
52.217300, -113.387700, 29.600000 
52.111800, -114.481300, 7.930000 
52.828400, -114.386000, 10.900000 
51.151500, -113.823200, 45.214000 
53.228700, -114.554100, 23.108000 
52.192000, -114.111300, 313.182000 
51.071500, -114.697700, 29.000000 
51.086100, -114.767700, 27.000000 
53.432200, -117.689800, 23.351000 
52.340900, -114.280400, 25.615000 
52.290100, -114.099300, 25.615000 
54.079800, -115.426900, 108.351000 
53.374300, -111.809800, 37.947000 
53.363200, -112.039500, 38.073000 
52.828400, -113.872400, 73.234000 
51.671700, -112.507500, 22.806000 
52.039300, -112.987700, 22.806000 
53.134000, -111.850100, 109.864000 
52.282900, -113.113200, 56.828000 
55.363900, -118.905000, 84.385000 
55.276400, -118.699200, 59.590000 
55.338300, -118.872800, 59.590000 
53.017500, -116.907800, 21.060000 
57.217500, -110.895000, 396.988000 
53.581500, -112.531000, 22.419000 
53.454300, -117.159800, 140.600000 
52.661200, -110.496900, 30.950000 
56.135000, -119.595800, 65.930000 
57.579200, -119.301800, 36.150000 
50.556100, -114.236300, 122.370000 
54.301700, -118.649900, 44.750000 
53.890700, -117.465900, 23.180000 
52.745300, -112.501600, 23.349000 
52.079200, -112.616700, 33.954000 
52.020900, -112.665300, 38.851000 
56.651500, -112.878800, 28.796000 
56.666700, -111.345100, 372.504000 
56.055100, -115.366500, 54.337000 
52.039300, -111.376500, 61.570000 
53.486800, -114.330700, 82.600000 
52.875700, -111.422500, 295.510000 
52.875700, -111.483300, 45.670000 
53.681200, -113.821000, 19.540000 
53.938500, -113.768300, 61.740000 
52.579500, -114.964100, 47.040000 
52.634000, -114.916000, 24.610000 
52.144900, -111.752000, 72.980000 
52.268100, -113.734000, 20.850000 
52.017400, -112.263700, 44.900000 
52.224800, -113.025700, 123.990000 
52.326700, -113.012700, 40.590000 
52.305600, -113.167100, 46.720000 
52.053700, -112.150800, 35.280000 
53.558600, -113.368000, 278.000000 
56.158700, -111.721800, 29.790000 
56.240800, -111.653100, 29.790000 
55.835800, -114.697100, 266.610000 
50.291300, -112.185500, 26.119000 
55.675000, -119.359800, 38.141000 
53.997500, -117.349600, 24.590000 
52.019700, -114.234100, 49.940000 
52.016500, -114.155100, 38.420000 
52.555900, -113.042600, 330.671000 
51.727500, -113.819000, 30.949000 
52.401200, -113.100700, 124.665000 
52.604900, -113.196300, 627.120000 
53.885300, -117.178700, 276.703000 
58.716000, -119.708200, 96.633000 
50.123200, -112.771000, 60.150000 
50.683000, -112.160000, 37.590000 
52.112000, -112.648500, 17.870000 
57.382700, -118.979400, 251.677000 
54.823200, -117.659000, 36.350000 
53.154100, -116.460300, 189.912000 
50.082600, -112.543800, 28.290000 
53.221000, -114.668000, 40.595000 
52.776000, -112.909800, 63.930000 
54.467700, -115.393000, 24.050000 
55.830600, -119.504300, 48.548000 
55.890300, -119.758000, 38.541000 
51.760400, -114.913900, 35.350000 
50.993800, -113.990000, 26.613000 
54.525200, -118.670400, 21.550000 
54.085100, -115.839000, 64.520000 
54.956600, -119.775000, 53.080000 
55.201500, -119.881400, 93.540000 
52.098800, -112.852000, 67.780000 
56.291700, -111.589500, 29.246000 
59.237200, -119.885800, 34.422000 
52.168300, -113.645300, 32.054000 
54.394600, -113.504300, 66.426000 
50.393900, -111.701000, 67.596000 
53.565200, -111.242600, 108.544000 
51.505300, -112.475000, 31.260000 
50.086100, -110.485500, 65.150000 
51.668900, -111.378300, 43.910000 
55.554200, -119.760200, 62.850000 
56.246400, -119.099000, 71.930000 
52.725100, -113.169500, 62.440000 
52.761600, -113.133400, 114.200000 
53.477900, -116.124000, 21.810000 
54.572600, -118.834200, 14.340000 
54.881600, -118.467500, 39.030000 
50.708600, -111.150000, 25.620000 
55.434200, -114.550000, 226.750000 
57.211800, -118.010800, 184.750000 
53.768400, -114.184700, 28.097000 
53.699800, -112.579100, 86.594000 
53.681600, -112.956500, 40.267000 
53.841600, -113.326800, 79.164000 
54.897400, -119.115000, 42.494000 
54.898100, -119.126100, 136.056000 
54.987900, -119.213100, 26.778000 
56.533500, -118.496700, 63.596000 
56.097000, -119.294000, 14.139000 
56.063400, -119.465300, 79.039000 
54.015700, -116.964900, 41.910000 
55.122100, -113.953900, 41.546000 
54.438200, -119.676100, 35.620000 
53.834000, -117.912400, 244.532000 
54.772900, -118.981500, 21.143000 
54.957600, -119.199100, 299.179000 
51.484500, -110.414400, 155.467000 
52.787100, -110.871500, 31.875000 
52.073400, -115.873000, 21.900000 
53.914400, -117.573700, 370.123000 
53.987100, -117.351500, 498.212000 
53.539800, -113.397000, 25.950000 
50.571300, -112.146100, 63.460000 
51.411700, -113.285800, 65.900000 
50.442900, -111.857300, 156.470000 
50.509600, -112.002900, 32.750000 
51.280800, -112.818900, 40.330000 
55.460700, -119.982500, 26.740000 
51.513600, -110.904600, 76.680000 
52.648500, -114.376400, 70.630000 
52.634000, -114.519800, 74.550000 
52.734900, -114.347100, 162.660000 
52.081000, -113.597900, 27.020000 
52.657700, -112.281000, 52.290000 
53.783400, -112.339300, 34.970000 
51.993700, -113.242300, 20.970000 
52.561200, -112.312100, 59.760000 
50.698800, -110.500100, 37.320000 
50.611500, -112.500700, 29.651000 
53.798000, -114.611000, 25.830000 
52.013700, -112.381800, 25.800000 
52.692200, -113.210800, 35.280000 
55.146900, -119.700500, 20.260000 
55.488600, -119.521000, 25.830000 
50.617400, -111.835800, 43.690000 
50.683000, -111.548000, 49.970000 
55.320300, -118.762000, 71.670000 
52.841500, -116.035500, 91.097000 
50.624800, -111.588500, 119.550000 
52.867000, -116.253100, 296.200000 
51.993700, -113.123700, 144.500000 
51.924800, -113.028100, 180.000000 
51.865500, -112.954700, 250.000000 
52.095600, -113.147400, 103.200000 
52.808600, -116.210200, 32.200000 
52.053700, -113.144700, 54.300000 
52.816700, -110.866700, 56.000000 
50.424600, -112.309800, 43.800000 
52.776400, -114.512200, 55.600000 
52.061200, -113.067400, 38.300000 
54.412200, -110.336100, 52.630000 
49.119100, -113.761500, 402.560000 
52.221800, -114.517800, 24.193000 
51.861800, -111.189300, 26.000000 
51.364000, -110.285900, 69.820000 
51.469900, -110.601100, 27.350000 
51.586300, -110.321000, 38.290000 
51.403300, -110.406500, 20.230000 
55.193600, -113.035100, 72.891000 
55.539600, -118.978900, 26.482000 
53.350600, -114.248600, 85.080000 
52.834200, -114.566000, 29.530000 
50.723300, -112.789100, 228.294000 
50.730600, -112.887200, 125.492000 
50.326300, -110.328500, 81.740000 
50.468200, -110.322500, 124.796000 
53.194200, -116.624900, 70.422000 
53.023200, -116.899000, 213.252000 
53.430200, -117.118100, 53.394000 
52.936200, -116.748600, 43.242000 
53.125000, -116.881000, 119.219000 
53.226900, -116.637200, 28.459000 
52.968900, -116.688300, 258.324000 
52.867000, -116.549200, 137.871000 
52.910700, -116.645900, 29.549000 
52.998000, -116.742600, 93.357000 
53.026800, -116.679700, 28.479000 
53.143200, -116.923400, 52.278000 
52.943400, -116.742600, 198.541000 
53.114200, -115.698700, 113.177000 
50.155700, -114.453300, 50.927000 
52.149900, -114.266600, 0.107000 
52.013800, -111.049300, 0.639000 
49.871200, -112.338900, 2.115000 
54.423700, -119.349700, 48.107000 
51.829100, -112.730500, 109.556000 
51.508900, -113.453800, 51.305000 
51.548800, -113.360000, 28.967000 
51.512500, -112.885000, 33.207000 
53.228300, -114.080000, 20.140000 
50.703800, -111.382000, 37.130000 
50.887900, -110.385200, 168.620000 
52.765200, -114.335000, 74.170000 
53.877000, -114.866300, 22.650000 
56.562600, -119.423800, 44.680000 
54.612800, -116.228500, 67.212000 
54.830200, -118.652600, 189.331000 
54.932900, -118.829500, 34.644000 
54.765200, -118.575500, 34.644000 
54.889300, -118.804200, 45.904000 
50.335000, -112.687700, 25.622000 
51.222600, -114.642900, 23.033000 
52.706700, -113.896400, 119.346000 
52.837700, -114.403500, 83.013000 
50.486700, -112.917000, 264.120000 
52.747200, -114.415600, 4.260000 
53.114100, -115.208200, 185.920000 
53.488400, -116.142200, 41.051000 
52.546700, -115.260600, 50.860000 
53.477400, -117.026300, 96.653000 
53.681100, -117.271900, 6.570000 
55.689500, -115.926900, 33.569000 
52.168300, -114.088900, 9.110000 
52.094000, -114.737100, 20.410000 
52.925000, -114.475800, 102.983000 
58.781600, -118.602700, 578.313000 
58.963400, -118.361500, 26.615000 
53.332400, -111.451000, 62.442000 
50.505800, -111.201000, 47.302000 
51.135300, -111.523300, 24.496000 
53.608800, -113.005500, 24.496000 
53.332400, -111.548200, 36.321000 
53.245100, -111.596700, 26.849000 
53.326800, -111.488800, 26.849000 
53.230500, -111.863900, 24.496000 
53.376000, -111.830200, 24.496000 
53.870700, -116.166400, 92.040000 
54.321800, -118.790500, 55.010000 
52.063200, -112.629000, 74.975000 
52.073000, -112.618000, 23.349000 
52.503000, -113.435200, 195.995000 
52.481500, -113.419000, 65.718000 
52.735800, -112.451100, 38.759000 
51.804600, -113.570000, 23.845000 
56.486500, -114.120400, 98.033000 
54.452300, -114.874300, 53.540000 
54.353900, -114.811100, 33.040000 
54.103500, -116.608000, 40.624000 
52.764900, -114.957500, 148.780000 
52.794000, -114.837100, 53.350000 
52.055200, -114.260400, 31.327000 
52.142500, -114.206900, 25.552000 
52.881600, -111.343300, 75.460000 
55.732300, -119.277000, 38.980000 
55.761400, -119.374000, 39.930000 
52.941200, -118.043000, 1166.050000 
58.695200, -114.005000, 44.276000 
57.546100, -119.106200, 76.523000 
57.066400, -118.029400, 78.010000 
55.714000, -115.898300, 79.657000 
58.727600, -111.136400, 137.688000 
54.263100, -118.576800, 36.758000 
54.343100, -118.595300, 17.924000 
51.494600, -110.483500, 61.310000 
50.593000, -111.492000, 94.490000 
51.450600, -110.768700, 51.350000 
53.175900, -115.271100, 270.389000 
55.160200, -118.818400, 341.385000 
51.778000, -113.101500, 21.620000 
54.719800, -113.139500, 105.434000 
50.187900, -112.225200, 25.141000 
53.696100, -114.655000, 20.670000 
58.098500, -119.426100, 22.670000 
57.855100, -119.679100, 33.580000 
53.419200, -113.882300, 23.310000 
53.559400, -113.347200, 66.000000 
56.850000, -119.836900, 154.260000 
54.590000, -114.830000, 58.220000 
54.148900, -118.794300, 97.827000 
54.198400, -119.053700, 233.784000 
53.748200, -112.734000, 72.800000 
56.623600, -119.913600, 70.310000 
55.160300, -116.162000, 48.530000 
53.704100, -111.998400, 24.380000 
50.701400, -111.554300, 119.240000 
53.782800, -114.060700, 24.130000 
51.906000, -114.158200, 33.710000 
52.068800, -114.330200, 24.110000 
52.317400, -114.225000, 52.770000 
52.293900, -111.329400, 31.874000 
52.301300, -111.388900, 32.210000 
52.301300, -111.383000, 31.707000 
52.308400, -111.728200, 34.442000 
52.352200, -113.222800, 207.357000 
56.637400, -115.819700, 28.536000 
52.212000, -112.701500, 70.280000 
52.352100, -112.683000, 24.340000 
52.728700, -113.006500, 144.780000 
52.589000, -112.862700, 146.962000 
51.570600, -113.688200, 68.764000 
51.680100, -113.935100, 49.019000 
51.770800, -113.622100, 141.440000 
52.613600, -113.138900, 163.680000 
51.640200, -113.710700, 29.648000 
52.184300, -112.937300, 37.593000 
58.650600, -119.455000, 25.192000 
59.254000, -119.683100, 127.585000 
59.072200, -118.502300, 41.461000 
52.408900, -114.417900, 37.241000 
54.883900, -112.614800, 39.612000 
55.213300, -118.026000, 31.549000 
57.060600, -117.570000, 114.573000 
54.303000, -116.834400, 63.098000 
53.948800, -113.100000, 49.814000 
53.969000, -113.511700, 29.020000 
54.034500, -113.778200, 26.576000 
55.924100, -119.821600, 80.701000 
55.880200, -119.937200, 29.793000 
55.698600, -119.715100, 22.248000 
51.574800, -114.520200, 47.220000 
56.459100, -119.908800, 70.760000 
52.361000, -113.819400, 1.648000 
52.549200, -113.840800, 4.338000 
49.720000, -113.500300, 2.278000 
53.599500, -111.416200, 2.208000 
54.691700, -119.161000, 27.514000 
53.034500, -116.079600, 93.922000 
54.782400, -119.338700, 23.201000 
55.525800, -119.300400, 21.697000 
54.862400, -118.960500, 34.519000 
57.187100, -117.991000, 21.131000 
52.070300, -114.660000, 20.252000 
55.856900, -115.606100, 24.620000 
54.728000, -113.211400, 34.286000 
52.639100, -113.102700, 85.034000 
53.942800, -117.597000, 31.914000 
54.215900, -117.410600, 101.104000 
52.222700, -114.201300, 40.544000 
51.639700, -110.089700, 21.005000 
52.334100, -113.096100, 46.409000 
54.414300, -110.326300, 22.072000 
54.379500, -117.210700, 131.068000 
55.874600, -116.379500, 47.628000 
52.195600, -112.141800, 34.952000 
54.320600, -112.366300, 23.698000 
52.359500, -112.845000, 81.022000 
54.714300, -118.670000, 91.956000 
52.330400, -113.067700, 30.264000 
52.337500, -113.042500, 75.359000 
57.179100, -119.983000, 24.014000 
54.430700, -118.651400, 30.518000 
49.146500, -111.528100, 41.153000 
49.011900, -111.466800, 34.839000 
52.280200, -113.060200, 29.122000 
52.399400, -112.994700, 20.200000 
52.429400, -113.048100, 20.929000 
51.597800, -110.472400, 39.276000 
55.827200, -116.555400, 42.307000 
55.819800, -119.132600, 24.082000 
50.563000, -112.206900, 37.840000 
49.984200, -112.043200, 62.970000 
52.757900, -113.786100, 78.240000 
52.757900, -113.931000, 62.200000 
52.776000, -113.864500, 132.050000 
52.921600, -113.828400, 241.650000 
52.732500, -114.113400, 90.860000 
52.699800, -114.137500, 265.540000 
52.674500, -114.385100, 56.130000 
52.097500, -112.501900, 23.490000 
52.162900, -112.573300, 26.430000 
56.000000, -119.000000, 24.840000 
52.111900, -112.311300, 172.716000 
52.867000, -114.045900, 123.450000 
52.630400, -114.345600, 33.310000 
52.630400, -114.346500, 78.070000 
51.644400, -112.714900, 12.237000 
51.741700, -112.380500, 135.842000 
52.600000, -112.892700, 56.657000 
52.578100, -112.886800, 136.773000 
53.753700, -114.443000, 20.730000 
51.600900, -111.231500, 239.330000 
56.249700, -119.069600, 24.820000 
50.866100, -113.650500, 142.220000 
50.765400, -113.688300, 43.710000 
55.725900, -112.094400, 42.000000 
56.584400, -119.410600, 39.930000 
55.689500, -112.146000, 216.160000 
56.584400, -119.410600, 30.420000 
50.902500, -113.834400, 29.790000 
50.393200, -113.828900, 351.310000 
50.698800, -113.558500, 216.160000 
51.557200, -113.110700, 36.530000 
53.652500, -115.989400, 28.500000 
51.177800, -112.060300, 33.580000 
52.419400, -115.029800, 46.690000 
51.669100, -113.061000, 34.190000 
51.716900, -112.761700, 34.190000 
51.578500, -112.916200, 34.190000 
51.621900, -113.066000, 33.580000 
51.712500, -112.896000, 34.190000 
51.654100, -113.085700, 34.190000 
51.669300, -113.084300, 34.190000 
51.683500, -112.588700, 34.190000 
51.526700, -112.959600, 34.190000 
51.658400, -113.037600, 34.190000 
51.661400, -113.084700, 34.190000 
52.517100, -114.370800, 21.880000 
53.735600, -115.701500, 63.900000 
53.721200, -115.769900, 33.580000 
53.795800, -115.624400, 33.580000 
49.959800, -113.546000, 21.090000 
55.028500, -119.991300, 21.870000 
55.128700, -119.714600, 33.690000 
54.986900, -119.719600, 34.400000 
55.017200, -119.840600, 34.400000 
54.979700, -119.637200, 34.550000 
55.096200, -119.887600, 26.780000 
54.030100, -117.008300, 23.550000 
52.459500, -114.304600, 35.920000 
49.580900, -112.735800, 26.980000 
50.219100, -113.509200, 58.140000 
57.662400, -119.822600, 27.690000 
53.084700, -114.765600, 47.570000 
49.517700, -112.457800, 82.560000 
49.793200, -112.554800, 35.190000 
52.681500, -113.121100, 188.660000 
54.323200, -110.925700, 36.140000 
54.321800, -110.902500, 85.170000 
54.183600, -110.802900, 42.370000 
54.278200, -110.006200, 51.020000 
54.252300, -110.014600, 61.310000 
55.000000, -119.000000, 61.170000 
58.686900, -118.870200, 102.710000 
58.661600, -118.835000, 20.420000 
58.563400, -118.833700, 26.930000 
52.441300, -115.281800, 87.273000 
51.450800, -110.640800, 90.418000 
53.738400, -111.680500, 57.382000 
54.055700, -117.243900, 62.651000 
53.761100, -117.349200, 155.796000 
53.655600, -117.081700, 90.045000 
50.708300, -112.454400, 27.070000 
50.658800, -111.702400, 27.130000 
52.581500, -113.048400, 28.410000 
50.838100, -112.396300, 24.520000 
50.854000, -112.580900, 29.130000 
50.873300, -112.446000, 27.790000 
51.016600, -113.215600, 22.550000 
50.501000, -112.223700, 34.890000 
50.999600, -112.443800, 26.620000 
51.057800, -112.484600, 50.310000 
50.985200, -112.438100, 33.900000 
51.027600, -112.360200, 26.600000 
51.017900, -112.478800, 50.310000 
51.727200, -113.196900, 44.420000 
52.747000, -113.955200, 31.060000 
51.669000, -113.119900, 28.230000 
51.137900, -112.752200, 23.940000 
51.068800, -112.961500, 67.130000 
55.311000, -119.932400, 96.720000 
51.385000, -113.729000, 25.690000 
49.427200, -112.351200, 47.970000 
49.360400, -112.352500, 47.260000 
50.617400, -112.327200, 34.950000 
50.708100, -112.437000, 22.060000 
50.621100, -112.315800, 34.950000 
50.654600, -112.461600, 21.580000 
52.135300, -114.373500, 35.680000 
50.850300, -112.362000, 27.790000 
50.821300, -112.298400, 22.850000 
50.915860, -112.390800, 26.160000 
52.072000, -113.073300, 32.000000 
52.526700, -111.459200, 28.630000 
51.396000, -112.996600, 24.080000 
54.171000, -118.334400, 160.450000 
50.846800, -112.165700, 22.850000 
50.846700, -112.073300, 30.800000 
51.901800, -112.925200, 32.470000 
50.964000, -112.866300, 39.630000 
50.485300, -111.171600, 99.230000 
50.448100, -110.574400, 89.410000 
51.989100, -113.452300, 66.320000 
50.485300, -111.449700, 75.320000 
50.846800, -112.142600, 22.850000 
51.301500, -112.545100, 57.340000 
51.276100, -112.609600, 23.940000 
51.294100, -112.668100, 61.510000 
51.351700, -112.647900, 30.510000 
52.678000, -114.349200, 31.390000 
52.678100, -114.451600, 54.910000 
52.546800, -114.520400, 31.490000 
51.185200, -112.263900, 32.720000 
51.014700, -112.253500, 50.310000 
51.188900, -112.321800, 23.940000 
51.101500, -112.246300, 24.520000 
51.204500, -112.248300, 33.470000 
51.134300, -112.548700, 32.720000 
51.079800, -112.763700, 23.940000 
55.373190, -114.747800, 11004.816000 
52.808600, -115.270700, 93.010000 
52.648500, -113.064800, 65.150000 
52.277500, -114.243000, 23.790000 
51.309900, -112.328700, 21.380000 
52.226500, -111.677400, 77.410000 
55.071100, -119.032100, 52.740000 
51.040700, -112.009900, 34.230000 
53.596200, -113.332100, 39.299000 
50.221100, -113.501200, 62.540000 
53.376400, -111.635000, 23.460000 
52.689400, -114.862300, 85.958000 
52.583200, -114.946100, 54.135000 
52.675000, -114.717500, 20.554000 
52.437900, -113.858500, 217.526000 
54.638200, -118.396100, 32.468000 
54.342700, -110.328700, 28.300000 
52.941700, -116.738900, 167.224000 
52.866700, -116.550800, 71.425000 
54.769600, -111.904600, 56.726000 
53.066900, -115.531700, 32.126000 
52.700400, -114.989200, 26.015000 
52.263800, -114.763200, 31.000000 
52.435900, -110.822900, 22.040000 
54.128600, -116.928000, 78.050000 
53.829500, -110.004900, 20.260000 
53.325100, -111.681700, 49.050000 
53.266900, -111.912400, 100.580000 
53.441500, -111.903700, 33.940000 
53.463300, -111.903700, 24.050000 
53.419700, -111.977100, 44.170000 
53.477900, -111.936300, 268.300000 
53.485200, -111.928200, 56.360000 
53.272200, -111.781400, 22.730000 
53.528800, -111.964900, 81.290000 
53.427000, -112.075100, 131.480000 
53.858600, -112.279100, 24.050000 
56.454600, -119.905000, 23.656000 
54.573200, -114.116600, 24.911000 
55.441000, -113.817100, 27.795000 
55.743000, -114.147400, 363.050000 
56.528200, -114.071600, 88.186000 
56.524400, -113.464600, 388.674000 
53.812800, -110.003500, 24.690000 
50.423400, -112.788800, 30.010000 
49.904200, -111.332400, 183.160000 
54.248700, -115.685800, 31.890000 
54.324900, -115.779600, 31.890000 
54.285000, -115.698200, 393.470000 
53.677100, -110.986200, 30.580000 
52.000000, -115.000000, 28.540000 
51.774500, -113.090500, 66.560000 
51.673600, -113.123000, 117.810000 
56.277400, -119.876000, 18.610000 
56.255500, -119.513500, 40.870000 
52.881600, -116.573400, 172.619000 
54.000000, -115.000000, 24.000000 
51.760400, -114.105100, 20.320000 
51.862400, -114.128700, 21.490000 
51.935100, -114.181800, 19.810000 
51.764000, -114.034200, 23.170000 
51.618300, -114.075000, 37.740000 
51.669000, -113.208600, 19.300000 
51.727700, -114.087300, 128.840000 
51.742300, -114.122900, 33.340000 
51.490600, -113.559100, 21.490000 
51.465100, -113.559100, 19.210000 
51.730800, -113.155500, 162.190000 
51.694400, -113.214400, 133.940000 
52.354100, -114.622100, 71.930000 
50.719600, -112.730500, 48.723000 
50.748800, -112.903600, 41.927000 
50.701400, -112.944000, 31.726000 
53.036000, -116.221100, 70.070000 
53.196100, -116.948000, 39.860000 
51.436100, -114.961600, 147.204000 
50.247400, -110.510300, 45.472000 
50.290800, -110.486300, 87.562000 
53.768300, -116.915400, 22.049000 
53.761100, -117.367500, 45.935000 
57.492200, -119.045900, 55.610000 
56.611900, -119.620600, 60.890000 
50.160800, -112.181800, 142.220000 
57.005600, -117.926500, 67.630000 
50.166300, -112.686000, 43.821000 
52.747000, -115.455300, 21.886000 
58.367100, -118.994100, 71.384000 
51.787100, -113.335700, 26.630000 
52.718000, -114.022900, 20.930000 
54.623400, -116.178200, 74.552000 
52.192000, -110.990000, 54.965000 
52.050200, -111.109100, 54.965000 
51.869900, -113.092200, 7.840000 
52.790600, -114.549600, 4.260000 
52.098000, -114.510100, 30.530000 
54.518000, -118.483000, 25.730000 
51.547300, -115.065400, 50.335000 
51.483300, -112.539500, 58.149000 
51.497900, -112.516100, 58.220000 
51.487000, -112.516100, 75.272000 
54.339500, -117.067100, 24.495000 
53.034200, -115.290800, 826.288000 
52.514000, -115.042200, 512.769000 
52.409900, -113.015000, 22.806000 
56.256700, -119.626500, 20.110000 
52.277500, -112.862900, 21.397000 
52.259300, -111.280500, 105.815000 
55.343200, -119.464900, 58.930000 
54.175700, -119.534400, 61.980000 
53.870300, -117.088800, 20.350000 
57.288700, -111.886800, 38.422000 
54.972300, -114.291800, 25.568000 
52.030100, -112.886600, 49.440000 
51.901800, -113.031600, 24.560000 
51.930900, -113.078900, 26.190000 
51.790000, -113.040700, 391.240000 
52.008300, -111.487800, 29.350000 
51.651800, -112.723100, 31.300000 
54.387300, -114.753100, 28.690000 
51.950100, -112.805400, 38.250000 
51.848200, -113.758200, 394.850000 
54.623400, -118.192200, 84.894000 
54.496000, -116.783700, 82.061000 
54.525100, -116.796200, 68.228000 
54.125100, -116.816700, 34.008000 
53.733000, -112.959300, 45.424000 
53.692200, -113.114100, 14.632000 
51.319500, -112.737600, 23.360000 
49.984100, -110.041800, 22.000000 
52.583000, -113.734000, 26.294000 
54.096300, -115.736600, 53.620000 
52.626700, -114.495900, 23.950000 
53.834400, -114.413500, 69.440000 
55.321500, -118.759700, 28.910000 
55.300100, -118.701000, 40.284000 
54.116900, -110.214800, 270.100000 
55.233400, -115.069700, 38.076000 
53.176000, -115.272300, 110.450000 
53.241400, -113.838700, 61.670000 
53.330700, -113.719400, 45.190000 
53.969410, -110.454161, 120.119000 
