53.288500, -110.018300, 0.331000 
52.146300, -115.330000, 3.080000 
53.048100, -113.921000, 4.111000 
50.747700, -114.494700, 0.483000 
54.952700, -119.195300, 3.276000 
53.952700, -113.078000, 0.385000 
54.572300, -115.522900, 0.501000 
54.596400, -110.395000, 0.784000 
55.335900, -119.223000, 0.004000 
50.647500, -113.772000, 0.068000 
54.194400, -116.632200, 1.515000 
53.546800, -113.734800, 0.120000 
53.245000, -115.674300, 0.301000 
55.358300, -114.617200, 0.050000 
53.746900, -113.164500, 0.301000 
52.959300, -115.893800, 0.299000 
51.637200, -112.866000, 1.222000 
52.776100, -115.660700, 0.244000 
52.758100, -114.111600, 0.280000 
52.226300, -115.177000, 0.787000 
51.534800, -114.203700, 0.950000 
49.720100, -112.781900, 12.180000 
55.725100, -119.399900, 0.716000 
52.308300, -113.550000, 0.212000 
51.191300, -113.940900, 3.536000 
49.305200, -114.000300, 2.028000 
51.965500, -114.753600, 2.025000 
56.380600, -116.795000, 0.399000 
53.652000, -116.099200, 3.097000 
57.003300, -111.466100, 308.067000 
57.040500, -111.619200, 477.212000 
50.982200, -113.974200, 0.020000 
53.570000, -113.611400, 0.111000 
51.570800, -114.851700, 0.724000 
53.795900, -113.099600, 6.236000 
53.804200, -113.082400, 0.023000 
50.983000, -113.988400, 31.300000 
53.559400, -113.597500, 4.102000 
53.541700, -113.391700, 9.277000 
53.181200, -115.762500, 1.239000 
54.833300, -118.646700, 0.559000 
54.524700, -116.794300, 1.475000 
52.553700, -111.694000, 0.284000 
53.550500, -113.358900, 20.848000 
51.915300, -113.578100, 0.212000 
58.555500, -118.915900, 0.562000 
51.526000, -113.880000, 1.760000 
51.696900, -114.475000, 0.752000 
53.531993, -113.364925, 0.122000 
53.022700, -112.811400, 23.181000 
54.772900, -110.579000, 0.787000 
54.185400, -116.210400, 0.323000 
54.427200, -116.884300, 1.091000 
53.132300, -115.981700, 0.008000 
52.035300, -115.137700, 1.404000 
54.510900, -115.511700, 0.929000 
53.340200, -113.538100, 0.093000 
51.078650, -114.017660, 0.310000 
55.041500, -119.631000, 0.142000 
49.628100, -114.571900, 0.049000 
57.546300, -119.112600, 0.052000 
55.040000, -115.475800, 0.028000 
53.250200, -115.555500, 0.314000 
55.489100, -119.750800, 0.008000 
53.557500, -116.547200, 0.103000 
53.817200, -113.133600, 0.028000 
53.498700, -113.383100, 0.008000 
51.000700, -113.965670, 2.767000 
53.950900, -113.088100, 0.004000 
53.670500, -115.762200, 0.062000 
51.376000, -113.949200, 0.034000 
55.074200, -117.274200, 0.090000 
55.199400, -116.221900, 0.006000 
55.993500, -113.480500, 0.053000 
53.745000, -110.810800, 0.004000 
53.902300, -115.189300, 1.740000 
53.740700, -113.023100, 0.396000 
52.228400, -114.397700, 0.226000 
53.550690, -113.349600, 5.131000 
52.674300, -111.311600, 0.629000 
53.286400, -110.017800, 0.005000 
52.656700, -111.311900, 0.005000 
54.420500, -110.213100, 0.034000 
52.869000, -115.101000, 0.043000 
52.904700, -115.324700, 0.075000 
55.069600, -110.536100, 0.214000 
53.373100, -116.086000, 0.191000 
57.351700, -111.522200, 0.743000 
50.959200, -113.981200, 0.377000 
53.527200, -113.354800, 0.513000 
53.544400, -113.366200, 0.098000 
53.221200, -114.993900, 0.004000 
53.543100, -117.797900, 0.104000 
50.963600, -113.976680, 1.423000 
53.530040, -113.402010, 1.697000 
53.282300, -113.542000, 0.005000 
55.116400, -116.712300, 0.242000 
57.590100, -117.531700, 0.294000 
53.159500, -114.902800, 0.226000 
55.309200, -119.205800, 0.001000 
53.574200, -116.646900, 0.001000 
53.866900, -110.644900, 0.805000 
54.974300, -117.285800, 0.001000 
53.388600, -115.315800, 0.269000 
56.215000, -110.968100, 0.047000 
59.641800, -118.307800, 0.691000 
50.994100, -113.958300, 124.120000 
53.499900, -113.418000, 0.647000 
52.292200, -113.816900, 0.861000 
49.449200, -111.616700, 0.031000 
49.372800, -110.672500, 0.002000 
53.288900, -110.012000, 3.960000 
52.309150, -113.809970, 0.018000 
55.373190, -114.747800, 83.594000 
53.579500, -113.316800, 0.003000 
53.566800, -113.365000, 0.239000 
52.639900, -111.273500, 0.115000 
54.285000, -115.698200, 0.942000 
53.307000, -110.019000, 3.700000 
