53.733200, -113.175000, 0.002000 
53.288500, -110.018300, 0.726000 
52.146300, -115.330000, 162.900000 
50.747700, -114.494700, 92.574000 
54.194400, -116.632200, 167.050000 
53.746900, -113.164500, 1.463000 
51.742300, -114.134500, 27.550000 
52.776100, -115.660700, 0.590000 
52.758100, -114.111600, 3.128000 
52.226300, -115.177000, 27.240000 
51.534800, -114.203700, 18.754000 
55.725100, -119.399900, 11.184000 
51.191300, -113.940900, 113.190000 
53.733200, -113.486200, 1.389000 
49.305200, -114.000300, 57.500000 
51.039600, -114.559000, 147.100000 
51.965500, -114.753600, 188.923000 
57.003300, -111.466100, 30.126000 
57.040500, -111.619200, 89.296000 
51.570800, -114.851700, 64.517000 
53.181200, -115.762500, 20.461000 
51.219500, -114.645400, 23.780000 
53.204500, -116.811200, 212.028000 
51.526000, -113.880000, 18.859000 
54.185400, -116.210400, 66.270000 
54.427200, -116.884300, 163.900000 
57.546300, -119.112600, 1.192000 
53.557500, -116.547200, 31.791000 
