53.048100, -113.921000, 22.749000 
53.572500, -113.360600, 0.486000 
53.571700, -113.349800, 6.851000 
52.308300, -113.550000, 0.004000 
51.191300, -113.940900, 6.802000 
53.652000, -116.099200, 3.582000 
54.423300, -117.760400, 2.694000 
50.982200, -113.974200, 0.001000 
53.227700, -114.988900, 48.500000 
53.593060, -116.390300, 88.200000 
55.269500, -114.598300, 25.870000 
53.804200, -113.082400, 1.973000 
50.845800, -113.586700, 2.958000 
50.086600, -110.716700, 7.295000 
54.238200, -115.379700, 106.300000 
55.029800, -118.744000, 112.913000 
55.432500, -116.486000, 43.310000 
58.501200, -117.145600, 25.000000 
52.942400, -113.511100, 0.615000 
