53.582300, -113.588600, 70.382000 
55.996700, -118.533600, 71.490000 
53.539700, -113.409200, 356.700000 
56.377200, -117.175600, 1062.624000 
53.833100, -113.108900, 16.890000 
53.344000, -114.305000, 3021.218000 
53.733200, -113.175000, 1084.573000 
53.288500, -110.018300, 64.958000 
52.146300, -115.330000, 241.030000 
53.048100, -113.921000, 647.743000 
50.747700, -114.494700, 1497.531000 
54.952700, -119.195300, 121.103000 
53.421300, -113.904400, 130.837000 
53.952700, -113.078000, 200.930000 
54.572300, -115.522900, 204.130000 
54.596400, -110.395000, 2896.935000 
55.335900, -119.223000, 22.060000 
50.647500, -113.772000, 32.440000 
54.194400, -116.632200, 228.210000 
53.245000, -115.674300, 32.680000 
55.358300, -114.617200, 22.090000 
53.746900, -113.164500, 28.350000 
53.718500, -113.183000, 0.057000 
54.144400, -115.691700, 37.576000 
49.789400, -112.126100, 574.600000 
54.179100, -115.806000, 21.772000 
52.564700, -112.141400, 577.677000 
51.531700, -111.786100, 687.082000 
54.007100, -119.104000, 126.000000 
51.742300, -114.134500, 78.790000 
52.496000, -114.988000, 64.762000 
50.675600, -110.025000, 32.014000 
53.529100, -113.387500, 449.094000 
53.572500, -113.360600, 384.822000 
53.571700, -113.349800, 67.400000 
52.959300, -115.893800, 127.220000 
52.463000, -114.346500, 79.340000 
51.637200, -112.866000, 392.900000 
52.776100, -115.660700, 73.950000 
52.758100, -114.111600, 682.530000 
52.226300, -115.177000, 296.520000 
51.534800, -114.203700, 206.651000 
58.500000, -119.416700, 60.940000 
52.940400, -114.832300, 392.647000 
55.725100, -119.399900, 395.736000 
52.308300, -113.550000, 431.121000 
49.713599, -112.796397, 14.826000 
51.191300, -113.940900, 754.851000 
53.733200, -113.486200, 5.970000 
49.305200, -114.000300, 138.176000 
51.039600, -114.559000, 233.000000 
51.965500, -114.753600, 132.328000 
53.722900, -113.174000, 1.400000 
53.721700, -113.191700, 178.602000 
53.841600, -113.097900, 513.350000 
53.652000, -116.099200, 82.417000 
54.423300, -117.760400, 119.856000 
57.003300, -111.466100, 3079.972000 
57.040500, -111.619200, 7007.473000 
53.560000, -114.486200, 342.910000 
53.508500, -114.557100, 2303.233000 
53.448700, -114.449100, 872.749000 
52.385800, -113.595000, 116.733000 
51.181625, -114.472100, 7.024000 
52.033030, -113.938910, 287.169000 
53.227700, -114.988900, 1253.000000 
53.593060, -116.390300, 1067.064000 
55.269500, -114.598300, 121.580000 
51.570800, -114.851700, 48.694000 
55.071200, -118.691200, 941.533000 
53.795900, -113.099600, 484.310000 
53.804200, -113.082400, 152.435000 
53.413300, -117.570600, 1028.511000 
50.845800, -113.586700, 540.870000 
53.541700, -113.391700, 2730.383000 
53.181200, -115.762500, 519.021000 
51.219500, -114.645400, 605.407000 
50.805300, -110.034900, 353.400000 
54.833300, -118.646700, 164.548000 
54.524700, -116.794300, 838.808000 
52.553700, -111.694000, 44.741000 
54.130900, -115.546700, 45.437000 
53.204500, -116.811200, 109.618000 
50.086600, -110.716700, 606.601000 
53.550500, -113.358900, 992.904000 
51.915300, -113.578100, 481.573000 
51.526000, -113.880000, 329.821000 
51.696900, -114.475000, 288.720000 
55.248100, -114.514000, 3015.448000 
53.531993, -113.364925, 151.830000 
54.772900, -110.579000, 1766.325000 
54.185400, -116.210400, 176.750000 
51.400100, -114.034300, 163.444000 
53.757500, -113.149900, 43.129000 
51.984500, -114.743800, 32.333000 
54.427200, -116.884300, 188.980000 
53.132300, -115.981700, 31.495000 
55.913200, -115.150400, 31.319000 
52.035300, -115.137700, 216.612000 
54.510900, -115.511700, 154.700000 
53.283800, -110.031900, 34.699000 
50.061200, -110.723000, 25.390000 
55.481900, -119.059200, 56.520000 
54.238200, -115.379700, 95.900000 
53.725400, -113.193000, 466.030000 
55.029800, -118.744000, 874.580000 
55.041500, -119.631000, 589.886000 
55.273300, -114.599700, 608.410000 
55.162300, -118.816600, 21.500000 
49.628100, -114.571900, 32.985000 
57.546300, -119.112600, 131.370000 
55.040000, -115.475800, 497.173000 
50.597600, -111.881800, 36.610000 
50.583700, -113.871100, 44.780000 
53.250200, -115.555500, 39.498000 
55.489100, -119.750800, 277.860000 
53.581600, -113.599100, 1401.900000 
55.876700, -119.301100, 227.300000 
51.222500, -114.495600, 196.727000 
55.432500, -116.486000, 288.720000 
53.557500, -116.547200, 162.840000 
59.063100, -118.875700, 383.482000 
53.817200, -113.133600, 21.199000 
51.058900, -115.174500, 465.442000 
52.327100, -112.718300, 360.400000 
56.904200, -117.633600, 672.310000 
53.670500, -115.762200, 376.800000 
53.723500, -113.173800, 67.134000 
53.908300, -118.816700, 880.300000 
50.058200, -110.728200, 159.239000 
54.133300, -115.366600, 55.737000 
52.827500, -110.859600, 0.211000 
57.218000, -111.027000, 2480.000000 
53.099900, -115.316800, 247.800000 
55.074200, -117.274200, 68.176000 
55.268600, -114.584700, 1003.264000 
54.394900, -116.809000, 1389.620000 
58.194700, -116.350400, 1875.340000 
55.199400, -116.221900, 189.520000 
55.993500, -113.480500, 79.297000 
53.576900, -113.570600, 26.437000 
49.729139, -112.781105, 25.274000 
53.799100, -113.080700, 51.623000 
58.518800, -117.119500, 14572.330000 
54.139800, -115.689100, 8.657000 
54.587200, -112.803100, 654.325000 
53.902300, -115.189300, 54.230000 
53.740700, -113.023100, 594.300000 
52.212400, -113.843700, 331.535000 
52.228400, -114.397700, 107.610000 
51.189400, -113.937800, 80.204000 
52.766100, -114.285600, 10.315000 
53.593600, -113.335600, 85.200000 
57.298900, -111.503300, 677.054000 
53.345800, -111.251900, 23.130000 
50.040920, -110.721904, 40.009000 
50.664700, -113.784200, 33.010000 
49.801900, -113.104700, 233.350000 
53.622800, -115.869400, 20.830000 
50.269600, -112.893800, 444.140000 
53.652200, -113.716400, 19.490000 
54.846700, -112.567500, 146.771000 
55.706400, -118.772800, 10.030000 
54.926900, -111.936100, 117.252000 
52.308300, -113.550000, 1372.384000 
58.447100, -119.238300, 70.839000 
58.460300, -115.238300, 8.898000 
53.402700, -117.599300, 154.394000 
50.577200, -111.178100, 115.610000 
56.981400, -111.462500, 22.237000 
52.869000, -115.101000, 54.390000 
50.671900, -110.028900, 53.493000 
52.904700, -115.324700, 32.670000 
55.582700, -110.888800, 87.480000 
53.091100, -111.768600, 875.490000 
55.069600, -110.536100, 428.550000 
53.373100, -116.086000, 319.390000 
51.006900, -113.192800, 64.270000 
57.351700, -111.522200, 108.920000 
51.028800, -114.044800, 35.461000 
53.519600, -113.529000, 130.540000 
51.024500, -114.025000, 28.800000 
52.315900, -113.850000, 29.422000 
50.847000, -113.591000, 62.620000 
53.819400, -113.141900, 47.268000 
51.316900, -113.390300, 27.763000 
54.043500, -117.420000, 101.086000 
49.975700, -114.130000, 80.134000 
55.125900, -117.838000, 44.745000 
52.058000, -114.908000, 84.117000 
57.879100, -118.418300, 22.938000 
54.288500, -116.978000, 34.659000 
54.829600, -118.647000, 80.809000 
54.402000, -112.553000, 31.733000 
57.361200, -119.754000, 24.752000 
51.099300, -112.639000, 80.795000 
53.960200, -116.460000, 45.511000 
54.483500, -118.100000, 39.988000 
57.188000, -118.248900, 38.911000 
50.697800, -111.531000, 138.727000 
50.704600, -110.844000, 97.438000 
51.943400, -114.736000, 126.857000 
53.470500, -116.496100, 24.904000 
50.693800, -114.330000, 53.233000 
52.355300, -115.332000, 59.549000 
52.755200, -110.747000, 39.501000 
51.444300, -114.527000, 30.794000 
53.244500, -116.238000, 95.452000 
51.130700, -114.009000, 31.540000 
51.015020, -114.026480, 151.276000 
51.068200, -115.136400, 58.091000 
53.862700, -110.639000, 21.000000 
52.479300, -115.206900, 23.991000 
53.537900, -117.085900, 34.966000 
53.431000, -117.540600, 3.520000 
53.010600, -112.810000, 23.743000 
52.255700, -113.886000, 10.069000 
53.645100, -114.130200, 16.174000 
51.407800, -113.668300, 60.086000 
50.963300, -112.288300, 62.478000 
50.701100, -111.095600, 62.106000 
54.293100, -116.188300, 127.008000 
53.826700, -113.603300, 60.864000 
53.039700, -111.220000, 53.572000 
55.866700, -119.596700, 45.245000 
51.065300, -115.221100, 234.078000 
53.501040, -113.489732, 101.151000 
51.052000, -114.010500, 1.328000 
49.725300, -112.790000, 0.683000 
55.969400, -117.575600, 43.530000 
51.890100, -114.495200, 48.682000 
52.046500, -114.588800, 58.369000 
52.581200, -113.971000, 92.576000 
51.813700, -114.536800, 174.014000 
50.194700, -110.479700, 28.440000 
50.187500, -110.476900, 29.250000 
53.152300, -111.076600, 34.210000 
50.751500, -113.079900, 27.580000 
50.716700, -112.983300, 26.910000 
54.560100, -111.770600, 124.400000 
52.843200, -111.722800, 40.710000 
53.537900, -111.785100, 26.640000 
53.635900, -112.019200, 250.040000 
55.931200, -112.047000, 29.590000 
54.687300, -111.944600, 102.320000 
54.658200, -111.622300, 22.580000 
51.209800, -110.161100, 13.030000 
51.213400, -110.336100, 24.230000 
52.308200, -114.096500, 5.600000 
52.322800, -114.020800, 49.970000 
51.649800, -110.187200, 19.660000 
52.083200, -112.207800, 1.340000 
52.926800, -111.889500, 23.930000 
52.923100, -111.882500, 46.960000 
51.770100, -111.422000, 19.000000 
51.791700, -111.536400, 23.300000 
52.555700, -111.805300, 130.660000 
52.402900, -111.844500, 15.440000 
56.036800, -113.782500, 24.650000 
52.402900, -111.736200, 33.580000 
55.644000, -114.659700, 73.650000 
55.513100, -113.475000, 49.560000 
55.858700, -113.841400, 290.040000 
54.101800, -114.292500, 45.760000 
55.247500, -116.641600, 176.200000 
55.203600, -116.615600, 132.860000 
54.359600, -116.152900, 106.310000 
54.116200, -114.856400, 26.230000 
54.229000, -110.348600, 90.240000 
54.432500, -110.306400, 60.530000 
54.210700, -110.241900, 66.630000 
54.243400, -110.762300, 52.270000 
54.141800, -110.925300, 23.700000 
54.025400, -110.681200, 13.560000 
54.113300, -110.564600, 69.160000 
54.062600, -110.292200, 89.230000 
54.105400, -113.442700, 35.530000 
54.479800, -110.332600, 51.370000 
54.203400, -110.204400, 22.380000 
53.277900, -110.034300, 8.830000 
53.883400, -110.041100, 153.850000 
53.821500, -110.035000, 24.080000 
50.227500, -113.548200, 389.980000 
50.904300, -113.308500, 61.310000 
50.231100, -113.519600, 35.640000 
50.151100, -113.562100, 149.830000 
49.088900, -112.582300, 22.060000 
52.908400, -112.435300, 21.910000 
53.155900, -112.326700, 32.360000 
54.298200, -112.824300, 4.040000 
56.091500, -111.817800, 16.760000 
55.991165, -112.032320, 11.920000 
55.873200, -112.145400, 56.630000 
55.978700, -112.217400, 24.720000 
55.978700, -112.354900, 25.910000 
52.923200, -115.107500, 24.250000 
52.779800, -113.629900, 13.020000 
52.774000, -113.520700, 18.980000 
52.719300, -113.617900, 9.510000 
52.857600, -113.320700, 49.780000 
53.345100, -114.743600, 37.090000 
52.908400, -115.174200, 34.060000 
52.872000, -113.629900, 68.540000 
52.868400, -113.666300, 8.820000 
52.104500, -113.077400, 210.060000 
52.592000, -113.967900, 6.250000 
52.322800, -114.020800, 53.120000 
52.373700, -114.076000, 5.600000 
58.568700, -119.201500, 61.739000 
54.138100, -111.908300, 179.529000 
53.890700, -117.354000, 231.989000 
53.643300, -111.426700, 25.638000 
55.396400, -119.599700, 94.745000 
53.766900, -112.203100, 26.396000 
50.129400, -111.908400, 61.844000 
53.977100, -117.285100, 131.337000 
55.720300, -119.406100, 181.625000 
54.494400, -115.957600, 110.561000 
53.927000, -114.376900, 21.725000 
54.650900, -114.528900, 35.350000 
54.338200, -114.060400, 102.401000 
54.545300, -112.670600, 22.845000 
54.530800, -112.920000, 23.114000 
53.736200, -113.833900, 29.933000 
55.116400, -116.712300, 51.686000 
58.943200, -118.916800, 80.966000 
59.165100, -118.725800, 34.691000 
59.117900, -118.654500, 24.377000 
59.005100, -119.033200, 156.258000 
59.095900, -118.576100, 33.302000 
57.364000, -119.763000, 30.117000 
57.382500, -119.778400, 25.098000 
52.632000, -112.945400, 20.793000 
52.746800, -112.988000, 31.970000 
52.144400, -115.535000, 50.197000 
52.549700, -112.579400, 95.024000 
51.893700, -114.400400, 186.646000 
52.480900, -114.870200, 113.291000 
52.395700, -115.188900, 38.669000 
52.199300, -114.564900, 61.395000 
52.544800, -114.641600, 141.927000 
52.319300, -111.477600, 135.299000 
52.235700, -111.788100, 142.196000 
52.220900, -111.937300, 105.014000 
51.955400, -111.845300, 93.571000 
51.977300, -111.173400, 214.276000 
52.446500, -111.272700, 86.213000 
52.515700, -113.173800, 584.857000 
52.450100, -113.167900, 68.445000 
49.871100, -112.913700, 70.762000 
52.512000, -112.999300, 47.168000 
52.366500, -113.191800, 22.968000 
52.104400, -110.695000, 236.532000 
51.977300, -110.486900, 27.459000 
52.264500, -110.570500, 69.453000 
50.737400, -112.084900, 226.530000 
50.542200, -112.204700, 23.590000 
50.704300, -111.155300, 32.737000 
50.518700, -111.910900, 62.730000 
50.838700, -111.520100, 33.061000 
50.977000, -111.683100, 20.552000 
52.166500, -113.256300, 31.922000 
52.286500, -114.123200, 40.999000 
54.785300, -117.658000, 258.201000 
52.457600, -114.419100, 34.116000 
57.200800, -118.819200, 24.867000 
55.891100, -119.798600, 49.928000 
51.488700, -113.153900, 130.350000 
53.416800, -113.917700, 95.797000 
53.941500, -113.664600, 92.614000 
53.137600, -113.794100, 23.399000 
55.305700, -115.046100, 20.546000 
57.346400, -119.099000, 66.250000 
57.189700, -119.054800, 38.130000 
53.821500, -113.490400, 74.550000 
56.964500, -117.007100, 215.060000 
52.122900, -110.570500, 23.180000 
56.957000, -115.350900, 30.090000 
59.623400, -117.727200, 18.514000 
51.213400, -111.030000, 55.260000 
56.058600, -118.161700, 21.020000 
53.861500, -114.756100, 141.000000 
51.591800, -110.750000, 112.480000 
51.607100, -110.282400, 62.490000 
49.689200, -112.942000, 106.970000 
54.127000, -110.486500, 65.280000 
51.333400, -110.667500, 224.880000 
55.698300, -118.783300, 72.620000 
55.714100, -118.830400, 61.840000 
50.173100, -112.718100, 29.960000 
54.334500, -110.310900, 84.000000 
56.982800, -118.305800, 39.190000 
51.235400, -113.088500, 20.190000 
51.773700, -114.222900, 20.610000 
50.987900, -111.741500, 76.620000 
51.425100, -110.513800, 75.170000 
49.576400, -112.919200, 27.550000 
54.043400, -110.619200, 27.860000 
49.303600, -110.576900, 27.670000 
56.727900, -116.305700, 59.590000 
56.069400, -119.877200, 50.860000 
51.413400, -111.766500, 58.890000 
51.254200, -110.402700, 94.690000 
50.220300, -112.444200, 150.888000 
49.521900, -112.859000, 58.930000 
53.374300, -114.232100, 44.994000 
53.385100, -114.324300, 31.812000 
55.887500, -119.098100, 31.337000 
51.911800, -114.512900, 29.920000 
52.068200, -114.546800, 42.085000 
51.919000, -114.394600, 30.395000 
51.897200, -115.040200, 45.351000 
51.948100, -115.081600, 26.870000 
52.093600, -115.143800, 22.175000 
52.090000, -115.161600, 30.514000 
52.064400, -115.131800, 29.655000 
51.878900, -115.093200, 23.481000 
51.828100, -114.980700, 28.312000 
53.912600, -116.745100, 33.080000 
54.207000, -117.169300, 36.502000 
57.338900, -119.657100, 161.489000 
57.346400, -118.350000, 21.509000 
57.193700, -118.199700, 40.042000 
57.502800, -118.745700, 40.078000 
57.393600, -118.555300, 24.424000 
57.338900, -118.460000, 91.590000 
55.713800, -111.263100, 3.206000 
55.352900, -110.627800, 180.517000 
55.396500, -110.737300, 114.880000 
55.691200, -111.275900, 360.888000 
54.436200, -111.205100, 45.459000 
55.694100, -113.599400, 21.088000 
55.509300, -114.146900, 24.537000 
55.585600, -117.891600, 122.988000 
53.159500, -114.902800, 10.040000 
54.796400, -119.439200, 43.256000 
54.800000, -119.775600, 40.257000 
54.607200, -119.332000, 56.619000 
54.720000, -119.110600, 82.882000 
54.829200, -119.668600, 49.015000 
52.544800, -114.545200, 156.310000 
52.184500, -114.737900, 20.430000 
52.814000, -114.786000, 156.000000 
52.923200, -115.156100, 42.150000 
52.708400, -115.428900, 43.530000 
53.101200, -114.761900, 112.600000 
51.649800, -114.501300, 32.260000 
53.610600, -117.695900, 89.700000 
53.625000, -117.782300, 149.860000 
54.450800, -117.228100, 60.720000 
53.909800, -115.787800, 43.390000 
53.828700, -115.943000, 126.970000 
53.366700, -116.022500, 20.820000 
53.326800, -116.168000, 145.720000 
53.534300, -116.333900, 79.510000 
49.616400, -112.472000, 24.130000 
49.958300, -113.556600, 47.890000 
49.725600, -113.397600, 38.070000 
53.076000, -111.299800, 56.840000 
53.035900, -111.403600, 50.280000 
53.777900, -115.974200, 24.270000 
53.777900, -115.769200, 24.920000 
54.130700, -115.765300, 65.720000 
54.887200, -119.828100, 141.000000 
55.032800, -119.745000, 20.240000 
55.010800, -119.865000, 27.940000 
56.036700, -119.641700, 21.790000 
56.011400, -119.759500, 37.260000 
57.480800, -119.160100, 63.030000 
57.418900, -119.561200, 23.930000 
57.560800, -119.521200, 41.750000 
51.065100, -114.130500, 36.666000 
51.180450, -113.937280, 61.577000 
53.013900, -116.258600, 21.810000 
52.747000, -115.255600, 36.160000 
52.703800, -114.572500, 30.040000 
50.805800, -111.507500, 53.360000 
52.064400, -114.271400, 233.875000 
52.020800, -110.891900, 20.725000 
52.300800, -114.211700, 21.164000 
52.253600, -114.295300, 51.656000 
52.999100, -112.971000, 23.210000 
54.130600, -119.218900, 68.260000 
54.439300, -119.655000, 36.140000 
54.459900, -119.717000, 118.290000 
56.975500, -113.309600, 276.302000 
55.069400, -113.313900, 35.240000 
53.499300, -116.805300, 120.759000 
56.917300, -112.960700, 78.750000 
50.718600, -111.322200, 57.596000 
57.004500, -113.188600, 78.811000 
52.915800, -113.022500, 25.448000 
57.485900, -113.793100, 42.590000 
55.884400, -113.291000, 34.078000 
51.449700, -111.571700, 24.983000 
54.257200, -112.373600, 21.569000 
54.419600, -117.293100, 26.511000 
50.940600, -111.880600, 32.759000 
55.843900, -111.090000, 22.497000 
56.135000, -113.028300, 37.112000 
56.134800, -113.201300, 26.847000 
54.127300, -110.890400, 21.040000 
53.997000, -111.569200, 272.530000 
54.816000, -118.715600, 28.183000 
54.612500, -118.214300, 96.654000 
53.215900, -116.497000, 53.717000 
55.688200, -113.897000, 30.804000 
55.631500, -112.189600, 51.368000 
55.862600, -119.715000, 25.931000 
50.567300, -111.213500, 39.620000 
54.494400, -118.198900, 45.117000 
52.155600, -113.529700, 38.717000 
57.059400, -112.842800, 28.356000 
53.770600, -117.601400, 46.829000 
54.760400, -113.959500, 31.437000 
55.125000, -111.690600, 29.350000 
53.583000, -116.842000, 122.545000 
54.528700, -117.464200, 23.743000 
56.199000, -110.675100, 31.850000 
55.823000, -110.792300, 21.157000 
50.511400, -111.289400, 36.604000 
56.622700, -119.946500, 106.603000 
50.191900, -111.301800, 25.885000 
53.714300, -110.747300, 26.297000 
51.460600, -112.652800, 96.760000 
51.496900, -112.570600, 21.823000 
51.468800, -112.609800, 22.930000 
51.468100, -112.688100, 21.823000 
54.156100, -112.008600, 39.867000 
55.309200, -119.205800, 116.420000 
53.574200, -116.646900, 117.080000 
54.416000, -115.636200, 49.400000 
54.974300, -117.285800, 78.220000 
52.050100, -112.728300, 67.020000 
54.387000, -116.966700, 116.520000 
54.159000, -116.757000, 20.100000 
51.971600, -112.630300, 27.657000 
51.315900, -113.428500, 40.147000 
52.613900, -112.805800, 23.078000 
51.691800, -112.224000, 30.400000 
51.281700, -113.428000, 39.577000 
51.225200, -113.612600, 25.306000 
54.944400, -118.828100, 35.693000 
55.265600, -114.601400, 36.170000 
53.388600, -115.315800, 28.940000 
54.350500, -116.766800, 20.468000 
49.684600, -112.814600, 37.000000 
55.698000, -118.137100, 109.460000 
50.006500, -114.146000, 68.690000 
50.609400, -113.706700, 25.190000 
50.443500, -113.952200, 35.890000 
50.397600, -113.925500, 142.800000 
56.198300, -118.656300, 21.480000 
56.556900, -119.363900, 26.690000 
50.553600, -113.553000, 20.720000 
50.957700, -113.714500, 29.880000 
50.693100, -113.510000, 40.920000 
53.664100, -116.201800, 37.620000 
53.706600, -115.976300, 297.060000 
53.388600, -115.285000, 22.200000 
50.521800, -113.913200, 50.120000 
50.653300, -111.166100, 89.420000 
50.576700, -112.630300, 162.370000 
50.559400, -112.613000, 50.820000 
52.926700, -113.998900, 315.650000 
51.024500, -111.642800, 93.160000 
51.552500, -111.490600, 194.890000 
51.176900, -112.055300, 379.010000 
51.915100, -113.373700, 38.650000 
52.358000, -114.324100, 52.680000 
51.637100, -112.865800, 323.620000 
51.552600, -111.632500, 95.360000 
52.743400, -114.113400, 62.040000 
52.337200, -115.123200, 23.570000 
51.493300, -111.201400, 82.110000 
52.851400, -114.046900, 103.080000 
50.656900, -112.607200, 75.630000 
52.265500, -114.517800, 70.260000 
52.193500, -112.771900, 26.630000 
52.197100, -114.367700, 39.860000 
52.707000, -114.137500, 83.190000 
53.825000, -115.556700, 204.720000 
53.216900, -116.358700, 70.100000 
57.295300, -115.546100, 262.410000 
55.519900, -119.349500, 55.760000 
57.066100, -114.777500, 35.870000 
53.967700, -110.122400, 43.260000 
52.260500, -113.816600, 203.472000 
52.366300, -114.963000, 164.979000 
55.651800, -111.084400, 350.347000 
56.930900, -115.252200, 169.676000 
55.883900, -117.462000, 47.651000 
49.729200, -114.427200, 95.716000 
55.145600, -114.118900, 26.402000 
54.388400, -110.949300, 53.167000 
53.193400, -110.863100, 41.592000 
55.640300, -118.502800, 45.923000 
55.917500, -119.835200, 23.652000 
56.281800, -119.166800, 40.211000 
54.348900, -119.463300, 46.449000 
55.471000, -110.720700, 26.268000 
52.238900, -112.399300, 46.897000 
57.303800, -114.973000, 52.570000 
55.769300, -118.567800, 30.937000 
55.429200, -113.618100, 26.813000 
54.033400, -117.756900, 140.633000 
53.277000, -110.481000, 38.747000 
54.965100, -119.306800, 51.347000 
52.140800, -112.157200, 63.442000 
56.347100, -119.190500, 73.950000 
55.895000, -118.317500, 37.321000 
50.165300, -110.666200, 22.776000 
51.495900, -114.210100, 114.647000 
50.202700, -110.661300, 48.562000 
50.336700, -110.135000, 50.053000 
50.294200, -110.593500, 25.705000 
50.191100, -110.259400, 27.277000 
53.017500, -112.191400, 42.369000 
53.337800, -111.243900, 44.411000 
53.190300, -115.224000, 35.711000 
52.544700, -111.121700, 55.810000 
52.090700, -112.766700, 150.000000 
55.862200, -119.589200, 108.200000 
56.098600, -119.288100, 89.600000 
55.945800, -119.805300, 148.000000 
55.943900, -119.923100, 29.100000 
50.955100, -112.697800, 42.500000 
50.969800, -112.855100, 42.900000 
50.995000, -112.801700, 132.530000 
50.965900, -113.030200, 43.630000 
51.037000, -113.196300, 40.040000 
50.980700, -113.216800, 25.550000 
51.013400, -112.907600, 42.500000 
51.115100, -112.960100, 30.060000 
51.122600, -113.164300, 35.280000 
51.217000, -112.977600, 26.820000 
51.217000, -113.977700, 81.760000 
51.279000, -113.065200, 29.700000 
51.006200, -113.176000, 53.060000 
51.020700, -112.948400, 113.290000 
50.278300, -111.468400, 336.530000 
50.289400, -112.007500, 136.110000 
50.296700, -111.566200, 57.290000 
50.274700, -111.847600, 27.160000 
50.238300, -111.939500, 26.460000 
50.438700, -111.284800, 617.710000 
50.413200, -111.755900, 26.850000 
50.485900, -111.451200, 155.830000 
50.485900, -112.014200, 85.620000 
50.536800, -112.031500, 41.430000 
50.656800, -111.410100, 103.700000 
50.671500, -111.695300, 216.730000 
50.998700, -112.464500, 84.260000 
51.126200, -112.359500, 162.030000 
51.304300, -112.653700, 91.980000 
51.275400, -112.906500, 83.340000 
51.402400, -112.918100, 129.290000 
51.075100, -112.231200, 30.800000 
51.013400, -112.301200, 23.930000 
51.042300, -112.254500, 27.860000 
51.060700, -112.412000, 34.280000 
51.118700, -112.505300, 30.770000 
51.147800, -112.621100, 41.270000 
51.129700, -114.767900, 65.840000 
51.151500, -112.703700, 30.770000 
51.159000, -112.785100, 33.870000 
51.177600, -112.785100, 24.990000 
51.300700, -112.524500, 33.870000 
51.322600, -112.542000, 43.950000 
51.307900, -112.712600, 37.950000 
51.322600, -112.918100, 43.820000 
51.319000, -112.965100, 32.630000 
51.380700, -112.900600, 51.770000 
51.406200, -112.347600, 48.990000 
51.377000, -113.041600, 32.630000 
51.424300, -112.994500, 32.630000 
51.420600, -113.052500, 32.630000 
50.675000, -111.762200, 124.520000 
50.802300, -111.902000, 258.820000 
50.795100, -112.017800, 233.410000 
50.893400, -112.174000, 183.560000 
50.842300, -112.463400, 144.650000 
50.915100, -112.451700, 794.570000 
50.627900, -111.965600, 122.930000 
50.635100, -112.237600, 81.510000 
50.649500, -112.347600, 23.930000 
50.700700, -112.110300, 58.560000 
50.707900, -112.353400, 94.410000 
50.711500, -112.394000, 413.720000 
50.755100, -111.786200, 42.050000 
50.809500, -111.693700, 140.130000 
50.751500, -112.237600, 21.540000 
50.867900, -111.936700, 124.730000 
50.860700, -112.035100, 89.090000 
50.859000, -112.255100, 25.680000 
50.849500, -112.411200, 25.280000 
50.835100, -112.538700, 31.210000 
50.940700, -112.371200, 24.730000 
50.977000, -112.242800, 134.620000 
50.929800, -112.458700, 36.650000 
50.889400, -113.406800, 177.110000 
51.380700, -113.229600, 94.450000 
51.402600, -113.247400, 260.350000 
50.984300, -113.444300, 136.060000 
51.075100, -113.409300, 112.900000 
51.177000, -113.438500, 49.990000 
51.239000, -113.164300, 20.870000 
51.264300, -113.403500, 57.460000 
51.359000, -113.352900, 66.600000 
49.030800, -111.052700, 33.480000 
49.038100, -111.158900, 42.010000 
49.154400, -110.902200, 41.930000 
49.172800, -111.086400, 26.750000 
49.205300, -111.037700, 199.650000 
49.220000, -110.981600, 27.640000 
49.285300, -111.054700, 23.060000 
49.358100, -111.375000, 28.920000 
49.601900, -110.445000, 35.700000 
49.758300, -110.479100, 32.370000 
57.840900, -117.867800, 77.400000 
57.931900, -117.835000, 374.140000 
58.164800, -117.427500, 34.020000 
58.081200, -117.635600, 439.050000 
57.808400, -118.093900, 132.260000 
58.030100, -118.399800, 23.990000 
56.222300, -112.706800, 84.070000 
54.872900, -110.418400, 21.910000 
54.883700, -110.418400, 43.820000 
54.854500, -111.802000, 87.763000 
54.949300, -110.622600, 394.700000 
54.956500, -110.616200, 21.910000 
54.970900, -110.750100, 72.050000 
54.985700, -110.737300, 21.910000 
55.047300, -110.577800, 1240.610000 
55.069300, -110.545900, 43.820000 
55.072900, -110.526700, 21.910000 
55.102000, -110.507600, 21.480000 
55.112900, -110.853100, 40.610000 
55.149300, -111.090900, 21.470000 
55.240100, -114.042800, 31.899000 
55.232900, -110.698700, 72.050000 
55.218400, -111.316200, 76.920000 
55.309300, -110.480100, 72.010000 
55.367600, -110.563700, 21.470000 
55.294800, -110.660100, 21.470000 
55.294800, -110.795100, 522.470000 
55.305700, -113.715500, 75.229000 
57.266800, -114.892000, 54.681000 
57.226200, -112.464600, 29.260000 
57.251800, -112.498500, 294.710000 
57.240900, -112.620700, 64.130000 
57.542900, -112.226600, 23.650000 
51.409800, -113.094600, 63.340000 
50.740700, -112.324500, 81.630000 
52.708400, -114.446600, 284.450000 
52.759300, -114.161600, 31.670000 
52.807000, -114.258600, 64.790000 
52.912000, -114.064600, 98.210000 
50.096700, -111.110000, 50.220000 
50.165800, -110.841900, 36.020000 
50.165800, -111.052800, 149.410000 
50.187500, -111.052800, 27.580000 
50.187600, -111.167000, 193.110000 
50.223900, -110.761900, 1203.590000 
50.223900, -110.899700, 92.070000 
50.224000, -110.037500, 355.140000 
50.398600, -110.503300, 477.640000 
50.573100, -111.177500, 354.050000 
50.700700, -110.478000, 474.710000 
50.700600, -110.772500, 22.310000 
55.363900, -119.760600, 97.170000 
55.425600, -118.988600, 172.880000 
55.443900, -119.522500, 23.170000 
55.378300, -119.760600, 35.810000 
55.472800, -119.127200, 220.780000 
52.574000, -115.393600, 83.900000 
52.701200, -115.392500, 22.310000 
52.217300, -112.307300, 88.768000 
56.095100, -113.448600, 663.500000 
50.536900, -112.031500, 31.920000 
50.700700, -111.022200, 126.100000 
50.314700, -111.968400, 97.260000 
50.631500, -111.022200, 44.170000 
50.336800, -111.169800, 116.061000 
52.755700, -113.939100, 60.090000 
56.178700, -112.786300, 44.870000 
52.599300, -113.083800, 37.300000 
52.457600, -113.576800, 22.670000 
54.223000, -113.478600, 144.490000 
53.130400, -112.834300, 50.140000 
53.054000, -110.787500, 25.050000 
55.985800, -119.425600, 33.620000 
54.581700, -115.982900, 34.880000 
51.239700, -115.564600, 20.140000 
51.766200, -111.963700, 22.400000 
51.915400, -111.744500, 23.270000 
52.020900, -112.402800, 54.690000 
50.922300, -112.003700, 140.220000 
55.619600, -119.503300, 89.370000 
52.908400, -114.088800, 50.890000 
50.591500, -111.780300, 133.480000 
50.325800, -110.255600, 70.200000 
50.078300, -110.419700, 48.580000 
51.439000, -112.054500, 33.980000 
51.359000, -112.360100, 36.570000 
54.967500, -119.131600, 38.970000 
51.531300, -113.276300, 116.710000 
51.642600, -113.337700, 69.800000 
53.374300, -114.527900, 176.930000 
50.817000, -113.100200, 51.470000 
50.835100, -112.799000, 31.670000 
51.122600, -112.149500, 28.380000 
51.038600, -111.864000, 46.220000 
51.046200, -112.044500, 60.560000 
49.958300, -111.030000, 45.260000 
50.565900, -110.210200, 21.660000 
50.755100, -110.310200, 45.550000 
53.876200, -117.149000, 39.518000 
53.937900, -116.900400, 38.888000 
53.981500, -116.999800, 35.463000 
53.228700, -115.104400, 314.674000 
51.708200, -114.388800, 201.108000 
52.640400, -113.252100, 62.956000 
55.574700, -118.815800, 166.403000 
52.435700, -113.390400, 407.945000 
55.433300, -116.483200, 144.000000 
53.052300, -113.692600, 60.860000 
52.482800, -110.026900, 26.770000 
53.825100, -116.396900, 110.011000 
51.093400, -112.820100, 44.160000 
52.275700, -114.218800, 22.650000 
51.871800, -112.887600, 40.700000 
52.439300, -110.316400, 20.430000 
51.737300, -112.561700, 28.940000 
56.613100, -112.849000, 30.020000 
58.110400, -118.115600, 42.060000 
56.233200, -113.896400, 55.680000 
58.128400, -118.382100, 20.830000 
58.550400, -117.426700, 29.400000 
55.385700, -113.001600, 41.100000 
49.569200, -112.149200, 23.310000 
52.493600, -115.935000, 24.120000 
50.485900, -111.702200, 24.195000 
50.689500, -111.554800, 24.176000 
52.610400, -114.821800, 35.517000 
53.265100, -115.520000, 65.680000 
50.897000, -111.693700, 38.000000 
50.522300, -111.652300, 24.295000 
52.286500, -114.970800, 20.597000 
55.432900, -111.219800, 39.783000 
56.313200, -111.636200, 154.620000 
52.875700, -110.458600, 5.921000 
54.161300, -117.665100, 13.031000 
52.675900, -110.515800, 58.388000 
54.268900, -111.143600, 25.974000 
57.877200, -119.740900, 615.700000 
51.529900, -112.136700, 25.380000 
49.652800, -111.231900, 200.065000 
52.111800, -112.731200, 20.870000 
54.541800, -110.408400, 13.720000 
53.561500, -116.577900, 3583.399000 
50.707900, -110.813900, 269.990000 
50.299100, -112.185400, 27.764000 
52.079300, -111.012200, 207.539000 
53.392300, -115.316900, 44.540000 
53.392300, -115.310800, 29.640000 
52.042900, -114.588800, 27.100000 
52.543100, -114.280500, 19.140000 
53.213700, -114.714000, 50.140000 
53.026900, -114.766400, 9.980000 
52.759300, -115.531900, 105.550000 
50.693200, -113.672900, 130.870000 
51.388100, -110.772500, 87.100000 
51.209800, -113.141000, 50.740000 
52.362900, -113.534900, 46.510000 
53.727000, -115.607500, 19.640000 
52.130100, -110.099100, 35.290000 
56.276930, -119.875770, 25.647000 
52.326500, -114.515200, 40.485000 
54.963600, -117.670700, 86.745000 
58.768700, -118.739800, 23.930000 
58.732300, -118.831800, 23.930000 
58.732300, -118.845900, 23.930000 
58.695900, -118.782300, 23.930000 
58.703200, -118.775400, 23.930000 
58.739500, -118.824800, 23.930000 
50.889600, -113.406800, 55.834000 
52.966800, -111.131600, 129.940000 
53.032300, -111.293600, 36.319000 
50.165900, -110.089100, 157.016000 
56.407900, -110.929200, 23.787000 
57.134500, -113.765100, 72.946000 
57.004500, -113.047100, 24.649000 
57.106200, -112.252700, 27.281000 
56.833400, -113.112100, 82.021000 
56.498700, -112.481600, 34.718000 
55.847500, -111.358600, 24.761000 
57.200900, -112.905700, 226.284000 
55.997300, -111.352400, 22.261000 
55.996800, -110.822600, 49.845000 
54.505300, -116.450600, 20.265000 
59.641800, -118.307800, 103.720000 
51.813600, -112.454200, 47.404000 
54.418100, -116.362000, 37.331000 
54.232500, -116.611500, 24.134000 
54.363300, -116.624000, 35.275000 
54.792900, -115.521700, 32.280000 
54.458200, -115.641400, 15.320000 
58.081200, -117.828800, 52.799000 
52.886800, -111.022500, 30.339000 
53.279500, -114.774200, 47.540000 
55.710300, -116.604200, 13.405000 
53.192300, -115.293900, 31.429000 
51.868200, -110.139700, 20.348000 
53.090400, -115.245000, 28.972000 
53.254000, -114.437900, 21.734000 
53.181200, -114.486800, 34.736000 
52.936200, -114.160900, 20.673000 
53.035900, -110.994100, 333.527000 
52.890400, -114.865000, 38.516000 
55.683900, -119.393300, 25.529000 
52.941600, -114.418200, 28.925000 
53.054000, -114.933300, 295.319000 
53.315900, -114.982200, 59.427000 
53.170400, -114.884200, 26.708000 
53.010400, -110.731400, 0.786000 
56.458600, -119.914300, 25.137000 
53.428700, -115.125800, 29.631000 
57.186200, -118.003300, 16.723000 
58.305400, -118.888000, 19.610000 
50.337100, -111.513600, 25.209000 
53.479400, -115.130800, 28.474000 
52.446500, -114.671600, 24.552000 
51.762600, -110.139700, 34.941000 
52.650400, -115.080800, 254.074000 
52.696000, -111.198200, 21.777000 
50.715500, -110.953700, 31.228000 
57.888400, -118.608700, 14.284000 
57.851600, -119.158100, 38.604000 
50.307500, -110.502500, 261.980000 
50.362200, -110.509100, 83.840000 
50.282400, -110.468900, 197.734000 
50.507600, -110.325200, 63.794000 
50.453200, -110.204700, 54.888000 
50.318700, -111.261700, 144.213000 
50.267600, -111.330600, 104.695000 
53.134000, -115.678900, 42.274000 
53.148700, -115.746100, 47.832000 
52.541200, -115.170800, 64.795000 
52.439300, -115.044700, 23.876000 
52.461400, -114.346900, 355.319000 
52.570100, -114.533200, 110.981000 
53.064700, -116.436900, 51.689000 
53.163100, -117.017800, 252.690000 
53.021100, -116.363600, 23.784000 
51.377000, -114.814600, 27.552000 
52.806800, -114.640400, 78.925000 
57.042500, -111.905000, 160.019000 
51.806100, -114.998500, 44.285000 
51.773600, -114.874300, 22.169000 
52.366500, -115.170800, 27.799000 
51.824000, -110.948800, 214.932000 
51.984500, -114.302100, 70.706000 
52.359400, -113.971400, 22.115000 
53.752300, -117.099300, 325.884000 
50.311200, -110.296600, 30.710000 
50.758700, -111.641500, 31.600000 
50.583900, -113.302700, 69.850000 
50.736800, -113.325700, 52.250000 
52.119200, -115.215400, 141.770000 
54.258200, -114.580800, 66.190000 
55.603900, -119.347800, 54.790000 
52.843100, -115.604700, 26.018000 
50.296700, -112.433700, 29.434000 
50.013100, -112.393100, 51.508000 
51.719000, -112.390100, 24.685000 
50.002300, -112.873400, 21.263000 
52.774000, -114.501000, 10.100000 
52.766800, -114.489100, 8.700000 
52.730400, -114.525400, 0.630000 
49.088900, -112.414800, 1.050000 
53.239500, -111.532000, 0.348000 
53.225100, -111.550300, 0.528000 
52.206500, -113.465200, 0.298000 
49.467200, -110.779100, 0.277000 
52.774000, -112.914300, 29.912000 
54.385300, -118.624900, 62.651000 
54.760100, -113.815800, 69.700000 
54.672900, -114.212800, 0.990000 
54.654500, -114.092500, 0.900000 
54.763700, -113.938300, 0.086000 
53.283200, -115.324400, 0.870000 
52.608500, -114.186200, 21.360000 
58.368300, -118.990000, 40.718000 
58.255700, -119.187300, 20.039000 
50.889400, -114.761800, 912.000000 
49.229200, -114.029100, 41.671000 
49.488900, -113.955100, 63.603000 
52.088200, -115.689400, 134.005000 
51.135900, -114.144900, 30.859000 
51.599900, -115.356900, 213.007000 
54.101800, -115.665000, 39.283000 
53.690700, -115.717500, 20.164000 
55.487500, -118.171900, 25.089000 
53.305100, -114.878000, 27.044000 
52.584800, -112.500100, 26.799000 
52.621200, -112.211500, 35.415000 
53.279500, -111.587000, 29.795000 
53.195900, -111.911200, 27.890000 
53.363200, -111.879500, 203.238000 
55.640300, -119.627000, 81.755000 
53.734200, -118.395600, 65.338000 
52.711900, -116.338600, 33.596000 
53.941500, -116.720100, 30.192000 
52.697500, -116.320300, 26.721000 
53.712300, -116.148900, 54.315000 
52.766700, -116.393000, 95.890000 
54.476300, -119.173900, 89.680000 
54.485300, -118.778300, 127.730000 
54.359700, -119.138900, 55.510000 
55.901100, -117.749900, 21.330000 
56.120300, -119.497500, 51.280000 
56.095100, -118.758700, 114.010000 
55.458300, -119.573900, 36.350000 
54.461800, -111.780100, 191.340000 
54.189000, -112.109800, 187.660000 
53.854300, -117.391200, 451.970000 
56.051400, -119.589200, 41.080000 
54.159800, -112.203800, 136.040000 
55.378300, -118.499700, 65.170000 
56.440600, -119.775700, 21.570000 
55.800300, -118.225300, 101.970000 
55.411100, -118.885600, 95.410000 
55.749400, -119.562000, 28.970000 
55.538400, -112.262400, 36.310000 
54.283400, -117.000100, 21.230000 
54.359700, -118.756300, 219.600000 
53.563400, -116.728500, 56.090000 
54.265300, -116.342000, 216.140000 
54.119800, -116.273100, 392.160000 
54.221800, -116.197900, 28.570000 
53.923400, -116.775900, 38.900000 
53.799800, -116.092200, 148.920000 
54.079700, -118.342700, 44.320000 
53.607000, -116.537300, 34.340000 
54.034500, -117.180900, 64.800000 
54.178700, -117.328400, 1117.270000 
54.233700, -117.030600, 20.080000 
56.006700, -118.390800, 71.600000 
55.767300, -112.339300, 21.700000 
54.416100, -119.347500, 36.860000 
54.516700, -119.292000, 44.090000 
54.635300, -119.318300, 47.630000 
53.918400, -117.297000, 179.560000 
54.341400, -116.301500, 102.890000 
54.600800, -116.039000, 60.180000 
54.137600, -116.392000, 71.940000 
56.223300, -119.570800, 74.970000 
52.989300, -114.157900, 116.500000 
52.874300, -110.428000, 83.800000 
55.349000, -112.184100, 26.370000 
52.870700, -110.268900, 22.000000 
52.714500, -114.317100, 64.400000 
52.830300, -116.272200, 447.540000 
53.006700, -116.852800, 93.370000 
52.452000, -114.392900, 42.140000 
53.323600, -116.995400, 119.290000 
53.022200, -116.520800, 205.020000 
52.682300, -114.392900, 24.940000 
52.958200, -114.679900, 55.350000 
52.969200, -116.692500, 529.180000 
53.002000, -110.993900, 48.180000 
55.257600, -112.759300, 21.700000 
52.874300, -110.162700, 35.870000 
53.117300, -110.803900, 62.350000 
55.266800, -112.567900, 110.850000 
56.364200, -119.934300, 170.700000 
55.305000, -118.914200, 59.930000 
55.341700, -118.914200, 35.880000 
55.504200, -118.945300, 30.810000 
55.338100, -118.536700, 88.840000 
50.168300, -112.299800, 104.540000 
50.073300, -112.673700, 214.790000 
50.013100, -112.611500, 368.780000 
50.060300, -112.299800, 129.020000 
56.851800, -115.208100, 25.977000 
52.792000, -112.562700, 24.251000 
52.031800, -112.629500, 33.200000 
59.103300, -119.918400, 25.045000 
54.352600, -111.821500, 28.510000 
53.970700, -115.744200, 70.460000 
53.484800, -115.607600, 195.796000 
53.385100, -115.612800, 354.653000 
53.290400, -115.831900, 22.696000 
52.180900, -113.083200, 193.236000 
54.512600, -111.717000, 29.984000 
53.792300, -114.613000, 52.650000 
50.700700, -112.654200, 92.870000 
55.058700, -111.895500, 51.838000 
55.382000, -111.760100, 305.088000 
53.916200, -116.732600, 34.668000 
55.491170, -116.186500, 44.639000 
54.778200, -113.963900, 19.470000 
54.367200, -110.503100, 31.512000 
55.178300, -117.509900, 6.733000 
54.465400, -113.221600, 21.285000 
53.887000, -116.396900, 37.070000 
54.162360, -115.733900, 570.960000 
53.067000, -115.439900, 57.511000 
54.545400, -114.794200, 21.780000 
50.354700, -112.370300, 22.572000 
50.398600, -112.847300, 79.840000 
50.409400, -112.830100, 20.070000 
50.154700, -112.461500, 50.810000 
52.100900, -114.791600, 58.297000 
52.675700, -114.495200, 26.495000 
51.922900, -114.524900, 43.977000 
50.536800, -111.744200, 21.730000 
55.072800, -116.975700, 59.250000 
52.846800, -114.185700, 32.455000 
51.828200, -111.774200, 255.900000 
52.937600, -114.270700, 44.980000 
56.218700, -116.251300, 56.376000 
53.959800, -114.700300, 33.290000 
54.113800, -114.655500, 43.250000 
53.155400, -110.509500, 53.990000 
54.145400, -115.815500, 31.650000 
55.705900, -111.282600, 3.649000 
54.061800, -117.447300, 60.080000 
54.105400, -117.526500, 198.990000 
52.446500, -115.249200, 20.820000 
52.908400, -111.125500, 44.790000 
54.225300, -118.305200, 82.910000 
52.279300, -110.081400, 45.210000 
53.952600, -117.559000, 100.270000 
57.502900, -116.505500, 33.940000 
52.333700, -112.885200, 42.337000 
53.745000, -110.723900, 22.562000 
52.395700, -113.047700, 26.997000 
53.712300, -117.221500, 32.675000 
56.007600, -113.402800, 36.001000 
54.054200, -118.308700, 85.600000 
51.559000, -112.471500, 21.823000 
51.551800, -112.483400, 22.319000 
51.449800, -112.642000, 22.319000 
53.977900, -116.751200, 23.560000 
50.744200, -110.130000, 61.438000 
50.896900, -110.633600, 75.464000 
50.824200, -110.859400, 78.414000 
49.972800, -110.755600, 95.189000 
50.084400, -110.607000, 37.383000 
49.988300, -110.914000, 60.410000 
50.022400, -110.743000, 78.917000 
51.020600, -111.402200, 78.895000 
50.093100, -110.732800, 231.989000 
50.136700, -110.732800, 76.510000 
50.159000, -110.667200, 55.191000 
51.828200, -111.312300, 34.720000 
53.643400, -116.062800, 20.580000 
53.590480, -116.172680, 228.350000 
50.747800, -110.882500, 42.860000 
50.780700, -110.732700, 65.480000 
50.780700, -110.825500, 77.500000 
50.911500, -112.978400, 24.860000 
50.784300, -110.836900, 36.660000 
50.787900, -110.813900, 87.500000 
50.111100, -113.482500, 94.970000 
51.162600, -112.021200, 76.090000 
51.195100, -112.102800, 76.090000 
51.009610, -110.752190, 87.010000 
51.984500, -112.784800, 26.640000 
52.192000, -112.790700, 26.630000 
52.057300, -114.630400, 53.260000 
52.050000, -110.420600, 52.820000 
51.580900, -112.977000, 44.380000 
51.599000, -113.029900, 71.030000 
51.660900, -112.875600, 21.700000 
51.660900, -113.017900, 21.310000 
51.624500, -112.952600, 248.700000 
51.700900, -112.852000, 195.360000 
51.515400, -112.953400, 22.320000 
52.555700, -114.449100, 65.480000 
53.210400, -114.713000, 71.030000 
53.026900, -114.766400, 138.850000 
53.199500, -114.841400, 28.860000 
52.486500, -114.322700, 73.550000 
52.515700, -114.449100, 35.510000 
52.541200, -114.322700, 20.400000 
52.490100, -114.232400, 28.860000 
52.508400, -114.382900, 55.490000 
55.232800, -119.355300, 44.380000 
55.247500, -119.483900, 22.190000 
55.174700, -119.302500, 62.230000 
55.251100, -119.426100, 69.390000 
55.269200, -119.490300, 65.480000 
55.225600, -119.072200, 37.370000 
52.759300, -114.125200, 149.720000 
51.940900, -113.242900, 79.890000 
51.900900, -113.325700, 21.310000 
50.325800, -110.255600, 53.260000 
50.282300, -110.468900, 106.530000 
50.712300, -111.062700, 71.430000 
55.411100, -119.136700, 23.560000 
50.201900, -112.381700, 44.380000 
52.543100, -114.280500, 32.600000 
52.388400, -114.352700, 27.350000 
52.384800, -114.382900, 28.190000 
52.803100, -115.665500, 35.510000 
52.821100, -115.756400, 28.860000 
50.453200, -110.187500, 106.530000 
52.803100, -115.810800, 68.540000 
52.468400, -114.328800, 104.880000 
51.395400, -111.331700, 88.760000 
59.601800, -117.409700, 78.900000 
52.650400, -115.429700, 40.660000 
52.748400, -115.513900, 95.170000 
52.028200, -113.572700, 65.050000 
51.533400, -114.327100, 54.600000 
51.973700, -113.572700, 98.100000 
52.002900, -113.399600, 50.600000 
51.930100, -113.538800, 131.210000 
52.035400, -113.614300, 54.600000 
50.220500, -112.444200, 213.050000 
51.780900, -113.266600, 88.780000 
51.770100, -111.484000, 24.420000 
51.675400, -113.367100, 56.190000 
55.367500, -119.220300, 20.290000 
53.836200, -115.620000, 35.480000 
52.915900, -114.006000, 82.740000 
52.944800, -114.264600, 63.560000 
53.959800, -111.818700, 64.290000 
54.980400, -117.292000, 7.757000 
53.779500, -118.486200, 111.488000 
56.271846, -111.498890, 2632.163000 
54.952800, -119.190300, 55.509000 
53.767000, -117.497000, 180.590000 
54.445300, -118.607600, 27.730000 
50.795100, -112.284000, 21.010000 
55.025700, -110.584200, 64.200000 
55.072900, -110.705300, 37.420000 
55.041200, -110.577800, 78.140000 
54.916500, -110.367300, 21.910000 
53.578344, -115.855642, 38.110000 
51.075100, -112.575300, 29.070000 
51.417000, -113.176800, 56.550000 
51.428200, -113.458800, 30.610000 
52.857600, -115.513900, 27.730000 
51.286200, -113.200200, 30.380000 
49.376400, -112.476700, 75.680000 
55.854800, -111.431500, 21.910000 
55.844000, -111.261200, 21.910000 
55.876800, -111.326700, 115.170000 
52.035400, -113.453200, 21.270000 
51.049800, -113.659900, 94.020000 
52.435700, -110.364700, 20.790000 
55.003700, -111.100600, 64.200000 
50.780700, -112.017800, 21.010000 
53.657900, -116.666800, 138.730000 
51.879000, -112.792600, 38.700000 
51.639000, -112.840100, 21.270000 
50.777000, -111.751500, 25.980000 
51.267900, -112.563700, 29.930000 
53.857900, -113.397400, 26.900000 
52.704800, -114.410200, 35.960000 
51.057000, -112.272000, 21.880000 
50.427500, -112.462300, 20.042000 
50.565900, -112.640300, 40.014000 
50.482200, -112.588700, 20.042000 
57.488000, -119.168900, 49.550000 
50.860700, -110.229100, 33.360000 
51.049800, -112.126200, 26.580000 
51.359000, -112.418700, 32.790000 
51.409800, -112.530300, 31.600000 
52.881600, -116.573400, 42.674000 
58.339500, -118.536800, 31.976000 
52.177300, -114.296300, 80.350000 
52.213700, -114.308200, 25.560000 
51.569700, -114.985200, 24.380000 
50.431200, -111.589200, 38.319000 
52.397600, -114.040600, 27.610000 
57.564400, -119.521200, 53.580000 
58.011900, -119.480700, 85.770000 
56.506100, -119.432000, 130.470000 
53.034200, -116.330500, 38.182000 
52.942400, -113.511100, 105.230000 
51.879000, -113.367100, 31.940000 
51.900900, -111.608400, 35.804000 
51.624500, -111.863100, 12.984000 
52.250100, -114.397700, 37.997000 
54.101800, -116.799500, 26.777000 
50.573200, -112.162300, 44.680000 
52.381200, -112.199200, 28.290000 
51.369700, -114.985200, 49.991000 
51.388200, -114.808800, 24.779000 
52.671900, -114.615300, 31.115000 
54.166900, -118.486900, 98.931000 
51.489800, -112.888700, 23.099000 
55.585600, -119.451700, 20.410000 
50.831400, -110.865000, 27.226000 
52.060900, -113.888800, 59.850000 
53.847000, -113.981600, 1.230000 
52.235800, -113.377700, 4.980000 
52.217300, -113.387700, 1.210000 
52.111800, -114.481300, 0.433000 
52.828400, -114.386000, 0.594000 
51.151500, -113.823200, 76.106000 
53.228700, -114.554100, 37.695000 
52.192000, -114.111300, 23.778000 
55.396400, -119.503100, 35.077000 
55.276400, -118.699200, 50.150000 
55.338300, -118.872800, 50.150000 
53.017500, -116.907800, 23.640000 
57.217500, -110.895000, 732.088000 
53.454300, -117.159800, 26.830000 
52.661200, -110.496900, 26.000000 
57.579200, -119.301800, 55.530000 
50.556100, -114.236300, 205.990000 
54.301700, -118.649900, 251.960000 
53.890700, -117.465900, 39.020000 
56.651500, -112.878800, 22.342000 
56.666700, -111.345100, 153.637000 
56.055100, -115.366500, 89.032000 
53.486800, -114.330700, 24.300000 
52.875700, -111.422500, 58.960000 
52.634000, -114.916000, 41.430000 
52.144900, -111.752000, 20.870000 
52.017400, -112.263700, 27.450000 
52.326700, -113.012700, 25.020000 
52.305600, -113.167100, 28.570000 
56.158700, -111.721800, 50.150000 
56.240800, -111.653100, 50.150000 
53.997500, -117.349600, 36.487000 
52.194600, -114.554000, 32.748000 
52.555900, -113.042600, 26.215000 
51.727500, -113.819000, 149.861000 
52.604900, -113.196300, 49.241000 
53.885300, -117.178700, 22.341000 
52.255100, -113.734000, 26.500000 
57.382700, -118.979400, 51.060000 
54.823200, -117.659000, 24.466000 
52.120800, -114.296300, 23.966000 
55.965300, -119.935100, 33.755000 
51.659100, -111.311500, 27.670000 
50.993800, -113.990000, 22.355000 
54.956600, -119.775000, 82.070000 
55.201500, -119.881400, 150.100000 
52.098800, -112.852000, 104.600000 
59.237200, -119.885800, 109.360000 
51.505300, -112.475000, 21.823000 
51.668900, -111.378300, 73.910000 
55.554200, -119.760200, 105.960000 
56.246400, -119.099000, 56.240000 
52.725100, -113.169500, 41.510000 
54.572600, -118.834200, 22.620000 
50.708600, -111.150000, 39.590000 
55.434200, -114.550000, 26.660000 
58.494400, -118.673600, 21.330000 
57.211800, -118.010800, 22.180000 
53.699800, -112.579100, 30.904000 
53.141500, -110.575100, 23.632000 
53.141500, -110.581100, 23.632000 
53.137900, -110.617800, 23.622000 
53.145100, -110.623800, 23.658000 
53.134300, -110.587100, 23.622000 
53.144400, -110.636100, 23.622000 
53.134300, -110.635900, 23.622000 
53.147500, -110.655100, 23.668000 
53.152300, -110.648200, 23.648000 
53.156000, -110.660300, 23.638000 
53.137900, -110.654200, 23.648000 
53.145100, -110.642200, 23.622000 
53.159600, -110.648200, 23.638000 
53.155900, -110.598100, 23.612000 
53.156000, -110.638400, 23.632000 
53.156000, -110.615800, 23.622000 
53.156900, -110.605500, 23.622000 
53.149700, -110.624100, 23.622000 
53.159600, -110.629900, 23.612000 
53.134300, -110.642200, 23.622000 
53.834000, -117.912400, 57.925000 
54.957600, -119.199100, 111.077000 
52.073400, -115.873000, 83.500000 
53.914400, -117.573700, 48.290000 
53.987100, -117.351500, 46.698000 
53.539800, -113.397000, 20.250000 
50.571300, -112.146100, 67.020000 
51.411700, -113.285800, 35.480000 
50.442900, -111.857300, 107.930000 
50.509600, -112.002900, 28.650000 
49.535100, -111.112000, 23.490000 
51.280800, -112.818900, 41.890000 
55.460700, -119.982500, 23.450000 
51.513600, -110.904600, 42.280000 
52.081000, -113.597900, 41.790000 
52.657700, -112.281000, 28.340000 
53.783400, -112.339300, 33.640000 
51.993700, -113.242300, 32.420000 
51.557200, -113.402600, 28.510000 
52.706700, -112.981000, 21.740000 
52.561200, -112.312100, 32.390000 
50.698800, -110.500100, 57.700000 
50.611500, -112.500700, 22.838000 
51.905300, -112.735300, 20.580000 
50.683000, -111.548000, 66.760000 
50.566500, -111.376300, 24.290000 
50.887900, -113.098600, 26.910000 
54.016200, -117.154000, 29.185000 
52.841500, -116.035500, 80.618000 
52.867000, -116.253100, 25.860000 
52.808600, -116.210200, 28.780000 
54.412200, -110.336100, 24.210000 
49.119100, -113.761500, 192.420000 
51.861800, -111.189300, 39.920000 
51.364000, -110.285900, 107.480000 
51.469900, -110.601100, 42.190000 
51.586300, -110.321000, 59.070000 
51.505300, -110.728500, 23.860000 
51.468800, -110.886800, 20.310000 
51.403300, -110.406500, 31.210000 
55.193600, -113.035100, 24.543000 
50.723300, -112.789100, 26.016000 
53.226900, -116.637200, 47.892000 
52.968900, -116.688300, 20.861000 
52.867000, -116.549200, 31.229000 
53.143200, -116.923400, 87.939000 
52.943400, -116.742600, 22.663000 
50.155700, -114.453300, 85.668000 
52.149900, -114.266600, 0.089000 
54.423700, -119.349700, 35.575000 
50.611200, -111.255000, 62.460000 
56.562600, -119.423800, 75.210000 
54.830200, -118.652600, 26.600000 
52.706700, -113.896400, 119.338000 
52.837700, -114.403500, 81.965000 
50.486700, -112.917000, 264.059000 
52.747200, -114.415600, 8.520000 
53.114100, -115.208200, 130.818000 
53.488400, -116.142200, 68.940000 
52.546700, -115.260600, 85.502000 
53.703000, -117.234900, 25.535000 
52.094000, -114.737100, 34.358000 
58.781600, -118.602700, 102.278000 
58.963400, -118.361500, 46.338000 
53.303300, -111.451000, 26.799000 
53.870700, -116.166400, 154.920000 
55.305600, -112.168100, 21.750000 
52.481500, -113.419000, 62.310000 
56.486500, -114.120400, 78.821000 
54.452300, -114.874300, 45.680000 
54.353900, -114.811100, 34.760000 
54.103500, -116.608000, 24.460000 
52.764900, -114.957500, 216.080000 
52.794000, -114.837100, 82.460000 
52.508600, -113.252600, 26.243000 
51.993300, -114.201100, 24.268000 
52.055200, -114.260400, 48.568000 
52.142500, -114.206900, 39.506000 
52.941200, -118.043000, 164.782000 
52.293900, -110.691400, 101.590000 
53.175900, -115.271100, 37.988000 
55.160200, -118.818400, 471.808000 
53.707700, -116.435600, 26.910000 
53.696100, -114.655000, 30.880000 
52.024600, -112.269900, 28.010000 
53.419200, -113.882300, 35.910000 
53.559400, -113.347200, 84.400000 
54.407800, -110.333600, 23.940000 
54.198400, -119.053700, 18.351000 
50.701400, -111.554300, 204.710000 
52.317400, -114.225000, 38.380000 
52.395300, -114.726400, 20.935000 
52.373200, -114.657400, 20.935000 
51.570600, -113.688200, 115.747000 
51.680100, -113.935100, 82.481000 
51.723600, -113.616200, 23.742000 
51.770800, -113.622100, 238.035000 
52.408900, -114.417900, 62.684000 
56.733600, -115.284900, 30.350000 
55.880200, -119.937200, 50.148000 
55.698600, -119.715100, 39.305000 
51.203200, -111.036900, 20.190000 
49.576200, -112.911800, 27.560000 
51.977600, -110.990000, 20.680000 
52.361000, -113.819400, 3.937000 
52.549200, -113.840800, 10.365000 
49.720000, -113.500300, 5.444000 
53.599500, -111.416200, 5.277000 
56.267400, -119.157800, 24.258000 
55.820500, -115.580100, 22.520000 
54.215900, -117.410600, 34.634000 
52.222700, -114.201300, 2.667000 
52.359500, -112.845000, 81.022000 
54.285000, -116.885900, 27.478000 
55.775400, -113.746500, 24.281000 
53.779300, -117.590500, 63.418000 
55.559700, -110.906800, 40.269000 
52.921600, -113.828400, 25.630000 
52.732500, -114.113400, 19.550000 
52.111900, -112.311300, 20.718000 
52.404900, -114.592200, 32.460000 
50.518000, -111.728000, 45.740000 
54.396100, -110.837600, 24.640000 
57.340500, -119.621600, 23.121000 
53.652500, -115.964900, 22.700000 
50.765400, -113.688300, 73.140000 
50.691500, -113.650500, 22.100000 
50.895200, -113.834400, 22.200000 
55.725900, -112.094400, 71.710000 
55.689500, -112.146000, 59.420000 
50.902500, -113.834400, 50.140000 
50.393200, -113.828900, 33.600000 
50.698800, -113.558500, 26.150000 
55.909100, -118.959300, 20.040000 
51.557200, -113.110700, 57.870000 
50.320400, -113.087100, 23.680000 
53.652500, -115.989400, 21.880000 
50.247700, -113.292600, 22.200000 
52.525000, -115.173800, 33.980000 
52.419400, -115.029800, 47.320000 
51.621900, -113.066000, 20.870000 
51.712500, -112.896000, 20.080000 
51.526700, -112.959600, 21.160000 
52.517100, -114.370800, 24.570000 
53.735600, -115.701500, 35.480000 
53.721200, -115.769900, 24.280000 
53.795800, -115.624400, 26.370000 
49.959800, -113.546000, 37.730000 
54.030100, -117.008300, 44.840000 
52.459500, -114.304600, 95.390000 
57.662400, -119.822600, 27.080000 
53.163300, -111.415600, 61.610000 
52.681500, -113.121100, 32.390000 
54.278200, -110.006200, 35.340000 
58.686900, -118.870200, 26.170000 
58.661600, -118.835000, 24.500000 
52.581500, -113.048400, 31.940000 
50.913400, -112.736700, 27.830000 
51.727200, -113.196900, 24.660000 
51.669000, -113.119900, 35.640000 
55.311000, -119.932400, 64.170000 
51.319600, -113.717600, 202.760000 
49.360400, -112.352500, 20.420000 
50.617400, -112.327200, 21.540000 
50.621100, -112.315800, 21.540000 
52.072000, -113.073300, 40.390000 
55.208300, -110.958500, 20.820000 
54.171000, -118.334400, 133.680000 
50.846700, -112.073300, 23.140000 
50.964000, -112.866300, 21.250000 
50.963200, -113.380000, 89.170000 
50.485300, -111.171600, 106.490000 
50.448100, -110.574400, 75.350000 
51.989100, -113.452300, 36.440000 
50.485300, -111.449700, 49.510000 
51.294100, -112.668100, 38.280000 
55.373190, -114.747800, 1870.406000 
50.044000, -112.294200, 56.310000 
50.044000, -112.294200, 56.310000 
50.080400, -112.282900, 24.610000 
55.314100, -118.413700, 29.347000 
52.228400, -110.269100, 27.156000 
52.689400, -114.862300, 133.971000 
52.583200, -114.946100, 84.339000 
52.675000, -114.717500, 31.396000 
52.437900, -113.858500, 30.561000 
54.342700, -110.328700, 47.613000 
52.941700, -116.738900, 144.925000 
52.866700, -116.550800, 110.037000 
51.188700, -110.490300, 25.580000 
53.485200, -111.928200, 94.850000 
53.272200, -111.781400, 38.200000 
55.743000, -114.147400, 23.496000 
56.528200, -114.071600, 60.039000 
56.524400, -113.464600, 193.123000 
53.812800, -110.003500, 41.520000 
50.423400, -112.788800, 20.070000 
49.904200, -111.332400, 34.240000 
54.285000, -115.698200, 42.440000 
53.677100, -110.986200, 35.510000 
52.881600, -116.573400, 33.124000 
55.000000, -116.000000, 15.690000 
51.465100, -113.512200, 26.900000 
51.359100, -114.788800, 27.947000 
51.436100, -114.961600, 30.231000 
50.247400, -110.510300, 76.523000 
51.306400, -114.672400, 28.025000 
53.161400, -116.973500, 25.059000 
50.290800, -110.486300, 147.361000 
53.768300, -116.915400, 16.975000 
53.761100, -117.367500, 35.429000 
57.492200, -119.045900, 59.540000 
51.982400, -113.307000, 28.850000 
51.878200, -113.359300, 31.760000 
52.124700, -113.677200, 24.710000 
52.223000, -113.659300, 23.990000 
52.041000, -113.576100, 30.410000 
51.958100, -113.565900, 28.920000 
51.787100, -113.335700, 46.870000 
54.623400, -116.178200, 74.543000 
51.869900, -113.092200, 0.665000 
52.790600, -114.549600, 0.651000 
53.101800, -115.177400, 28.956000 
51.523400, -112.527900, 23.820000 
53.034200, -115.290800, 58.228000 
55.110500, -119.243400, 22.749000 
52.514000, -115.042200, 35.072000 
55.453500, -118.836800, 23.820000 
56.337000, -119.240200, 32.274000 
56.256700, -119.626500, 33.849000 
52.299300, -112.981500, 32.209000 
52.423000, -112.993100, 30.953000 
52.557700, -115.977200, 34.711000 
55.343200, -119.464900, 38.740000 
55.422700, -112.484000, 21.700000 
53.837700, -116.708500, 23.840000 
52.295400, -115.825300, 64.290000 
52.589800, -115.352900, 59.120000 
52.739700, -116.506800, 41.850000 
57.288700, -111.886800, 32.274000 
52.030100, -112.886600, 42.040000 
52.117400, -112.957800, 21.210000 
51.790000, -113.040700, 30.480000 
54.387300, -114.753100, 24.400000 
51.950100, -112.805400, 33.630000 
51.848200, -113.758200, 30.620000 
54.496000, -116.783700, 21.983000 
49.901400, -111.097200, 20.210000 
49.984100, -110.041800, 34.010000 
52.583000, -113.734000, 43.662000 
53.223000, -115.973000, 24.416000 
50.702200, -113.923000, 8.283000 
51.175200, -114.188000, 14.621000 
55.233400, -115.069700, 38.297000 
53.176000, -115.272300, 182.510000 
