53.582300, -113.588600, 24.847000 
55.996700, -118.533600, 0.757000 
56.377200, -117.175600, 258.970000 
53.048100, -113.921000, 2.073000 
50.747700, -114.494700, 0.426000 
54.952700, -119.195300, 0.486000 
54.572300, -115.522900, 1.194000 
54.596400, -110.395000, 0.100000 
53.343600, -113.526900, 2.236000 
49.789400, -112.126100, 1.404000 
53.572500, -113.360600, 67.733000 
53.571700, -113.349800, 8.356000 
52.959300, -115.893800, 1.200000 
52.776100, -115.660700, 1.200000 
52.758100, -114.111600, 1.200000 
52.226300, -115.177000, 1.517000 
55.725100, -119.399900, 0.198000 
52.308300, -113.550000, 1.225000 
51.191300, -113.940900, 3.007000 
53.841600, -113.097900, 157.350000 
50.982200, -113.974200, 0.374000 
53.570000, -113.611400, 1.851000 
53.227700, -114.988900, 74.600000 
53.593060, -116.390300, 84.400000 
55.071200, -118.691200, 129.734000 
53.413300, -117.570600, 532.566000 
50.845800, -113.586700, 95.500000 
53.541700, -113.391700, 0.002000 
53.181200, -115.762500, 0.935000 
54.524700, -116.794300, 0.594000 
52.553700, -111.694000, 0.033000 
54.130900, -115.546700, 2.075000 
53.204500, -116.811200, 1.000000 
50.086600, -110.716700, 272.819000 
53.550500, -113.358900, 15.960000 
51.915300, -113.578100, 0.203000 
58.555500, -118.915900, 0.100000 
51.526000, -113.880000, 0.639000 
54.772900, -110.579000, 0.006000 
51.400100, -114.034300, 16.485000 
55.913200, -115.150400, 0.152000 
53.340200, -113.538100, 1.582000 
53.504000, -113.450200, 1.998000 
54.238200, -115.379700, 153.920000 
55.029800, -118.744000, 114.302000 
55.162300, -118.816600, 10.520000 
55.040000, -115.475800, 0.417000 
53.250200, -115.555500, 0.213000 
53.571290, -113.355400, 0.910000 
55.432500, -116.486000, 32.070000 
59.063100, -118.875700, 0.582000 
53.498700, -113.383100, 0.006000 
51.000700, -113.965670, 10.413000 
53.950900, -113.088100, 0.002000 
51.010160, -113.964210, 8.360000 
54.133300, -115.366600, 16.901000 
51.376000, -113.949200, 0.028000 
55.993500, -113.480500, 0.188000 
53.902300, -115.189300, 1.200000 
53.402700, -117.599300, 10.902000 
53.221200, -114.993900, 1.259000 
50.963600, -113.976680, 0.052000 
53.282300, -113.542000, 0.062000 
50.129400, -111.908400, 0.537000 
55.116400, -116.712300, 0.028000 
52.104400, -110.695000, 0.325000 
50.336800, -111.169800, 0.094000 
59.641800, -118.307800, 0.554000 
50.994100, -113.958300, 27.470000 
53.499900, -113.418000, 0.429000 
55.208300, -118.793000, 6.459000 
58.500900, -117.146000, 0.149000 
52.309150, -113.809970, 0.229000 
