51.783300, -114.100000, 5.585000 
51.191300, -113.940900, 0.100000 
50.982200, -113.974200, 0.042000 
53.570000, -113.611400, 0.174000 
53.541700, -113.391700, 0.002000 
58.555500, -118.915900, 0.100000 
53.340200, -113.538100, 0.257000 
53.319300, -113.518000, 1.101000 
51.000700, -113.965670, 0.953000 
51.010160, -113.964210, 1.975000 
51.001500, -114.037200, 0.387000 
53.282300, -113.542000, 0.025000 
50.994100, -113.958300, 20.620000 
53.499900, -113.418000, 0.169000 
53.288900, -110.012000, 0.740000 
55.208300, -118.793000, 0.020000 
53.566800, -113.365000, 0.100000 
