55.996700, -118.533600, 0.659000 
53.344000, -114.305000, 3.180000 
53.733200, -113.175000, 0.325000 
53.288500, -110.018300, 0.146000 
52.146300, -115.330000, 2.330000 
53.048100, -113.921000, 3.610000 
50.747700, -114.494700, 0.773000 
54.952700, -119.195300, 1.978000 
53.952700, -113.078000, 0.233000 
54.572300, -115.522900, 1.330000 
54.596400, -110.395000, 0.590000 
55.335900, -119.223000, 0.184000 
50.647500, -113.772000, 0.238000 
54.194400, -116.632200, 1.543000 
53.546800, -113.734800, 0.170000 
53.245000, -115.674300, 0.475000 
55.358300, -114.617200, 0.172000 
53.746900, -113.164500, 1.239000 
53.572500, -113.360600, 2.703000 
52.959300, -115.893800, 4.752000 
52.776100, -115.660700, 3.033000 
52.758100, -114.111600, 2.560000 
52.226300, -115.177000, 1.533000 
51.534800, -114.203700, 6.634000 
55.725100, -119.399900, 2.664000 
52.308300, -113.550000, 1.885000 
51.191300, -113.940900, 4.380000 
49.305200, -114.000300, 0.868000 
51.965500, -114.753600, 0.451000 
56.380600, -116.795000, 0.953000 
53.652000, -116.099200, 1.026000 
54.423300, -117.760400, 4.110000 
57.003300, -111.466100, 19.715000 
57.040500, -111.619200, 52.381000 
51.570800, -114.851700, 0.327000 
53.795900, -113.099600, 1.655000 
53.804200, -113.082400, 6.560000 
53.541700, -113.391700, 2.393000 
53.181200, -115.762500, 0.451000 
54.833300, -118.646700, 2.406000 
54.524700, -116.794300, 1.508000 
52.553700, -111.694000, 0.017000 
53.550500, -113.358900, 2.266000 
51.915300, -113.578100, 1.068000 
58.555500, -118.915900, 0.824000 
51.526000, -113.880000, 3.217000 
51.696900, -114.475000, 2.272000 
54.772900, -110.579000, 0.259000 
54.185400, -116.210400, 1.064000 
51.400100, -114.034300, 1.060000 
53.757500, -113.149900, 0.712000 
54.427200, -116.884300, 1.365000 
52.035300, -115.137700, 2.484000 
54.510900, -115.511700, 1.241000 
55.041500, -119.631000, 0.628000 
49.628100, -114.571900, 0.028000 
57.546300, -119.112600, 1.105000 
55.489100, -119.750800, 0.158000 
53.581600, -113.599100, 8.394000 
53.557500, -116.547200, 0.778000 
53.670500, -115.762200, 0.339000 
55.199400, -116.221900, 3.195000 
58.501200, -117.145600, 35.000000 
53.902300, -115.189300, 0.545000 
53.740700, -113.023100, 1.560000 
52.228400, -114.397700, 1.543000 
53.550690, -113.349600, 9.494000 
52.674300, -111.311600, 0.312000 
53.286400, -110.017800, 0.011000 
52.656700, -111.311900, 0.012000 
54.420500, -110.213100, 0.064000 
52.904700, -115.324700, 2.213000 
55.069600, -110.536100, 2.256000 
53.373100, -116.086000, 1.240000 
57.351700, -111.522200, 8.638000 
53.544400, -113.366200, 0.536000 
53.543100, -117.797900, 0.566000 
50.963600, -113.976680, 1.938000 
53.530040, -113.402010, 2.294000 
53.159500, -114.902800, 0.526000 
53.388600, -115.315800, 0.272000 
59.641800, -118.307800, 0.906000 
55.373190, -114.747800, 25.164000 
53.566800, -113.365000, 1.092000 
52.639900, -111.273500, 0.686000 
54.285000, -115.698200, 5.002000 
