56.377200, -117.175600, 693.800000 
53.344000, -114.305000, 16551.760000 
53.733200, -113.175000, 76.578000 
53.288500, -110.018300, 30.707000 
52.146300, -115.330000, 21321.900000 
53.048100, -113.921000, 203.800000 
50.747700, -114.494700, 2400.000000 
53.952700, -113.078000, 220.100000 
54.572300, -115.522900, 1200.760000 
54.596400, -110.395000, 3229.000000 
50.647500, -113.772000, 2384.210000 
54.194400, -116.632200, 7134.600000 
53.245000, -115.674300, 20.110000 
53.746900, -113.164500, 147.690000 
53.718500, -113.183000, 0.095000 
52.564700, -112.141400, 23697.031000 
51.531700, -111.786100, 42393.358000 
54.007100, -119.104000, 2165.000000 
51.742300, -114.134500, 2576.990000 
53.529100, -113.387500, 56.173000 
53.572500, -113.360600, 22.003000 
52.959300, -115.893800, 228.000000 
52.463000, -114.346500, 60.940000 
52.776100, -115.660700, 453.910000 
52.758100, -114.111600, 168.190000 
52.226300, -115.177000, 2007.180000 
51.534800, -114.203700, 439.035000 
58.500000, -119.416700, 605.340000 
52.940400, -114.832300, 194.420000 
55.725100, -119.399900, 636.460000 
52.308300, -113.550000, 8.110000 
49.713599, -112.796397, 0.106000 
51.191300, -113.940900, 4258.400000 
53.733200, -113.486200, 20.367000 
49.305200, -114.000300, 10499.900000 
51.039600, -114.559000, 7533.300000 
51.965500, -114.753600, 2743.849000 
56.380600, -116.795000, 2433.501000 
53.722900, -113.174000, 223.830000 
53.721700, -113.191700, 97.185000 
53.841600, -113.097900, 722.000000 
53.652000, -116.099200, 1136.891000 
54.423300, -117.760400, 1236.012000 
57.003300, -111.466100, 24117.700000 
57.040500, -111.619200, 80862.599000 
53.560000, -114.486200, 6636.720000 
53.508500, -114.557100, 26710.710000 
53.448700, -114.449100, 12579.810000 
51.570800, -114.851700, 8189.930000 
55.071200, -118.691200, 1591.314000 
53.795900, -113.099600, 319.470000 
53.804200, -113.082400, 1.999000 
53.413300, -117.570600, 1574.700000 
53.541700, -113.391700, 5117.535000 
53.181200, -115.762500, 2824.190000 
51.219500, -114.645400, 1656.950000 
54.833300, -118.646700, 538.970000 
54.524700, -116.794300, 643.400000 
52.553700, -111.694000, 40.980000 
54.130900, -115.546700, 1481.800000 
53.204500, -116.811200, 5413.878000 
53.550500, -113.358900, 1316.243000 
51.915300, -113.578100, 2043.980000 
58.555500, -118.915900, 29.600000 
51.526000, -113.880000, 530.100000 
51.696900, -114.475000, 158.390000 
55.248100, -114.514000, 0.217000 
53.531993, -113.364925, 9.030000 
54.772900, -110.579000, 859.258000 
54.185400, -116.210400, 2828.000000 
51.400100, -114.034300, 2566.300000 
54.427200, -116.884300, 2864.800000 
53.132300, -115.981700, 2454.500000 
55.913200, -115.150400, 28.570000 
53.283800, -110.031900, 410.919000 
50.061200, -110.723000, 49.434000 
55.481900, -119.059200, 3248.200000 
49.628100, -114.571900, 2748.220000 
57.546300, -119.112600, 120.420000 
55.040000, -115.475800, 47.460000 
50.583700, -113.871100, 73.540000 
53.250200, -115.555500, 57.200000 
55.489100, -119.750800, 847.540000 
53.581600, -113.599100, 131.897000 
55.876700, -119.301100, 9.100000 
53.557500, -116.547200, 2148.300000 
59.063100, -118.875700, 932.209000 
53.817200, -113.133600, 296.120000 
51.058900, -115.174500, 1768.000000 
51.012800, -114.022000, 88.758000 
50.912700, -114.011800, 21.434000 
52.327100, -112.718300, 451.400000 
55.074200, -117.274200, 864.324000 
55.268600, -114.584700, 0.768000 
53.560800, -113.415300, 99.000000 
49.693900, -112.096200, 41.090000 
53.740700, -113.023100, 6375.044000 
52.228400, -114.397700, 154.350000 
52.766100, -114.285600, 101.696000 
50.269600, -112.893800, 112.960000 
54.846700, -112.567500, 0.025000 
54.926900, -111.936100, 0.020000 
52.308300, -113.550000, 1.148000 
55.582700, -110.888800, 248.640000 
55.069600, -110.536100, 553.600000 
57.351700, -111.522200, 61.057000 
51.024500, -114.025000, 6.000000 
53.431000, -117.540600, 0.772000 
53.010600, -112.810000, 0.272000 
52.255700, -113.886000, 0.260000 
53.645100, -114.130200, 3.960000 
51.052000, -114.010500, 0.009000 
49.725300, -112.790000, 0.005000 
55.969400, -117.575600, 53.520000 
52.412900, -114.407600, 30.000000 
55.750300, -119.684300, 212.040000 
51.649800, -110.187200, 69.000000 
52.555700, -111.805300, 1015.460000 
52.402900, -111.736200, 12.940000 
50.471500, -111.606500, 242.160000 
58.568700, -119.201500, 359.150000 
50.129400, -111.908400, 86.370000 
54.538100, -115.932300, 47.650000 
58.943200, -118.916800, 171.989000 
59.230700, -119.275900, 246.717000 
58.975900, -119.118700, 37.539000 
52.333700, -111.357300, 388.870000 
51.962900, -111.016100, 21.553000 
51.911800, -111.188100, 41.177000 
52.079300, -110.636400, 95.540000 
52.122900, -110.570500, 177.160000 
52.479300, -110.936100, 167.750000 
51.991800, -110.928600, 45.700000 
50.220300, -112.444200, 480.900000 
52.210100, -113.274300, 434.542000 
55.585600, -117.891600, 42.080000 
52.544800, -114.545200, 57.720000 
52.999100, -112.971000, 67.080000 
54.130600, -115.231400, 628.200000 
52.797900, -112.371400, 172.800000 
53.583000, -116.842000, 181.200000 
53.706600, -117.241000, 150.110000 
53.928400, -116.717200, 49.630000 
54.031100, -116.875700, 17.790000 
53.388600, -115.315800, 185.500000 
56.556900, -119.363900, 365.050000 
50.653300, -111.166100, 110.910000 
52.091000, -112.761500, 27.400000 
52.851400, -114.046900, 28.360000 
56.930900, -115.252200, 111.876000 
55.769300, -118.567800, 21.315000 
54.033400, -117.756900, 609.720000 
54.965100, -119.306800, 32.773000 
56.347100, -119.190500, 74.647000 
53.190300, -115.224000, 29.471000 
56.098600, -119.288100, 31.200000 
55.943900, -119.923100, 70.200000 
52.268400, -113.351800, 21.977000 
51.402600, -112.918100, 42.690000 
50.536900, -112.031500, 115.490000 
50.700700, -111.022200, 160.550000 
50.314700, -111.968400, 70.050000 
52.424800, -110.364700, 73.850000 
52.355700, -110.322500, 73.480000 
52.333700, -111.059400, 50.780000 
51.239700, -115.564600, 262.520000 
53.374300, -114.527900, 129.229000 
52.450400, -110.851900, 215.691000 
52.475700, -111.441400, 28.600000 
52.690300, -112.210000, 15.445000 
51.501500, -112.643700, 102.642000 
56.233200, -113.896400, 40.380000 
50.194700, -111.343700, 111.340000 
49.936700, -111.406500, 102.910000 
52.661200, -114.635400, 96.200000 
56.313200, -111.636200, 302.400000 
52.359300, -113.715200, 228.123000 
58.615900, -119.015700, 32.899000 
50.889600, -113.406800, 21.367000 
58.761500, -118.690400, 166.235000 
59.641800, -118.307800, 138.290000 
52.537600, -111.645900, 57.459000 
53.254000, -114.437900, 63.874000 
56.458600, -119.914300, 597.649000 
52.675900, -110.455200, 12.860000 
53.428700, -115.125800, 590.759000 
52.155700, -110.893800, 67.550000 
52.519400, -110.085200, 75.547000 
53.039400, -116.406400, 93.466000 
57.042500, -111.905000, 81.675000 
53.141200, -114.327900, 38.320000 
51.791800, -110.808900, 12.759000 
55.603900, -119.347800, 126.190000 
52.468400, -110.046100, 36.965000 
53.272300, -114.725300, 46.577000 
52.621200, -112.211500, 1052.540000 
53.566900, -118.022600, 156.330000 
53.734200, -118.395600, 392.550000 
52.650300, -116.115300, 181.750000 
55.378300, -118.499700, 508.120000 
52.969200, -116.692500, 53.780000 
56.364200, -119.934300, 311.000000 
50.168300, -112.299800, 353.800000 
50.073300, -112.673700, 212.450000 
50.013100, -112.611500, 30.000000 
56.851800, -115.208100, 2.813000 
49.616400, -111.917300, 194.448000 
51.482600, -113.300200, 0.027000 
54.883700, -113.498300, 27.601000 
55.178300, -117.509900, 102.284000 
54.317700, -116.573000, 48.880000 
53.952500, -113.113900, 104.300000 
54.432500, -116.139700, 367.200000 
54.545400, -114.794200, 15.650000 
52.475700, -111.700100, 25.730000 
55.072800, -116.975700, 26.110000 
49.980300, -111.760100, 326.830000 
53.977900, -116.751200, 22.520000 
53.779500, -118.486200, 20.499000 
52.501200, -111.700100, 299.444000 
52.475700, -110.322500, 51.746000 
52.366500, -110.791600, 65.712000 
51.569700, -114.985200, 61.240000 
56.284700, -116.113000, 54.340000 
58.630400, -119.058200, 45.058000 
52.381200, -112.199200, 403.600000 
53.228700, -114.554100, 29.573000 
57.217500, -110.895000, 1256.123000 
53.558600, -113.368000, 4446.000000 
49.947800, -112.270800, 49.738000 
52.115800, -110.579400, 88.300000 
49.840300, -114.466800, 57.510000 
54.772900, -118.981500, 28.262000 
53.539800, -113.397000, 60.400000 
50.064300, -112.276400, 137.388000 
53.488400, -117.351700, 49.315000 
54.103500, -116.608000, 241.861000 
52.478300, -111.743500, 160.140000 
55.160200, -118.818400, 23.945000 
56.623600, -119.913600, 39.730000 
52.361000, -113.819400, 1.739000 
52.549200, -113.840800, 4.574000 
49.720000, -113.500300, 2.402000 
53.599500, -111.416200, 2.328000 
56.142400, -119.361000, 26.161000 
52.457500, -110.313700, 23.070000 
54.285000, -115.698200, 155.900000 
52.470100, -114.346400, 112.590000 
53.176000, -115.272300, 39.250000 
