50.747700, -114.494700, 142.090000 
54.194400, -116.632200, 48.550000 
53.746900, -113.164500, 0.841000 
51.742300, -114.134500, 4.660000 
52.776100, -115.660700, 0.822000 
52.758100, -114.111600, 2.080000 
52.226300, -115.177000, 45.720000 
55.725100, -119.399900, 14.175000 
51.191300, -113.940900, 158.185000 
53.733200, -113.486200, 2.148000 
49.305200, -114.000300, 54.100000 
51.039600, -114.559000, 66.000000 
57.003300, -111.466100, 47.930000 
57.040500, -111.619200, 10.958000 
51.570800, -114.851700, 24.455000 
53.181200, -115.762500, 10.743000 
51.219500, -114.645400, 18.830000 
54.833300, -118.646700, 9.942000 
53.204500, -116.811200, 262.245000 
51.526000, -113.880000, 14.341000 
54.185400, -116.210400, 37.930000 
54.427200, -116.884300, 30.910000 
53.132300, -115.981700, 85.120000 
57.546300, -119.112600, 0.685000 
53.557500, -116.547200, 8.057000 
