56.377200, -117.175600, 7.670000 
53.344000, -114.305000, 24.112000 
53.733200, -113.175000, 3.265000 
52.564700, -112.141400, 129.668000 
51.531700, -111.786100, 97.750000 
54.775000, -115.218600, 0.068000 
53.560000, -114.486200, 12.863000 
53.508500, -114.557100, 62.928000 
53.448700, -114.449100, 24.243000 
50.982200, -113.974200, 0.017000 
53.570000, -113.611400, 0.116000 
55.070600, -118.688800, 0.026000 
55.071200, -118.691200, 22.814000 
53.413300, -117.570600, 27.901000 
53.533000, -113.411500, 0.327000 
53.541700, -113.391700, 13.512000 
53.550500, -113.358900, 10.595000 
53.798900, -112.898400, 0.033000 
55.160200, -118.818400, 13.008000 
