56.377200, -117.175600, 4.131000 
53.344000, -114.305000, 7.453000 
53.288500, -110.018300, 1.551000 
52.564700, -112.141400, 26.106000 
51.531700, -111.786100, 39.379000 
51.039600, -114.559000, 71.200000 
53.721700, -113.191700, 3.986000 
53.841600, -113.097900, 22.680000 
57.003300, -111.466100, 357.993000 
57.040500, -111.619200, 381.138000 
53.560000, -114.486200, 9.833000 
53.508500, -114.557100, 33.542000 
53.448700, -114.449100, 15.797000 
55.071200, -118.691200, 7.192000 
53.795900, -113.099600, 0.218000 
53.413300, -117.570600, 8.127000 
53.541700, -113.391700, 182.418000 
53.550500, -113.358900, 109.640000 
