55.996700, -118.533600, 3.401000 
56.377200, -117.175600, 12.370000 
53.733200, -113.175000, 0.033000 
53.288500, -110.018300, 0.472000 
52.146300, -115.330000, 106.880000 
53.048100, -113.921000, 8.583000 
50.747700, -114.494700, 18.755000 
54.572300, -115.522900, 13.178000 
54.596400, -110.395000, 25.986000 
55.335900, -119.223000, 4.432000 
50.647500, -113.772000, 2.096000 
54.194400, -116.632200, 23.250000 
53.546800, -113.734800, 0.615000 
53.245000, -115.674300, 1.770000 
55.358300, -114.617200, 0.150000 
53.746900, -113.164500, 0.134000 
51.742300, -114.134500, 7.056000 
52.959300, -115.893800, 7.772000 
52.776100, -115.660700, 2.580000 
52.758100, -114.111600, 2.563000 
52.226300, -115.177000, 12.170000 
51.534800, -114.203700, 0.137000 
58.500000, -119.416700, 8.265000 
55.725100, -119.399900, 11.624000 
51.191300, -113.940900, 16.135000 
49.305200, -114.000300, 32.000000 
51.039600, -114.559000, 6.600000 
51.965500, -114.753600, 160.982000 
56.380600, -116.795000, 0.117000 
53.722900, -113.174000, 0.007000 
53.652000, -116.099200, 7.304000 
54.423300, -117.760400, 8.580000 
57.003300, -111.466100, 31.954000 
57.040500, -111.619200, 82.507000 
51.570800, -114.851700, 5.987000 
55.071200, -118.691200, 9.269000 
53.795900, -113.099600, 0.973000 
53.413300, -117.570600, 22.570000 
53.541700, -113.391700, 3.039000 
53.181200, -115.762500, 26.586000 
51.219500, -114.645400, 2.250000 
54.833300, -118.646700, 4.086000 
54.524700, -116.794300, 0.140000 
52.553700, -111.694000, 2.515000 
53.204500, -116.811200, 8.524000 
53.550500, -113.358900, 1.243000 
51.915300, -113.578100, 3.782000 
58.555500, -118.915900, 3.725000 
51.526000, -113.880000, 25.379000 
51.696900, -114.475000, 1.106000 
54.185400, -116.210400, 14.030000 
51.400100, -114.034300, 5.486000 
54.427200, -116.884300, 21.719000 
53.132300, -115.981700, 17.989000 
55.913200, -115.150400, 0.378000 
54.510900, -115.511700, 0.367000 
55.481900, -119.059200, 19.871000 
53.721800, -113.192700, 0.001000 
49.628100, -114.571900, 4.451000 
57.546300, -119.112600, 0.072000 
53.250200, -115.555500, 23.465000 
55.489100, -119.750800, 11.860000 
55.876700, -119.301100, 2.470000 
53.557500, -116.547200, 0.375000 
59.063100, -118.875700, 12.397000 
52.095600, -114.799300, 0.016000 
53.902300, -115.189300, 0.327000 
53.740700, -113.023100, 4.980000 
52.228400, -114.397700, 0.103000 
50.269600, -112.893800, 1.328000 
52.904700, -115.324700, 0.555000 
53.544400, -113.366200, 0.199000 
56.981400, -111.475800, 2.236000 
53.543100, -117.797900, 0.329000 
52.588100, -111.206100, 0.365000 
55.393100, -110.738300, 0.019000 
57.054200, -111.917200, 1.426000 
50.129400, -111.908400, 2.293000 
53.388600, -115.315800, 6.521000 
56.098600, -119.288100, 0.660000 
55.943900, -119.923100, 1.110000 
59.641800, -118.307800, 2.070000 
52.963700, -111.364700, 0.077000 
57.217500, -110.895000, 25.387000 
53.566800, -113.365000, 2.201000 
52.639900, -111.273500, 2.201000 
54.285000, -115.698200, 1.867000 
