50.747700, -114.494700, 0.015000 
53.952700, -113.078000, 0.159000 
54.572300, -115.522900, 0.290000 
54.596400, -110.395000, 0.327000 
54.194400, -116.632200, 0.284000 
53.546800, -113.734800, 0.080000 
53.245000, -115.674300, 0.133000 
55.358300, -114.617200, 0.030000 
53.746900, -113.164500, 0.047000 
52.959300, -115.893800, 0.561000 
52.776100, -115.660700, 0.156000 
52.758100, -114.111600, 0.315000 
52.226300, -115.177000, 0.047000 
55.725100, -119.399900, 0.052000 
51.191300, -113.940900, 0.310000 
51.965500, -114.753600, 0.277000 
53.652000, -116.099200, 0.523000 
57.003300, -111.466100, 66.107000 
57.040500, -111.619200, 53.813000 
51.570800, -114.851700, 0.195000 
53.795900, -113.099600, 2.374000 
53.541700, -113.391700, 1.368000 
53.181200, -115.762500, 0.286000 
54.524700, -116.794300, 0.015000 
52.553700, -111.694000, 0.097000 
53.550500, -113.358900, 6.697000 
51.696900, -114.475000, 0.120000 
54.772900, -110.579000, 0.021000 
54.185400, -116.210400, 0.081000 
54.427200, -116.884300, 0.408000 
54.510900, -115.511700, 0.148000 
53.340200, -113.538100, 0.001000 
49.628100, -114.571900, 0.024000 
57.546300, -119.112600, 0.124000 
53.250200, -115.555500, 0.213000 
55.489100, -119.750800, 0.002000 
53.557500, -116.547200, 0.015000 
53.498700, -113.383100, 0.008000 
53.950900, -113.088100, 0.001000 
51.376000, -113.949200, 0.085000 
55.199400, -116.221900, 0.001000 
55.993500, -113.480500, 0.005000 
53.902300, -115.189300, 0.260000 
52.228400, -114.397700, 0.023000 
52.904700, -115.324700, 0.004000 
53.373100, -116.086000, 0.010000 
50.959200, -113.981200, 0.044000 
53.527200, -113.354800, 0.067000 
50.963600, -113.976680, 0.117000 
53.530040, -113.402010, 0.221000 
57.590100, -117.531700, 0.046000 
53.388600, -115.315800, 0.099000 
50.336800, -111.169800, 0.006000 
59.641800, -118.307800, 0.095000 
53.499900, -113.418000, 0.162000 
52.292200, -113.816900, 0.451000 
53.596200, -113.332100, 1.174000 
54.285000, -115.698200, 0.436000 
