53.539700, -113.409200, 12.450000 
56.377200, -117.175600, 180.400000 
53.344000, -114.305000, 1406.602000 
53.733200, -113.175000, 118.311000 
53.288500, -110.018300, 1.440000 
52.146300, -115.330000, 11.290000 
53.048100, -113.921000, 20.256000 
54.572300, -115.522900, 19.380000 
54.596400, -110.395000, 67.822000 
49.789400, -112.126100, 330.800000 
52.564700, -112.141400, 1245.684000 
51.531700, -111.786100, 447.454000 
54.007100, -119.104000, 376.000000 
52.496000, -114.988000, 2.470000 
50.675600, -110.025000, 452.856000 
53.529100, -113.387500, 140.705000 
53.572500, -113.360600, 56.735000 
53.571700, -113.349800, 116.700000 
53.089200, -116.805900, 87.032000 
52.308300, -113.550000, 425.239000 
49.713599, -112.796397, 4.747000 
49.305200, -114.000300, 20.593000 
51.039600, -114.559000, 17.500000 
51.965500, -114.753600, 14.154000 
56.380600, -116.795000, 13.727000 
53.722900, -113.174000, 0.078000 
53.721700, -113.191700, 43.633000 
53.841600, -113.097900, 367.440000 
57.003300, -111.466100, 1913.453000 
57.040500, -111.619200, 4987.320000 
53.560000, -114.486200, 518.381000 
53.508500, -114.557100, 2933.074000 
53.448700, -114.449100, 789.805000 
52.385800, -113.595000, 37.146000 
50.031100, -110.641000, 19.820000 
52.033030, -113.938910, 97.862000 
53.227700, -114.988900, 254.900000 
53.593060, -116.390300, 141.500000 
55.269500, -114.598300, 135.300000 
51.570800, -114.851700, 3.731000 
50.846700, -113.581170, 47.200000 
55.071200, -118.691200, 170.201000 
53.795900, -113.099600, 10.885000 
53.804200, -113.082400, 12.469000 
53.413300, -117.570600, 412.350000 
50.845800, -113.586700, 104.000000 
53.541700, -113.391700, 643.019000 
53.181200, -115.762500, 6.177000 
51.219500, -114.645400, 3.361000 
53.204500, -116.811200, 10.096000 
50.086600, -110.716700, 54.765000 
53.550500, -113.358900, 118.074000 
55.248100, -114.514000, 25.837000 
54.772900, -110.579000, 47.032000 
53.728270, -113.235520, 40.465000 
53.283800, -110.031900, 25.641000 
51.789600, -114.702800, 66.266000 
49.701943, -112.803037, 32.600000 
54.238200, -115.379700, 96.700000 
53.721800, -113.192700, 19.201000 
53.725400, -113.193000, 62.670000 
55.029800, -118.744000, 732.469000 
55.162300, -118.816600, 57.720000 
50.597600, -111.881800, 26.990000 
50.583700, -113.871100, 20.740000 
53.581600, -113.599100, 232.945000 
55.432500, -116.486000, 245.930000 
52.095600, -114.799300, 4.020000 
51.058900, -115.174500, 631.800000 
53.347100, -110.838200, 382.083000 
53.908300, -118.816700, 8.060000 
50.058200, -110.728200, 4.427000 
54.133300, -115.366600, 54.682000 
57.218000, -111.027000, 21.000000 
55.268600, -114.584700, 53.776000 
58.194700, -116.350400, 15.880000 
58.518800, -117.119500, 112.290000 
54.587200, -112.803100, 35.087000 
58.501200, -117.145600, 194.000000 
53.740700, -113.023100, 76.500000 
52.766100, -114.285600, 0.512000 
54.846700, -112.567500, 0.414000 
54.926900, -111.936100, 0.331000 
52.308300, -113.550000, 349.754000 
57.351700, -111.522200, 21.280000 
51.154200, -114.187700, 34.481000 
51.028800, -114.044800, 18.249000 
51.024500, -114.025000, 39.800000 
52.315900, -113.850000, 29.598000 
51.015020, -114.026480, 28.699000 
51.068200, -115.136400, 228.163000 
53.862700, -110.639000, 23.699000 
53.431000, -117.540600, 1.845000 
53.010600, -112.810000, 14.940000 
52.255700, -113.886000, 5.916000 
53.645100, -114.130200, 9.432000 
53.571300, -113.339300, 66.483000 
53.066500, -117.404800, 280.610000 
53.943200, -113.596900, 157.000000 
53.651700, -113.265800, 68.934000 
53.559040, -113.693580, 28.306000 
53.565150, -113.364550, 33.774000 
50.991500, -114.030100, 20.420000 
51.065300, -115.221100, 22.992000 
53.501040, -113.489732, 40.369000 
52.375200, -114.921600, 25.212000 
51.020210, -114.019246, 27.757000 
51.052000, -114.010500, 0.030000 
49.725300, -112.790000, 0.015000 
49.784800, -112.151000, 20.181000 
55.309200, -119.205800, 41.040000 
53.574200, -116.646900, 41.220000 
54.416000, -115.636200, 17.120000 
54.974300, -117.285800, 27.410000 
52.050100, -112.728300, 23.520000 
54.387000, -116.966700, 41.150000 
49.698011, -112.823139, 0.447000 
53.561500, -116.577900, 32.694000 
49.697836, -112.821799, 5.809000 
49.229200, -114.029100, 7.532000 
49.488900, -113.955100, 10.955000 
53.346200, -113.517200, 20.077000 
54.162360, -115.733900, 12.747000 
49.701100, -112.787800, 46.172000 
53.067000, -115.439900, 0.185000 
52.981500, -112.707700, 271.795000 
52.349900, -110.266600, 184.540000 
49.833300, -111.699800, 96.461000 
53.779500, -118.486200, 22.227000 
54.467300, -110.209200, 36.406000 
56.857000, -111.441500, 166.621000 
54.169000, -115.762200, 47.150000 
49.731100, -113.460100, 35.598000 
52.942400, -113.511100, 68.715000 
51.491800, -114.030200, 50.669000 
52.794000, -111.825900, 153.515000 
53.434200, -111.805800, 163.101000 
51.804500, -113.239900, 190.537000 
53.575400, -113.624100, 285.158000 
51.176500, -114.194900, 51.799000 
51.148400, -114.025100, 32.644000 
53.558800, -113.473700, 52.383000 
49.714900, -113.422100, 22.898000 
50.993800, -113.990000, 27.457000 
53.539800, -113.397000, 25.790000 
55.160200, -118.818400, 51.869000 
52.361000, -113.819400, 0.492000 
52.549200, -113.840800, 4.095000 
49.720000, -113.500300, 2.991000 
53.599500, -111.416200, 3.294000 
53.779300, -117.590500, 22.720000 
50.518000, -111.728000, 16.170000 
53.221600, -114.973300, 59.299000 
55.278800, -114.766600, 32.091000 
55.118600, -118.361300, 55.457000 
54.423900, -110.304200, 55.468000 
55.373190, -114.747800, 330.099000 
51.094400, -114.049700, 287.475000 
52.866700, -112.200000, 21.784000 
51.435000, -111.755000, 13.805000 
53.329400, -114.290300, 21.876000 
50.702200, -113.923000, 6.840000 
51.175200, -114.188000, 25.650000 
