56.377200, -117.175600, 0.006838 
53.344000, -114.305000, 0.459936 
53.579900, -113.576400, 0.165000 
50.992000, -114.059000, 0.002080 
54.775000, -115.218600, 0.003179 
53.529100, -113.387500, 0.381024 
53.571700, -113.349800, 0.000994 
57.003300, -111.466100, 0.036076 
57.040500, -111.619200, 0.347238 
53.560000, -114.486200, 0.031532 
53.508500, -114.557100, 1.198786 
53.448700, -114.449100, 0.369451 
53.593060, -116.390300, 0.004000 
55.269500, -114.598300, 0.001440 
53.413300, -117.570600, 0.022998 
53.533000, -113.411500, 0.003211 
53.541700, -113.391700, 0.065523 
53.550500, -113.358900, 0.030881 
55.248100, -114.514000, 0.000060 
53.581600, -113.599100, 0.008161 
55.432500, -116.486000, 0.002410 
51.058900, -115.174500, 0.018940 
51.068200, -115.136400, 0.000076 
51.091600, -113.997000, 0.000022 
53.476700, -113.468000, 0.003300 
