56.377200, -117.175600, 0.003841 
53.344000, -114.305000, 0.014878 
54.596400, -110.395000, 0.038317 
54.144400, -115.691700, 0.000492 
54.775000, -115.218600, 0.000118 
53.529100, -113.387500, 0.012098 
57.003300, -111.466100, 0.003867 
57.040500, -111.619200, 0.022554 
53.560000, -114.486200, 0.006424 
53.508500, -114.557100, 0.044508 
53.448700, -114.449100, 0.012863 
53.593060, -116.390300, 0.001000 
55.269500, -114.598300, 0.000600 
55.071200, -118.691200, 0.004844 
53.795900, -113.099600, 0.004393 
53.413300, -117.570600, 0.007254 
53.541700, -113.391700, 0.015087 
53.550500, -113.358900, 0.011302 
55.248100, -114.514000, 0.000264 
54.772900, -110.579000, 0.014971 
53.581600, -113.599100, 0.000204 
55.432500, -116.486000, 0.000800 
