53.344000, -114.305000, 0.123804 
54.596400, -110.395000, 0.009057 
52.564700, -112.141400, 0.105213 
51.531700, -111.786100, 0.093684 
54.007100, -119.104000, 0.004060 
54.775000, -115.218600, 0.011619 
53.529100, -113.387500, 0.012572 
49.713599, -112.796397, 0.000046 
57.003300, -111.466100, 0.008542 
57.040500, -111.619200, 0.033653 
53.560000, -114.486200, 0.042600 
53.508500, -114.557100, 0.313500 
53.448700, -114.449100, 0.120000 
53.795900, -113.099600, 0.000527 
53.541700, -113.391700, 0.004745 
53.550500, -113.358900, 0.003998 
53.581600, -113.599100, 0.009890 
51.058900, -115.174500, 0.022650 
52.827500, -110.859600, 0.000271 
51.068200, -115.136400, 0.001079 
55.309200, -119.205800, 0.000001 
