56.377200, -117.175600, 118.776000 
54.144400, -115.691700, 0.158000 
49.789400, -112.126100, 32.518000 
52.322100, -113.516600, 49.469000 
53.571700, -113.349800, 50.107000 
56.380600, -116.795000, 0.001000 
53.721700, -113.191700, 22.329000 
53.841600, -113.097900, 2393.320000 
57.040500, -111.619200, 2116.488000 
53.560000, -114.486200, 51.158000 
53.448700, -114.449100, 0.536000 
50.846700, -113.581170, 23.400000 
55.071200, -118.691200, 68.160000 
53.804200, -113.082400, 3.951000 
53.413300, -117.570600, 50.145000 
50.845800, -113.586700, 1733.000000 
53.541700, -113.391700, 2.335000 
53.204500, -116.811200, 6.935000 
50.086600, -110.716700, 2199.700000 
55.248100, -114.514000, 0.020000 
53.319300, -113.518000, 0.916000 
53.721800, -113.192700, 165.974000 
53.725400, -113.193000, 569.900000 
53.394200, -113.570700, 0.001000 
50.597600, -111.881800, 10.110000 
50.583700, -113.871100, 6.492000 
51.012800, -114.022000, 313.269000 
50.912700, -114.011800, 57.150000 
53.719000, -113.205600, 16.700000 
53.560800, -113.415300, 205.600000 
53.567200, -113.599300, 2.417000 
52.266000, -113.808200, 6.000000 
52.308800, -113.790000, 34.400000 
53.628800, -113.307700, 61.000000 
51.002000, -113.988200, 0.072000 
51.180450, -113.937280, 0.897000 
53.714800, -113.190000, 1.792000 
55.160200, -118.818400, 56.098000 
