53.582300, -113.588600, 58.860000 
55.996700, -118.533600, 80.172000 
53.539700, -113.409200, 311.100000 
56.377200, -117.175600, 163.801000 
53.344000, -114.305000, 21.614000 
53.733200, -113.175000, 462.350000 
53.288500, -110.018300, 126.008000 
52.146300, -115.330000, 78.380000 
53.048100, -113.921000, 720.503000 
50.747700, -114.494700, 321.778000 
54.952700, -119.195300, 101.483000 
53.952700, -113.078000, 80.969000 
54.572300, -115.522900, 215.467000 
54.596400, -110.395000, 253.157000 
55.335900, -119.223000, 21.360000 
50.987300, -113.971000, 171.215000 
50.647500, -113.772000, 29.040000 
54.194400, -116.632200, 277.569000 
53.546800, -113.734800, 112.370000 
53.245000, -115.674300, 108.799000 
55.358300, -114.617200, 71.202000 
53.746900, -113.164500, 381.772000 
51.419100, -114.027000, 287.690000 
54.775000, -115.218600, 5.413000 
51.742300, -114.134500, 121.330000 
52.496000, -114.988000, 19.532000 
50.675600, -110.025000, 62.420000 
53.529100, -113.387500, 60.938000 
53.572500, -113.360600, 149.268000 
53.571700, -113.349800, 35.086000 
52.959300, -115.893800, 234.449000 
51.637200, -112.866000, 57.000000 
52.776100, -115.660700, 122.517000 
52.758100, -114.111600, 366.719000 
52.226300, -115.177000, 266.241000 
51.534800, -114.203700, 137.111000 
58.500000, -119.416700, 69.690000 
49.720100, -112.781900, 35.750000 
52.940400, -114.832300, 5.957000 
55.725100, -119.399900, 85.549000 
52.308300, -113.550000, 318.551000 
49.713599, -112.796397, 1050.795000 
51.191300, -113.940900, 519.656000 
49.305200, -114.000300, 289.451000 
51.039600, -114.559000, 358.700000 
51.965500, -114.753600, 291.004000 
56.380600, -116.795000, 345.207000 
53.722900, -113.174000, 2.600000 
53.841600, -113.097900, 181.540000 
53.652000, -116.099200, 155.922000 
54.423300, -117.760400, 101.615000 
57.003300, -111.466100, 26491.680000 
57.040500, -111.619200, 11518.990000 
53.560000, -114.486200, 41.145000 
53.508500, -114.557100, 272.997000 
53.448700, -114.449100, 104.218000 
52.385800, -113.595000, 162.000000 
51.181625, -114.472100, 38.422000 
51.022770, -114.027660, 1256.020000 
52.033030, -113.938910, 93.320000 
53.227700, -114.988900, 485.500000 
53.593060, -116.390300, 280.490000 
55.269500, -114.598300, 300.970000 
51.570800, -114.851700, 103.300000 
55.071200, -118.691200, 234.602000 
53.795900, -113.099600, 100.422000 
53.804200, -113.082400, 68.811000 
53.413300, -117.570600, 216.986000 
50.983000, -113.988400, 105.938000 
50.845800, -113.586700, 110.318000 
53.559400, -113.597500, 9.715000 
53.541700, -113.391700, 632.096000 
53.181200, -115.762500, 46.710000 
51.219500, -114.645400, 55.754000 
50.805300, -110.034900, 20.700000 
54.833300, -118.646700, 81.164000 
54.524700, -116.794300, 210.155000 
52.553700, -111.694000, 21.419000 
54.130900, -115.546700, 28.729000 
53.204500, -116.811200, 491.247000 
50.086600, -110.716700, 312.612000 
53.550500, -113.358900, 663.384000 
51.915300, -113.578100, 65.845000 
58.555500, -118.915900, 132.417000 
51.526000, -113.880000, 160.013000 
51.696900, -114.475000, 227.290000 
53.531993, -113.364925, 49.760000 
53.544350, -113.374010, 18.700000 
53.022700, -112.811400, 47.600000 
54.772900, -110.579000, 254.635000 
54.185400, -116.210400, 202.830000 
51.400100, -114.034300, 87.562000 
53.757500, -113.149900, 137.873000 
54.427200, -116.884300, 307.136000 
53.132300, -115.981700, 140.129000 
55.913200, -115.150400, 63.611000 
52.035300, -115.137700, 111.792000 
53.456206, -113.487312, 118.240000 
53.728270, -113.235520, 103.232000 
54.510900, -115.511700, 126.710000 
53.283800, -110.031900, 242.113000 
53.504000, -113.450200, 7.005000 
55.481900, -119.059200, 25.860000 
51.789600, -114.702800, 87.331000 
49.701943, -112.803037, 506.920000 
54.238200, -115.379700, 443.500000 
51.001700, -113.994000, 11.040000 
51.034710, -114.025600, 37.600000 
53.725400, -113.193000, 13.430000 
55.029800, -118.744000, 254.120000 
55.041500, -119.631000, 55.630000 
51.005290, -114.058570, 155.196000 
55.273300, -114.599700, 52.381000 
55.162300, -118.816600, 51.000000 
49.628100, -114.571900, 13.035000 
57.546300, -119.112600, 142.648000 
50.597600, -111.881800, 35.700000 
50.583700, -113.871100, 36.554000 
53.250200, -115.555500, 75.569000 
55.489100, -119.750800, 27.430000 
53.581600, -113.599100, 0.045000 
53.571290, -113.355400, 9.982000 
55.876700, -119.301100, 24.100000 
51.222500, -114.495600, 15.504000 
53.506740, -113.396252, 57.108000 
51.295600, -114.014600, 90.540000 
55.432500, -116.486000, 97.190000 
53.557500, -116.547200, 79.455000 
59.063100, -118.875700, 171.196000 
53.817200, -113.133600, 28.025000 
53.498700, -113.383100, 10.972000 
51.000700, -113.965670, 16.122000 
51.012800, -114.022000, 115.112000 
50.912700, -114.011800, 21.108000 
52.327100, -112.718300, 23.000000 
56.904200, -117.633600, 28.600000 
53.670500, -115.762200, 20.210000 
51.010160, -113.964210, 16.089000 
53.908300, -118.816700, 21.100000 
50.058200, -110.728200, 29.737000 
54.133300, -115.366600, 85.113000 
55.074200, -117.274200, 68.414000 
55.268600, -114.584700, 113.862000 
54.394900, -116.809000, 16.900000 
58.194700, -116.350400, 11.390000 
55.199400, -116.221900, 32.030000 
55.993500, -113.480500, 74.765000 
53.532000, -113.394000, 15.900000 
53.563200, -113.634800, 38.699000 
49.729139, -112.781105, 15.697000 
58.518800, -117.119500, 1317.440000 
54.139800, -115.689100, 95.870000 
54.587200, -112.803100, 89.456000 
52.172000, -114.599000, 20.484000 
53.616600, -115.711100, 116.066000 
53.170200, -114.975000, 24.648000 
53.745000, -110.810800, 11.032000 
53.902300, -115.189300, 98.859000 
53.740700, -113.023100, 198.667000 
50.981270, -113.971610, 40.567000 
52.212400, -113.843700, 61.267000 
52.228400, -114.397700, 110.060000 
52.766100, -114.285600, 5.770000 
53.550690, -113.349600, 817.700000 
53.593600, -113.335600, 22.350000 
52.674300, -111.311600, 14.849000 
57.298900, -111.503300, 16384.943000 
50.664700, -113.784200, 12.450000 
57.076100, -111.918900, 26.167000 
50.269600, -112.893800, 25.120000 
54.846700, -112.567500, 1.238000 
54.926900, -111.936100, 0.989000 
49.303500, -113.794000, 21.024000 
52.308300, -113.550000, 0.039000 
51.910600, -114.668100, 31.656000 
52.405800, -114.391900, 35.215000 
53.286400, -110.017800, 22.681000 
52.656700, -111.311900, 22.324000 
53.402700, -117.599300, 105.103000 
50.577200, -111.178100, 34.050000 
56.981400, -111.462500, 96.040000 
52.869000, -115.101000, 42.012000 
50.671900, -110.028900, 26.292000 
52.904700, -115.324700, 234.020000 
53.091100, -111.768600, 121.440000 
55.069600, -110.536100, 32.220000 
53.373100, -116.086000, 122.330000 
52.301100, -113.856100, 48.369000 
57.351700, -111.522200, 5006.482000 
50.959200, -113.981200, 395.849000 
53.527200, -113.354800, 487.977000 
51.001000, -114.061200, 98.790000 
51.024500, -114.025000, 0.750000 
52.315900, -113.850000, 296.130000 
50.697800, -111.531000, 28.667000 
53.481700, -113.489000, 28.676000 
51.015020, -114.026480, 32.329000 
51.016000, -114.061400, 10.000000 
53.431000, -117.540600, 0.457000 
53.010600, -112.810000, 1.352000 
52.255700, -113.886000, 3.480000 
53.645100, -114.130200, 1.788000 
53.544400, -113.366200, 126.884000 
51.024190, -114.035300, 142.110000 
53.571300, -113.339300, 9.063000 
53.573900, -113.597100, 110.456000 
56.981400, -111.475800, 247.346000 
53.543100, -117.797900, 139.462000 
52.588100, -111.206100, 22.878000 
57.054200, -111.917200, 76.528000 
53.319800, -113.571800, 19.550000 
51.004250, -114.050900, 28.300000 
53.576230, -113.595660, 110.767000 
53.501040, -113.489732, 14.753000 
52.375200, -114.921600, 214.070000 
50.963600, -113.976680, 916.619000 
53.530040, -113.402010, 794.983000 
51.045078, -114.092040, 11.775000 
51.052000, -114.010500, 0.087000 
49.725300, -112.790000, 0.045000 
52.046500, -114.588800, 48.760000 
50.471500, -111.606500, 115.896000 
58.568700, -119.201500, 15.752000 
53.890700, -117.354000, 73.272000 
55.396400, -119.599700, 27.758000 
50.129400, -111.908400, 77.848000 
53.977100, -117.285100, 44.266000 
55.116400, -116.712300, 140.114000 
59.165100, -118.725800, 12.847000 
52.746800, -112.988000, 11.801000 
52.104400, -110.695000, 40.508000 
51.977300, -110.486900, 10.121000 
54.785300, -117.658000, 19.724000 
55.891100, -119.798600, 18.411000 
51.488700, -113.153900, 11.470000 
53.416800, -113.917700, 13.928000 
51.911800, -114.512900, 11.264000 
51.897200, -115.040200, 14.023000 
51.948100, -115.081600, 10.133000 
52.090000, -115.161600, 11.515000 
52.064400, -115.131800, 11.191000 
51.878900, -115.093200, 2.343000 
51.828100, -114.980700, 10.653000 
54.207000, -117.169300, 11.875000 
57.338900, -119.657100, 23.309000 
57.502800, -118.745700, 12.150000 
57.338900, -118.460000, 15.425000 
55.352900, -110.627800, 20.649000 
55.396500, -110.737300, 26.155000 
55.691200, -111.275900, 10.866000 
54.436200, -111.205100, 13.870000 
55.509300, -114.146900, 6.978000 
55.585600, -117.891600, 21.356000 
57.590100, -117.531700, 10.424000 
53.159500, -114.902800, 89.722000 
54.796400, -119.439200, 16.323000 
54.800000, -119.775600, 14.182000 
54.607200, -119.332000, 17.795000 
54.720000, -119.110600, 4.985000 
54.829200, -119.668600, 15.300000 
53.610600, -117.695900, 16.260000 
49.958300, -113.556600, 10.070000 
53.035900, -111.403600, 10.580000 
52.747000, -115.255600, 13.580000 
53.499300, -116.805300, 34.982000 
50.718600, -111.322200, 12.542000 
57.004500, -113.188600, 18.132000 
51.635300, -112.531400, 48.226000 
55.884400, -113.291000, 12.143000 
56.135000, -113.028300, 10.684000 
54.816000, -118.715600, 11.366000 
53.215900, -116.497000, 13.356000 
55.631500, -112.189600, 11.727000 
50.989600, -112.067900, 11.909000 
54.494400, -118.198900, 17.103000 
54.702500, -112.900400, 10.465000 
53.770600, -117.601400, 13.464000 
55.125000, -111.690600, 11.075000 
53.583000, -116.842000, 39.508000 
56.199000, -110.675100, 10.934000 
50.511400, -111.289400, 12.597000 
56.622700, -119.946500, 28.635000 
55.309200, -119.205800, 16.210000 
53.574200, -116.646900, 16.290000 
54.416000, -115.636200, 6.810000 
54.974300, -117.285800, 10.860000 
52.050100, -112.728300, 9.310000 
54.387000, -116.966700, 16.240000 
51.315900, -113.428500, 15.981000 
51.281700, -113.428000, 13.445000 
53.388600, -115.315800, 122.881000 
49.684600, -112.814600, 10.500000 
50.006500, -114.146000, 25.230000 
50.443500, -113.952200, 13.110000 
50.957700, -113.714500, 10.650000 
51.024500, -111.642800, 18.720000 
56.215000, -110.968100, 28.660000 
55.651800, -111.084400, 13.993000 
56.930900, -115.252200, 68.016000 
55.883900, -117.462000, 17.578000 
49.729200, -114.427200, 20.007000 
53.193400, -110.863100, 15.365000 
55.640300, -118.502800, 13.423000 
55.917500, -119.835200, 8.516000 
56.281800, -119.166800, 14.044000 
54.348900, -119.463300, 16.832000 
55.429200, -113.618100, 18.384000 
54.033400, -117.756900, 36.360000 
54.965100, -119.306800, 11.816000 
52.140800, -112.157200, 19.953000 
56.347100, -119.190500, 26.979000 
55.895000, -118.317500, 13.955000 
50.202700, -110.661300, 16.327000 
50.336700, -110.135000, 15.304000 
53.190300, -115.224000, 10.104000 
50.995000, -112.801700, 10.510000 
50.965900, -113.030200, 11.430000 
51.115100, -112.960100, 11.190000 
51.217000, -113.977700, 17.220000 
51.006200, -113.176000, 11.120000 
51.304300, -112.653700, 15.070000 
51.275400, -112.906500, 17.570000 
51.402400, -112.918100, 14.060000 
51.060700, -112.412000, 10.500000 
50.795100, -112.017800, 11.360000 
50.915100, -112.451700, 13.580000 
54.949300, -110.622600, 24.300000 
55.047300, -110.577800, 53.280000 
55.240100, -114.042800, 10.024000 
55.294800, -110.795100, 39.570000 
57.266800, -114.892000, 14.037000 
51.409800, -113.094600, 15.760000 
52.708400, -114.446600, 15.410000 
50.165800, -110.841900, 10.860000 
50.223900, -110.761900, 29.970000 
50.223900, -110.899700, 34.220000 
50.224000, -110.037500, 32.700000 
50.398600, -110.503300, 39.460000 
55.378300, -119.760600, 13.330000 
50.336800, -111.169800, 36.162000 
50.591500, -111.780300, 18.480000 
51.531300, -113.276300, 18.750000 
51.046200, -112.044500, 10.270000 
53.937900, -116.900400, 10.209000 
53.981500, -116.999800, 10.164000 
52.435700, -113.390400, 15.341000 
55.433300, -116.483200, 43.000000 
50.981000, -113.967800, 29.000000 
53.504050, -113.374400, 31.709000 
51.093400, -112.820100, 13.400000 
51.871800, -112.887600, 10.150000 
58.110400, -118.115600, 12.840000 
56.233200, -113.896400, 16.360000 
55.385700, -113.001600, 14.040000 
52.610400, -114.821800, 10.626000 
50.897000, -111.693700, 14.146000 
53.561500, -116.577900, 339.789000 
50.299100, -112.185400, 10.439000 
53.392300, -115.316900, 12.150000 
53.392300, -115.310800, 9.720000 
52.759300, -115.531900, 9.910000 
51.388100, -110.772500, 13.130000 
54.963600, -117.670700, 21.321000 
50.165900, -110.089100, 42.926000 
55.847500, -111.358600, 10.574000 
57.200900, -112.905700, 39.098000 
55.996800, -110.822600, 10.598000 
59.641800, -118.307800, 38.167000 
51.813600, -112.454200, 17.088000 
54.363300, -116.624000, 15.685000 
54.792900, -115.521700, 10.230000 
58.081200, -117.828800, 20.004000 
53.090400, -115.245000, 9.159000 
57.604400, -118.999800, 27.523000 
50.307500, -110.502500, 13.023000 
57.042500, -111.905000, 15.486000 
52.704800, -115.441100, 45.881000 
49.914900, -112.361400, 14.062000 
53.752300, -117.099300, 113.498000 
50.311200, -110.296600, 11.450000 
51.962900, -114.732100, 12.880000 
52.774000, -112.914300, 10.487000 
54.385300, -118.624900, 17.820000 
49.229200, -114.029100, 16.592000 
49.488900, -113.955100, 24.721000 
56.973300, -116.585000, 6.594000 
50.994100, -113.958300, 382.510000 
55.640300, -119.627000, 23.776000 
52.711900, -116.338600, 12.677000 
53.941500, -116.720100, 11.148000 
52.697500, -116.320300, 10.085000 
53.712300, -116.148900, 20.495000 
52.766700, -116.393000, 22.060000 
54.485300, -118.778300, 15.620000 
53.854300, -117.391200, 31.950000 
54.178700, -117.328400, 10.030000 
52.963700, -111.364700, 18.920000 
52.031800, -112.629500, 10.374000 
53.346200, -113.517200, 14.246000 
55.058700, -111.895500, 13.818000 
55.491170, -116.186500, 14.094000 
53.887000, -116.396900, 13.082000 
54.162360, -115.733900, 23.001000 
56.218700, -116.251300, 29.417000 
54.061800, -117.447300, 12.730000 
54.105400, -117.526500, 41.330000 
53.952600, -117.559000, 21.130000 
54.054200, -118.308700, 23.501000 
53.534300, -110.786600, 14.755000 
50.084400, -110.607000, 13.819000 
59.601800, -117.409700, 16.710000 
54.980400, -117.292000, 2.901000 
53.779500, -118.486200, 32.478000 
53.579500, -113.089500, 30.984000 
49.449200, -111.616700, 32.678000 
53.857900, -113.397400, 10.020000 
50.565900, -112.640300, 11.929000 
52.881600, -116.573400, 15.631000 
58.339500, -118.536800, 11.992000 
50.431200, -111.589200, 14.192000 
53.444100, -113.491800, 21.265000 
53.737500, -113.149000, 28.276000 
52.942400, -113.511100, 265.298000 
52.696100, -114.863800, 76.971000 
54.166900, -118.486900, 29.415000 
55.396400, -119.503100, 13.170000 
57.217500, -110.895000, 90.946000 
56.666700, -111.345100, 15.997000 
52.875700, -111.422500, 10.990000 
52.875700, -111.483300, 17.180000 
51.411700, -114.027000, 32.584000 
53.997500, -117.349600, 11.741000 
52.604900, -113.196300, 18.157000 
57.382700, -118.979400, 17.483000 
54.823200, -117.659000, 10.486000 
55.965300, -119.935100, 12.375000 
50.993800, -113.990000, 11.432000 
52.725100, -113.169500, 14.570000 
53.834000, -117.912400, 19.382000 
54.957600, -119.199100, 26.014000 
53.987100, -117.351500, 11.790000 
50.683000, -111.548000, 13.950000 
54.016200, -117.154000, 10.943000 
52.841500, -116.035500, 22.511000 
53.571300, -113.343100, 18.736000 
53.288900, -110.012000, 11.720000 
58.781600, -118.602700, 30.762000 
58.963400, -118.361500, 12.409000 
54.452300, -114.874300, 12.040000 
54.353900, -114.811100, 10.520000 
52.941200, -118.043000, 48.150000 
58.727600, -111.136400, 13.374000 
52.293900, -110.691400, 10.990000 
53.175900, -115.271100, 11.044000 
50.632000, -114.240300, 65.866000 
55.160200, -118.818400, 16.436000 
53.559400, -113.347200, 24.400000 
54.198400, -119.053700, 6.769000 
55.698600, -119.715100, 14.832000 
52.361000, -113.819400, 1.730000 
52.549200, -113.840800, 4.341000 
49.720000, -113.500300, 2.268000 
53.599500, -111.416200, 2.322000 
52.404900, -114.592200, 12.100000 
50.518000, -111.728000, 6.380000 
52.681500, -113.121100, 9.660000 
54.171000, -118.334400, 18.260000 
50.448100, -110.574400, 10.100000 
50.485300, -111.449700, 10.490000 
55.373190, -114.747800, 108.956000 
53.596200, -113.332100, 27.681000 
53.566800, -113.365000, 278.177000 
52.639900, -111.273500, 189.055000 
53.500000, -113.440000, 15.891000 
55.938900, -113.930600, 12.160000 
56.528200, -114.071600, 24.309000 
56.524400, -113.464600, 31.789000 
54.285000, -115.698200, 238.918000 
51.465100, -113.512200, 10.150000 
53.761100, -117.367500, 10.346000 
51.020000, -112.490000, 43.045000 
52.646000, -111.278000, 102.559000 
55.250000, -116.290000, 117.914000 
53.250500, -113.049900, 26.829000 
49.080000, -112.050000, 135.346000 
56.350000, -115.200000, 132.394000 
52.380000, -114.140000, 88.339000 
53.340000, -113.310000, 3.322000 
52.457800, -114.277800, 6.556000 
52.557700, -115.977200, 12.966000 
52.634000, -110.209100, 19.091000 
57.288700, -111.886800, 11.489000 
52.030100, -112.886600, 11.190000 
51.790000, -113.040700, 11.400000 
51.848200, -113.758200, 11.480000 
