55.996700, -118.533600, 3.866000 
53.539700, -113.409200, 12.450000 
56.377200, -117.175600, 135.680000 
53.833100, -113.108900, 1.150000 
53.344000, -114.305000, 608.156000 
53.733200, -113.175000, 103.479000 
53.776000, -113.088600, 3.196000 
53.288500, -110.018300, 1.440000 
52.146300, -115.330000, 11.290000 
53.048100, -113.921000, 20.256000 
50.747700, -114.494700, 8.627000 
54.952700, -119.195300, 6.829000 
53.952700, -113.078000, 1.302000 
54.572300, -115.522900, 19.380000 
54.596400, -110.395000, 67.822000 
55.335900, -119.223000, 0.740000 
50.647500, -113.772000, 3.470000 
54.194400, -116.632200, 17.860000 
53.546800, -113.734800, 2.270000 
53.245000, -115.674300, 1.880000 
55.358300, -114.617200, 0.740000 
53.746900, -113.164500, 0.640000 
54.144400, -115.691700, 0.850000 
49.789400, -112.126100, 330.800000 
54.179100, -115.806000, 2.119000 
52.564700, -112.141400, 628.673000 
51.531700, -111.786100, 328.616000 
54.007100, -119.104000, 83.500000 
54.775000, -115.218600, 0.768000 
51.742300, -114.134500, 3.430000 
52.496000, -114.988000, 2.470000 
50.675600, -110.025000, 452.856000 
53.529100, -113.387500, 39.297000 
53.572500, -113.360600, 32.870000 
53.571700, -113.349800, 116.700000 
52.959300, -115.893800, 8.870000 
52.463000, -114.346500, 1.800000 
51.637200, -112.866000, 1.850000 
52.776100, -115.660700, 10.640000 
52.758100, -114.111600, 17.910000 
52.226300, -115.177000, 4.460000 
51.534800, -114.203700, 1.913000 
58.500000, -119.416700, 11.620000 
53.089200, -116.805900, 1.151000 
52.940400, -114.832300, 3.131000 
55.725100, -119.399900, 1.293000 
52.308300, -113.550000, 425.239000 
49.713599, -112.796397, 1.781000 
51.191300, -113.940900, 14.346000 
49.305200, -114.000300, 18.133000 
51.039600, -114.559000, 17.500000 
51.965500, -114.753600, 14.127000 
56.380600, -116.795000, 13.546000 
53.722900, -113.174000, 0.078000 
53.721700, -113.191700, 43.282000 
53.841600, -113.097900, 213.510000 
53.652000, -116.099200, 3.064000 
54.423300, -117.760400, 10.175000 
57.003300, -111.466100, 1115.749000 
57.040500, -111.619200, 3010.625000 
53.560000, -114.486200, 347.299000 
53.508500, -114.557100, 2141.363000 
53.448700, -114.449100, 529.121000 
52.385800, -113.595000, 37.081000 
50.031100, -110.641000, 5.780000 
51.022770, -114.027660, 0.793000 
52.033030, -113.938910, 80.258000 
53.227700, -114.988900, 227.500000 
53.593060, -116.390300, 129.600000 
55.269500, -114.598300, 107.210000 
51.570800, -114.851700, 3.460000 
55.070600, -118.688800, 1.586000 
50.846700, -113.581170, 47.200000 
55.071200, -118.691200, 135.306000 
53.795900, -113.099600, 10.885000 
53.804200, -113.082400, 11.628000 
53.413300, -117.570600, 328.438000 
50.845800, -113.586700, 6.640000 
53.533000, -113.411500, 2.040000 
53.541700, -113.391700, 453.871000 
53.181200, -115.762500, 6.177000 
51.219500, -114.645400, 3.356000 
50.805300, -110.034900, 10.650000 
54.833300, -118.646700, 6.491000 
54.524700, -116.794300, 2.744000 
54.130900, -115.546700, 7.481000 
53.204500, -116.811200, 10.096000 
50.086600, -110.716700, 13.721000 
53.550500, -113.358900, 87.052000 
51.915300, -113.578100, 2.031000 
58.555500, -118.915900, 3.093000 
51.526000, -113.880000, 1.136000 
51.696900, -114.475000, 3.150000 
55.248100, -114.514000, 8.580000 
53.544350, -113.374010, 0.510000 
53.022700, -112.811400, 1.577000 
54.772900, -110.579000, 47.032000 
54.185400, -116.210400, 17.040000 
51.400100, -114.034300, 9.163000 
53.757500, -113.149900, 1.270000 
51.926500, -114.542700, 0.058000 
54.427200, -116.884300, 7.080000 
53.132300, -115.981700, 2.516000 
55.913200, -115.150400, 1.278000 
52.035300, -115.137700, 3.593000 
53.456206, -113.487312, 0.577000 
53.728270, -113.235520, 31.437000 
54.510900, -115.511700, 10.960000 
53.283800, -110.031900, 25.641000 
50.061200, -110.723000, 1.712000 
55.481900, -119.059200, 12.180000 
51.789600, -114.702800, 19.802000 
49.701943, -112.803037, 10.910000 
54.238200, -115.379700, 46.700000 
53.721800, -113.192700, 18.964000 
53.725400, -113.193000, 6.630000 
55.029800, -118.744000, 234.752000 
53.394200, -113.570700, 0.073000 
55.041500, -119.631000, 3.580000 
51.005290, -114.058570, 0.337000 
49.758379, -112.452561, 1.900000 
55.162300, -118.816600, 18.010000 
53.798900, -112.898400, 4.291000 
49.628100, -114.571900, 1.143000 
57.546300, -119.112600, 0.810000 
54.588800, -115.862500, 0.592000 
55.040000, -115.475800, 2.580000 
50.597600, -111.881800, 26.990000 
50.583700, -113.871100, 20.740000 
53.250200, -115.555500, 6.432000 
55.489100, -119.750800, 2.530000 
49.723497, -112.785116, 3.254000 
53.581600, -113.599100, 183.045000 
55.876700, -119.301100, 1.900000 
51.222500, -114.495600, 4.540000 
53.576280, -113.317500, 2.158000 
51.060740, -113.995090, 1.705000 
55.432500, -116.486000, 191.840000 
51.030750, -113.399500, 1.871000 
53.557500, -116.547200, 11.100000 
59.063100, -118.875700, 11.118000 
51.058900, -115.174500, 280.000000 
51.004210, -113.989400, 4.481000 
51.798200, -114.098000, 0.855000 
53.574500, -113.313900, 1.169000 
53.347100, -110.838200, 27.222000 
52.327100, -112.718300, 3.450000 
56.904200, -117.633600, 2.060000 
53.670500, -115.762200, 1.450000 
53.723500, -113.173800, 11.367000 
53.908300, -118.816700, 3.080000 
50.058200, -110.728200, 4.427000 
54.133300, -115.366600, 20.200000 
57.218000, -111.027000, 6.720000 
53.719000, -113.205600, 0.313000 
55.074200, -117.274200, 1.083000 
55.268600, -114.584700, 7.464000 
54.394900, -116.809000, 3.760000 
58.194700, -116.350400, 5.081000 
55.199400, -116.221900, 0.780000 
55.993500, -113.480500, 2.848000 
53.576900, -113.570600, 1.127000 
52.272900, -113.814480, 5.350000 
49.362300, -113.511500, 2.905000 
53.799100, -113.080700, 6.438000 
58.518800, -117.119500, 5.540000 
54.587200, -112.803100, 0.107000 
53.332300, -113.524100, 0.987000 
49.693900, -112.096200, 15.680000 
58.501200, -117.145600, 80.000000 
53.498600, -113.387900, 1.094000 
53.902300, -115.189300, 2.060000 
53.740700, -113.023100, 63.200000 
52.212400, -113.843700, 2.122000 
52.228400, -114.397700, 1.280000 
51.189400, -113.937800, 1.708000 
52.766100, -114.285600, 0.512000 
57.298900, -111.503300, 15.620000 
49.725296, -112.798487, 1.900000 
50.040920, -110.721904, 4.701000 
50.443600, -110.882500, 1.290000 
50.269600, -112.893800, 8.870000 
54.846700, -112.567500, 0.397000 
54.926900, -111.936100, 0.317000 
49.789000, -112.134440, 8.490000 
52.308300, -113.550000, 349.754000 
58.447100, -119.238300, 4.486000 
58.460300, -115.238300, 0.564000 
53.402700, -117.599300, 13.140000 
50.577200, -111.178100, 1.490000 
56.981400, -111.462500, 3.744000 
50.671900, -110.028900, 1.219000 
55.582700, -110.888800, 5.290000 
53.091100, -111.768600, 2.360000 
55.069600, -110.536100, 16.700000 
53.373100, -116.086000, 0.910000 
51.006900, -113.192800, 3.140000 
50.059700, -110.732000, 1.728000 
57.351700, -111.522200, 21.280000 
53.628800, -113.307700, 3.043000 
51.154200, -114.187700, 26.211000 
51.028800, -114.044800, 14.797000 
53.519600, -113.529000, 3.058000 
51.024500, -114.025000, 24.640000 
52.315900, -113.850000, 8.668000 
50.847000, -113.591000, 5.128000 
53.819400, -113.141900, 2.793000 
51.316900, -113.390300, 0.639000 
54.043500, -117.420000, 1.490000 
49.975700, -114.130000, 0.600000 
50.817600, -110.448000, 0.573000 
55.125900, -117.838000, 1.034000 
52.058000, -114.908000, 1.946000 
54.288500, -116.978000, 0.802000 
54.829600, -118.647000, 1.870000 
57.361200, -119.754000, 0.573000 
51.099300, -112.639000, 1.868000 
53.960200, -116.460000, 1.053000 
54.483500, -118.100000, 0.926000 
57.188000, -118.248900, 0.577000 
52.719000, -115.708000, 0.537000 
50.697800, -111.531000, 10.046000 
50.704600, -110.844000, 2.255000 
55.814900, -119.365000, 0.536000 
51.943400, -114.736000, 2.935000 
53.470500, -116.496100, 1.633000 
50.693800, -114.330000, 1.231000 
52.355300, -115.332000, 1.377000 
51.444300, -114.527000, 0.713000 
53.244500, -116.238000, 1.595000 
53.481700, -113.489000, 1.338000 
51.130700, -114.009000, 6.192000 
51.015020, -114.026480, 24.076000 
51.068200, -115.136400, 191.545000 
53.862700, -110.639000, 1.740000 
53.431000, -117.540600, 0.433000 
53.010600, -112.810000, 3.462000 
52.255700, -113.886000, 1.438000 
53.645100, -114.130200, 2.188000 
52.028360, -113.954260, 2.648000 
53.584100, -113.614400, 1.167000 
51.407800, -113.668300, 1.390000 
50.963300, -112.288300, 1.433000 
50.676800, -110.018000, 0.810000 
50.701100, -111.095600, 1.436000 
53.571300, -113.339300, 33.771000 
53.066500, -117.404800, 35.000000 
53.943200, -113.596900, 141.000000 
54.293100, -116.188300, 3.859000 
53.826700, -113.603300, 1.835000 
53.039700, -111.220000, 1.629000 
55.866700, -119.596700, 1.048000 
53.651700, -113.265800, 16.909000 
53.559040, -113.693580, 5.193000 
53.555000, -113.477400, 2.605000 
53.565150, -113.364550, 6.314000 
49.712016, -112.839461, 0.784000 
53.506900, -113.373400, 1.794000 
51.176400, -114.194800, 1.768000 
50.991700, -114.030300, 2.463000 
51.168600, -114.210900, 3.032000 
50.991500, -114.030100, 3.250000 
53.319800, -113.571800, 1.899000 
51.065300, -115.221100, 13.568000 
53.501040, -113.489732, 18.272000 
52.959900, -113.369000, 1.198000 
50.026580, -110.665700, 14.536000 
51.020210, -114.019246, 25.689000 
51.052400, -113.994700, 6.297000 
49.878996, -112.774388, 2.828000 
49.790600, -112.131400, 2.045000 
52.304300, -113.802700, 2.510000 
53.573220, -113.316410, 4.417000 
51.052000, -114.010500, 0.030000 
49.725300, -112.790000, 0.015000 
57.049800, -111.582900, 0.966000 
55.969400, -117.575600, 0.760000 
52.412900, -114.407600, 0.550000 
55.876700, -117.612400, 0.720000 
49.318000, -110.528300, 0.820000 
53.546200, -113.676000, 0.730000 
49.976800, -112.042900, 1.170000 
52.046500, -114.588800, 0.604000 
51.813700, -114.536800, 0.509000 
50.194700, -110.479700, 0.610000 
49.784800, -112.151000, 5.046000 
54.560100, -111.770600, 0.510000 
52.843200, -111.722800, 0.760000 
53.537900, -111.785100, 1.200000 
53.635900, -112.019200, 0.640000 
52.926800, -111.889500, 0.690000 
51.770100, -111.422000, 0.490000 
52.555700, -111.805300, 0.540000 
56.036800, -113.782500, 0.490000 
52.402900, -111.736200, 0.970000 
55.644000, -114.659700, 2.380000 
55.513100, -113.475000, 0.560000 
55.858700, -113.841400, 0.760000 
54.897200, -117.708800, 0.730000 
54.101800, -114.292500, 1.200000 
55.247500, -116.641600, 1.060000 
54.025400, -110.681200, 0.470000 
53.883400, -110.041100, 1.270000 
50.471500, -111.606500, 1.556000 
50.227500, -113.548200, 1.010000 
50.904300, -113.308500, 0.440000 
49.088900, -112.582300, 0.080000 
53.155900, -112.326700, 1.570000 
55.873200, -112.145400, 0.420000 
52.923200, -115.107500, 0.820000 
52.779800, -113.629900, 0.450000 
53.345100, -114.743600, 0.480000 
52.872000, -113.629900, 0.480000 
52.104500, -113.077400, 0.560000 
52.322800, -114.020800, 1.180000 
58.568700, -119.201500, 7.156000 
55.767500, -119.380300, 3.483000 
54.138100, -111.908300, 0.567000 
53.890700, -117.354000, 1.831000 
53.643300, -111.426700, 0.678000 
53.862200, -111.637100, 0.536000 
55.396400, -119.599700, 0.679000 
53.796100, -111.941900, 0.624000 
53.766900, -112.203100, 0.522000 
50.129400, -111.908400, 1.162000 
53.977100, -117.285100, 0.679000 
55.720300, -119.406100, 1.060000 
54.494400, -115.957600, 1.496000 
54.538100, -115.932300, 0.825000 
54.650900, -114.528900, 1.098000 
55.116400, -116.712300, 11.022000 
58.943200, -118.916800, 2.742000 
59.230700, -119.275900, 3.877000 
58.975900, -119.118700, 1.152000 
51.893700, -114.400400, 0.513000 
52.544800, -114.641600, 0.710000 
51.955400, -111.845300, 0.520000 
51.977300, -111.173400, 0.542000 
52.446500, -111.272700, 0.652000 
52.333700, -111.357300, 2.249000 
51.962900, -111.016100, 0.924000 
51.911800, -111.188100, 2.564000 
52.515700, -113.173800, 1.562000 
52.104400, -110.695000, 3.088000 
50.737400, -112.084900, 0.640000 
50.704300, -111.155300, 0.797000 
50.518700, -111.910900, 0.682000 
50.838700, -111.520100, 0.671000 
50.977000, -111.683100, 0.653000 
52.166500, -113.256300, 0.650000 
54.796400, -117.658000, 0.960000 
54.785300, -117.658000, 7.474000 
52.457600, -114.419100, 2.103000 
57.200800, -118.819200, 7.721000 
55.494700, -119.289500, 0.731000 
49.852100, -111.665000, 2.970000 
51.682500, -111.293600, 1.199000 
51.890100, -114.359100, 0.700000 
51.488700, -113.153900, 1.580000 
53.719800, -113.596300, 0.593000 
50.675000, -110.049200, 1.993000 
53.416800, -113.917700, 0.680000 
53.137600, -113.794100, 1.126000 
57.189700, -119.054800, 0.930000 
53.821500, -113.490400, 3.560000 
56.964500, -117.007100, 0.550000 
56.662500, -115.223600, 0.520000 
52.366500, -112.734900, 0.570000 
52.122900, -110.570500, 7.510000 
59.623400, -117.727200, 0.960000 
52.479300, -110.936100, 5.180000 
53.861500, -114.756100, 1.020000 
57.153300, -118.334500, 0.850000 
51.333400, -110.667500, 0.720000 
55.698300, -118.783300, 0.530000 
55.714100, -118.830400, 0.520000 
51.991800, -110.928600, 1.930000 
56.727900, -116.305700, 3.440000 
56.069400, -119.877200, 1.820000 
51.413400, -111.766500, 0.990000 
50.220300, -112.444200, 0.641000 
52.210100, -113.274300, 1.811000 
51.919000, -114.394600, 0.698000 
57.338900, -119.657100, 1.234000 
57.193700, -118.199700, 3.189000 
57.502800, -118.745700, 3.613000 
57.338900, -118.460000, 0.656000 
55.352900, -110.627800, 0.305000 
55.396500, -110.737300, 0.414000 
55.691200, -111.275900, 0.831000 
55.585600, -117.891600, 6.142000 
53.159500, -114.902800, 0.661000 
54.720000, -119.110600, 0.104000 
52.544800, -114.545200, 2.130000 
52.868400, -115.453300, 2.420000 
53.610600, -117.695900, 0.850000 
53.909800, -115.787800, 0.680000 
50.176700, -113.664900, 0.990000 
51.065100, -114.130500, 0.874000 
51.180450, -113.937280, 6.166000 
52.747000, -115.255600, 0.500000 
52.703800, -114.572500, 0.990000 
52.064400, -114.271400, 0.770000 
52.020800, -110.891900, 0.842000 
51.027000, -114.018600, 3.557000 
52.999100, -112.971000, 0.070000 
56.975500, -113.309600, 0.751000 
51.213300, -111.355600, 0.569000 
55.069400, -113.313900, 0.665000 
53.499300, -116.805300, 1.394000 
50.718600, -111.322200, 1.504000 
55.432800, -114.807200, 0.875000 
57.004500, -113.188600, 1.701000 
52.915800, -113.022500, 0.898000 
50.051800, -111.662400, 1.755000 
51.635300, -112.531400, 1.082000 
51.449700, -111.571700, 0.744000 
55.334700, -119.405300, 0.510000 
56.135000, -113.028300, 3.229000 
56.134800, -113.201300, 0.520000 
53.997000, -111.569200, 1.019000 
54.130600, -115.231400, 0.839000 
54.612500, -118.214300, 2.291000 
53.215900, -116.497000, 0.566000 
55.688200, -113.897000, 0.500000 
55.631500, -112.189600, 0.780000 
52.155600, -113.529700, 0.616000 
54.352500, -111.150000, 0.508000 
57.059400, -112.842800, 0.716000 
54.702500, -112.900400, 0.744000 
53.770600, -117.601400, 0.669000 
54.760400, -113.959500, 0.615000 
54.528700, -117.464200, 2.602000 
50.002600, -111.695600, 1.730000 
50.511400, -111.289400, 0.763000 
56.622700, -119.946500, 0.925000 
50.191900, -111.301800, 0.848000 
53.714300, -110.747300, 0.674000 
55.309200, -119.205800, 41.040000 
53.574200, -116.646900, 41.220000 
54.416000, -115.636200, 17.120000 
54.974300, -117.285800, 27.410000 
52.050100, -112.728300, 23.520000 
54.387000, -116.966700, 41.150000 
53.706600, -117.241000, 0.650000 
52.544700, -112.902200, 0.556000 
54.944400, -118.828100, 0.894000 
55.265600, -114.601400, 0.750000 
53.388600, -115.315800, 2.270000 
54.541800, -117.884100, 0.994000 
50.006500, -114.146000, 0.970000 
50.609400, -113.706700, 0.750000 
50.443500, -113.952200, 0.520000 
50.397600, -113.925500, 0.790000 
56.556900, -119.363900, 0.760000 
56.243400, -119.068000, 0.690000 
53.706600, -115.976300, 1.460000 
50.521800, -113.913200, 0.550000 
51.290200, -113.992400, 1.018000 
50.770500, -111.098100, 0.700000 
50.653300, -111.166100, 0.540000 
52.926700, -113.998900, 1.000000 
51.024500, -111.642800, 1.010000 
51.552500, -111.490600, 0.600000 
51.176900, -112.055300, 1.030000 
52.091000, -112.761500, 0.600000 
51.637100, -112.865800, 0.850000 
51.552600, -111.632500, 0.860000 
52.851400, -114.046900, 1.060000 
52.010000, -113.601400, 0.780000 
52.197100, -114.367700, 0.950000 
53.825000, -115.556700, 0.590000 
54.772300, -116.680400, 1.030000 
57.295300, -115.546100, 0.710000 
57.066100, -114.777500, 11.850000 
56.880600, -114.757200, 2.200000 
56.796900, -114.349300, 0.720000 
57.309200, -114.856300, 1.250000 
56.960600, -114.716900, 0.710000 
52.260500, -113.816600, 0.602000 
55.639400, -118.984300, 0.676000 
52.366300, -114.963000, 1.207000 
55.666900, -117.761600, 1.186000 
55.651800, -111.084400, 1.267000 
56.930900, -115.252200, 0.634000 
52.221100, -112.418700, 1.493000 
56.281800, -119.166800, 0.743000 
54.348900, -119.463300, 2.712000 
57.418900, -119.675000, 1.036000 
56.300000, -119.097900, 1.674000 
57.374300, -119.234900, 1.300000 
55.769300, -118.567800, 1.250000 
54.033400, -117.756900, 4.464000 
54.965100, -119.306800, 2.966000 
56.091600, -111.039700, 0.600000 
52.140800, -112.157200, 0.514000 
50.202700, -110.661300, 0.681000 
50.294200, -110.593500, 0.628000 
50.191100, -110.259400, 0.529000 
53.017500, -112.191400, 0.630000 
53.337800, -111.243900, 0.964000 
53.258000, -111.726400, 0.591000 
49.943900, -111.811500, 0.731000 
52.090700, -112.766700, 0.400000 
55.862200, -119.589200, 0.300000 
56.098600, -119.288100, 0.700000 
55.945800, -119.805300, 0.400000 
55.943900, -119.923100, 0.650000 
49.698011, -112.823139, 0.115000 
50.278300, -111.468400, 0.920000 
50.289400, -112.007500, 1.030000 
50.438700, -111.284800, 1.580000 
50.671500, -111.695300, 0.570000 
50.998700, -112.464500, 0.590000 
51.126200, -112.359500, 1.440000 
50.802300, -111.902000, 0.620000 
50.795100, -112.017800, 1.360000 
50.893400, -112.174000, 0.850000 
50.915100, -112.451700, 2.170000 
50.707900, -112.353400, 0.670000 
50.711500, -112.394000, 1.060000 
50.889400, -113.406800, 0.500000 
51.402600, -113.247400, 0.710000 
49.205300, -111.037700, 0.500000 
50.631500, -112.237600, 0.580000 
55.785800, -119.380300, 0.500000 
57.931900, -117.835000, 0.970000 
58.081200, -117.635600, 1.140000 
54.854500, -111.802000, 0.509000 
54.949300, -110.622600, 0.880000 
55.047300, -110.577800, 2.900000 
55.294800, -110.795100, 1.070000 
57.266800, -114.892000, 1.118000 
57.251800, -112.498500, 0.750000 
52.708400, -114.446600, 0.680000 
50.187600, -111.167000, 0.500000 
50.223900, -110.761900, 2.940000 
50.224000, -110.037500, 3.470000 
50.398600, -110.503300, 12.830000 
50.573100, -111.177500, 0.870000 
50.700700, -110.478000, 1.220000 
55.472800, -119.127200, 0.560000 
55.280000, -119.098100, 1.160000 
52.217300, -112.307300, 0.752000 
56.095100, -113.448600, 6.810000 
50.314700, -111.968400, 3.140000 
50.631500, -111.022200, 2.330000 
50.336800, -111.169800, 2.779000 
53.148600, -111.195000, 2.536000 
53.126800, -111.043000, 2.470000 
52.424800, -110.364700, 2.250000 
52.355700, -110.322500, 2.850000 
52.333700, -111.059400, 2.750000 
56.302200, -119.901200, 0.870000 
54.581700, -115.982900, 0.700000 
51.239700, -115.564600, 0.790000 
50.049200, -111.645900, 1.050000 
50.784300, -113.667400, 0.500000 
51.766200, -111.963700, 0.530000 
50.922300, -112.003700, 0.870000 
55.633700, -119.575000, 1.380000 
55.619600, -119.503300, 1.050000 
50.333200, -111.732800, 0.850000 
52.188200, -114.344100, 0.530000 
50.591500, -111.780300, 1.470000 
55.771500, -119.828100, 0.590000 
53.188700, -115.642200, 0.610000 
51.531300, -113.276300, 1.060000 
51.642600, -113.337700, 0.980000 
53.374300, -114.527900, 5.760000 
53.989000, -116.950100, 1.755000 
53.228700, -115.104400, 1.153000 
58.434000, -118.998400, 1.004000 
54.323400, -115.677500, 2.120000 
51.708200, -114.388800, 0.519000 
51.726200, -114.436000, 0.895000 
54.509700, -110.909900, 0.530000 
52.435700, -113.390400, 1.020000 
55.433300, -116.483200, 1.440000 
50.023900, -112.431900, 0.560000 
51.971000, -114.052700, 0.770000 
52.450400, -110.851900, 3.514000 
52.482800, -110.026900, 0.807000 
52.359300, -114.785700, 1.238000 
50.100300, -112.262000, 0.630000 
52.275700, -114.218800, 0.690000 
51.871800, -112.887600, 0.630000 
52.439300, -110.316400, 0.950000 
52.115700, -110.983100, 1.053000 
51.501500, -112.643700, 2.164000 
52.337300, -110.166100, 1.560000 
51.795400, -110.033300, 0.115000 
56.613100, -112.849000, 1.189000 
56.233200, -113.896400, 2.080000 
56.513900, -115.606000, 1.800000 
56.546200, -115.251500, 3.670000 
49.569200, -112.149200, 1.760000 
50.194700, -111.343700, 1.720000 
50.860700, -111.126500, 2.670000 
50.889500, -111.184200, 1.020000 
49.936700, -111.406500, 0.990000 
50.587900, -111.815100, 2.630000 
49.758300, -112.159700, 1.170000 
50.711900, -111.057400, 0.635000 
54.800000, -119.106100, 1.470000 
54.436100, -118.743800, 0.580000 
53.428700, -116.722200, 1.030000 
54.003300, -118.246500, 0.530000 
52.493600, -115.935000, 0.550000 
52.504700, -110.321700, 0.750000 
49.900300, -111.817000, 0.540000 
50.245900, -111.296200, 1.740000 
56.924300, -115.909600, 3.480000 
55.956800, -115.346800, 1.310000 
52.610400, -114.821800, 3.376000 
53.265100, -115.520000, 0.908000 
50.009200, -110.847500, 1.447000 
52.631900, -114.610300, 0.548000 
52.661200, -114.635400, 1.984000 
58.568700, -119.061500, 2.507000 
52.286500, -114.970800, 1.748000 
55.432900, -111.219800, 0.506000 
56.313200, -111.636200, 13.300000 
54.161300, -117.665100, 0.393000 
54.268900, -111.143600, 0.500000 
57.877200, -119.740900, 1.680000 
53.020800, -112.949800, 2.565000 
49.652800, -111.231900, 0.515000 
54.541800, -110.408400, 1.240000 
56.706200, -110.377600, 2.210000 
52.042900, -114.588800, 0.670000 
49.816400, -112.070100, 0.182000 
52.522900, -111.634000, 0.154000 
49.791100, -112.557000, 0.137000 
49.761900, -113.394800, 0.091000 
52.326500, -114.515200, 0.986000 
52.260900, -114.379900, 0.649000 
50.918700, -113.528500, 0.900000 
58.615900, -119.015700, 1.152000 
58.754000, -118.973200, 0.588000 
58.761500, -118.690400, 2.375000 
49.697836, -112.821799, 2.739000 
50.165900, -110.089100, 0.684000 
55.254700, -118.930800, 1.410000 
55.254700, -118.917800, 0.750000 
54.454400, -119.091700, 1.730000 
55.243600, -118.917800, 0.970000 
56.833400, -113.112100, 1.005000 
57.200900, -112.905700, 2.731000 
55.996800, -110.822600, 0.515000 
59.641800, -118.307800, 2.784000 
54.418100, -116.362000, 1.586000 
54.232500, -116.611500, 0.936000 
54.363300, -116.624000, 0.732000 
54.792900, -115.521700, 3.270000 
54.647300, -115.495800, 2.220000 
58.081200, -117.828800, 0.020000 
52.537600, -111.645900, 1.376000 
55.710300, -116.604200, 0.338000 
53.192300, -115.293900, 2.853000 
51.868200, -110.139700, 0.523000 
53.090400, -115.245000, 1.676000 
53.254000, -114.437900, 0.627000 
53.181200, -114.486800, 1.254000 
52.936200, -114.160900, 0.203000 
52.890400, -114.865000, 0.466000 
55.830300, -116.673400, 0.240000 
56.120400, -115.932700, 0.458000 
52.941600, -114.418200, 0.625000 
53.054000, -114.933300, 2.199000 
53.315900, -114.982200, 0.772000 
56.648300, -115.705700, 1.559000 
53.170400, -114.884200, 3.268000 
55.441300, -116.773800, 0.778000 
56.458600, -119.914300, 0.612000 
52.675900, -110.455200, 1.563000 
56.546600, -115.293500, 2.480000 
53.428700, -115.125800, 1.955000 
58.683300, -118.670000, 0.321000 
56.590200, -115.878400, 5.066000 
58.073200, -118.762000, 0.170000 
52.923200, -110.767700, 0.491000 
58.305400, -118.888000, 0.531000 
50.337100, -111.513600, 1.853000 
53.479400, -115.130800, 0.712000 
52.446500, -114.671600, 0.515000 
51.762600, -110.139700, 0.863000 
52.650400, -115.080800, 2.217000 
54.383000, -116.065700, 1.645000 
52.155700, -110.893800, 3.898000 
52.519400, -110.085200, 1.896000 
57.320900, -118.063600, 0.546000 
52.696000, -111.198200, 0.777000 
52.287400, -113.539200, 0.439000 
50.715500, -110.953700, 0.730000 
57.888400, -118.608700, 0.360000 
57.851600, -119.158100, 0.864000 
50.307500, -110.502500, 0.603000 
52.461400, -114.346900, 0.936000 
53.064700, -116.436900, 0.720000 
53.039400, -116.406400, 1.098000 
53.163100, -117.017800, 0.728000 
57.042500, -111.905000, 6.247000 
55.750400, -119.774500, 0.465000 
55.750400, -119.787600, 0.035000 
56.368500, -115.360700, 0.396000 
52.704800, -115.441100, 0.990000 
53.752300, -117.099300, 0.951000 
50.253200, -111.319200, 0.500000 
50.114700, -111.674500, 0.550000 
49.998300, -111.680100, 3.120000 
53.225100, -114.034600, 0.580000 
54.668900, -118.908300, 0.640000 
52.119200, -115.215400, 0.540000 
55.603900, -119.347800, 0.610000 
54.370800, -116.874800, 0.880000 
52.843100, -115.604700, 0.659000 
50.173400, -112.395600, 0.636000 
52.545700, -114.106000, 1.941000 
50.085600, -111.589000, 0.949000 
50.013100, -112.393100, 2.136000 
50.046300, -112.477200, 1.363000 
50.002300, -112.873400, 3.489000 
54.385300, -118.624900, 3.247000 
54.290800, -118.493200, 0.993000 
54.352500, -118.587100, 1.400000 
52.468400, -110.046100, 0.584000 
50.889400, -114.761800, 2.330000 
49.229200, -114.029100, 6.034000 
49.488900, -113.955100, 8.720000 
52.088200, -115.689400, 0.754000 
51.135900, -114.144900, 1.626000 
51.599900, -115.356900, 1.224000 
53.655600, -114.616000, 1.476000 
53.174000, -114.554100, 0.876000 
52.042800, -114.958800, 1.327000 
52.621200, -112.211500, 6.930000 
53.279500, -111.587000, 1.079000 
53.195900, -111.911200, 0.533000 
53.363200, -111.879500, 0.567000 
50.994100, -113.958300, 1.800000 
53.499900, -113.418000, 0.644000 
53.734200, -118.395600, 2.631000 
52.766700, -116.393000, 1.048000 
55.771100, -119.471100, 0.600000 
55.356400, -118.750600, 0.580000 
55.782200, -119.367200, 1.810000 
54.171500, -112.197600, 1.030000 
54.461800, -111.780100, 0.520000 
54.189000, -112.109800, 0.510000 
53.854300, -117.391200, 1.410000 
55.378300, -118.499700, 0.940000 
56.440600, -119.775700, 0.830000 
55.749400, -119.562000, 0.520000 
54.359700, -118.756300, 0.580000 
54.265300, -116.342000, 0.540000 
54.119800, -116.273100, 1.130000 
53.577900, -116.599000, 1.050000 
53.799800, -116.092200, 3.280000 
54.178700, -117.328400, 4.270000 
56.006700, -118.390800, 0.580000 
55.299700, -119.144300, 0.850000 
52.646900, -110.188000, 1.390000 
52.830300, -116.272200, 1.170000 
53.022200, -116.520800, 0.530000 
52.969200, -116.692500, 2.130000 
52.688700, -110.442000, 0.930000 
56.364200, -119.934300, 0.730000 
55.338100, -118.536700, 1.670000 
50.168300, -112.299800, 0.530000 
50.073300, -112.673700, 0.870000 
50.013100, -112.611500, 1.600000 
52.792000, -112.562700, 0.590000 
52.031800, -112.629500, 1.009000 
55.070800, -118.695000, 0.672000 
53.346200, -113.517200, 20.077000 
53.847000, -114.619400, 1.158000 
53.484800, -115.607600, 0.564000 
53.385100, -115.612800, 0.971000 
52.180900, -113.083200, 0.516000 
53.305100, -115.691100, 0.508000 
53.483200, -115.526400, 0.871000 
53.792300, -114.613000, 0.920000 
52.097300, -114.755700, 0.830000 
52.188200, -110.988300, 2.121000 
49.616400, -111.917300, 7.093000 
50.700700, -112.654200, 0.652000 
55.058700, -111.895500, 8.660000 
55.382000, -111.760100, 0.868000 
55.120000, -111.688300, 2.616000 
55.458400, -116.165600, 0.469000 
50.169400, -112.501500, 0.647000 
54.883700, -113.498300, 0.751000 
55.178300, -117.509900, 0.703000 
54.690800, -115.704500, 0.630000 
54.465400, -113.221600, 0.486000 
53.887000, -116.396900, 0.695000 
54.317700, -116.573000, 3.122000 
54.162360, -115.733900, 2.243000 
49.701100, -112.787800, 9.114000 
53.778100, -117.552900, 1.326000 
53.067000, -115.439900, 0.185000 
59.904000, -111.720200, 0.510000 
54.432500, -116.139700, 2.320000 
52.475700, -111.700100, 0.610000 
52.981500, -112.707700, 26.357000 
52.349900, -110.266600, 13.440000 
49.833300, -111.699800, 16.149000 
55.072800, -116.975700, 1.370000 
56.218700, -116.251300, 2.192000 
54.127000, -117.520400, 1.640000 
54.145400, -117.482600, 0.740000 
54.105400, -117.526500, 3.830000 
54.439700, -116.962600, 1.408000 
52.601300, -115.221600, 0.830000 
49.594700, -111.905900, 1.505000 
53.745000, -110.723900, 0.517000 
56.007600, -113.402800, 2.742000 
54.054200, -118.308700, 0.936000 
54.508900, -117.354500, 1.431000 
54.438200, -119.148800, 1.690000 
53.977900, -116.751200, 2.440000 
50.093100, -110.732800, 0.595000 
52.180900, -110.361600, 0.844000 
53.590480, -116.172680, 0.980000 
51.624500, -112.952600, 0.670000 
51.700900, -112.852000, 0.530000 
50.220500, -112.444200, 0.580000 
51.813700, -113.621800, 0.530000 
55.254700, -119.458100, 0.601000 
53.779500, -118.486200, 22.227000 
53.958000, -118.772800, 1.100000 
55.771200, -115.548700, 3.055000 
55.618300, -119.613900, 0.514000 
52.322900, -114.707700, 0.513000 
56.271846, -111.498890, 1.082000 
56.411400, -118.440600, 0.619000 
56.535000, -115.016900, 3.064000 
55.341900, -119.850600, 0.625000 
54.807300, -115.413300, 1.231000 
54.752900, -115.439200, 0.876000 
54.800000, -115.520600, 1.637000 
55.523900, -119.380300, 0.665000 
53.294000, -115.972500, 0.794000 
53.767000, -117.497000, 0.736000 
54.467300, -110.209200, 12.799000 
54.273400, -110.751000, 4.860000 
56.857000, -111.441500, 95.212000 
54.169000, -115.762200, 16.576000 
53.579500, -113.089500, 0.547000 
52.064800, -111.084200, 0.633000 
53.578344, -115.855642, 0.510000 
53.723400, -116.533700, 0.540000 
50.067500, -112.621200, 0.560000 
53.657900, -116.666800, 0.860000 
50.565900, -112.640300, 0.732000 
51.359000, -112.418700, 0.610000 
52.213700, -114.308200, 0.960000 
52.501200, -111.700100, 2.793000 
52.475700, -110.322500, 0.769000 
56.495700, -115.604300, 4.481000 
56.517000, -116.045500, 4.784000 
56.491400, -115.397500, 0.542000 
52.366500, -110.791600, 0.581000 
56.527900, -115.311500, 0.891000 
51.569700, -114.985200, 0.640000 
52.322900, -110.298300, 0.700000 
50.965800, -114.872700, 0.550000 
49.731100, -113.460100, 20.363000 
49.709466, -112.781685, 0.565000 
53.737500, -113.149000, 6.935000 
52.942400, -113.511100, 68.715000 
51.900900, -111.608400, 0.895000 
52.290100, -112.963800, 0.699000 
53.527000, -113.387700, 1.790000 
56.242200, -117.325200, 6.295000 
52.628400, -110.136100, 0.500000 
54.338100, -116.580100, 0.544000 
55.829400, -119.052200, 0.511000 
55.007200, -116.873400, 1.220000 
57.877300, -118.416500, 0.364000 
53.484800, -115.607600, 0.245000 
54.567300, -115.527500, 0.973000 
52.381200, -112.199200, 8.078000 
51.489800, -112.888700, 0.579000 
52.963200, -114.634600, 1.100000 
50.831400, -110.865000, 0.892000 
52.479300, -111.567800, 0.708000 
49.907500, -112.227600, 0.752000 
51.491800, -114.030200, 12.159000 
52.794000, -111.825900, 37.709000 
53.434200, -111.805800, 40.205000 
51.804500, -113.239900, 47.014000 
50.385800, -113.246500, 0.599000 
52.192000, -114.111300, 0.528000 
53.432300, -115.168900, 0.253000 
52.282900, -113.113200, 0.898000 
51.360700, -113.614600, 2.386000 
50.873400, -114.006600, 0.620000 
53.575400, -113.624100, 162.947000 
53.714800, -113.190000, 0.827000 
55.276400, -118.699200, 1.120000 
55.338300, -118.872800, 1.120000 
57.217500, -110.895000, 15.666000 
55.745800, -119.620300, 0.810000 
52.661200, -110.496900, 0.580000 
52.679300, -110.155200, 2.430000 
49.449200, -113.848500, 1.070000 
50.556100, -114.236300, 0.670000 
54.301700, -118.649900, 0.670000 
56.666700, -111.345100, 11.879000 
52.875700, -111.422500, 0.860000 
54.255800, -116.778100, 0.820000 
51.176500, -114.194900, 24.666000 
51.148400, -114.025100, 15.545000 
53.558800, -113.473700, 24.944000 
50.575600, -113.834900, 0.589000 
49.969200, -110.586600, 0.502000 
52.902800, -113.608300, 0.561000 
51.411700, -114.027000, 8.695000 
52.397600, -114.208500, 1.280000 
49.714900, -113.422100, 3.833000 
55.725100, -119.406300, 0.739000 
55.675000, -119.359800, 0.652000 
52.221200, -110.501800, 1.240000 
51.326800, -110.165300, 2.500000 
51.341500, -110.147900, 1.430000 
57.219100, -118.769300, 0.666000 
53.221000, -114.668000, 2.140000 
54.903200, -115.205800, 1.843000 
55.234400, -115.062800, 0.510000 
53.437500, -115.466200, 0.529000 
50.993800, -113.990000, 22.067000 
54.525200, -118.670400, 0.640000 
50.509600, -111.318200, 0.601000 
53.768900, -112.166400, 0.545000 
49.947800, -112.270800, 1.178000 
51.145200, -112.507900, 0.565000 
56.246400, -119.099000, 1.070000 
54.954100, -115.218400, 0.930000 
55.525600, -118.797100, 0.920000 
52.115800, -110.579400, 3.770000 
53.477900, -116.124000, 0.490000 
56.459200, -119.974600, 0.660000 
54.310500, -118.365600, 0.630000 
58.494400, -118.673600, 7.380000 
56.267100, -119.164000, 0.999000 
56.274300, -119.177100, 0.899000 
55.106900, -119.332200, 0.067000 
55.835000, -117.348700, 0.646000 
53.834000, -117.912400, 12.134000 
52.401200, -114.017900, 0.736000 
54.957600, -119.199100, 0.721000 
53.914400, -117.573700, 0.661000 
53.987100, -117.351500, 0.841000 
53.539800, -113.397000, 25.790000 
50.571300, -112.146100, 0.620000 
52.779300, -115.377100, 0.720000 
50.683000, -111.548000, 12.080000 
55.320300, -118.762000, 0.660000 
52.210300, -110.496000, 2.700000 
52.181200, -110.525600, 1.730000 
50.566500, -111.376300, 1.050000 
56.528300, -116.218500, 1.720000 
50.624800, -111.588500, 2.480000 
52.750400, -110.042200, 0.604000 
56.548000, -115.953600, 1.052000 
50.064300, -112.276400, 0.686000 
52.808600, -116.210200, 1.310000 
49.119100, -113.761500, 0.530000 
56.574800, -115.072100, 0.341000 
56.568300, -115.075200, 0.117000 
56.542900, -115.141500, 0.092000 
56.575600, -115.095300, 0.553000 
56.575600, -115.081800, 0.145000 
52.188500, -110.127000, 2.340000 
52.181300, -110.031800, 0.520000 
58.717000, -118.784300, 2.450000 
53.237800, -114.601800, 0.337000 
53.328700, -114.943100, 0.018000 
53.128600, -115.199100, 2.978000 
50.631900, -111.011300, 0.957000 
50.155700, -114.453300, 0.893000 
56.358900, -115.358300, 0.096000 
49.871200, -112.338900, 0.312000 
54.830200, -118.652600, 0.667000 
51.222600, -114.642900, 2.166000 
55.689500, -115.926900, 2.382000 
58.781600, -118.602700, 0.910000 
52.634000, -110.089600, 0.555000 
50.640600, -114.293200, 0.540000 
52.677900, -110.436100, 0.750000 
52.685100, -110.430200, 1.380000 
52.685100, -110.430200, 0.640000 
52.696000, -110.442400, 0.620000 
52.866800, -110.475800, 0.710000 
54.874700, -118.854800, 0.750000 
50.950500, -113.958000, 0.723000 
56.486500, -114.120400, 0.670000 
54.452300, -114.874300, 1.120000 
54.353900, -114.811100, 0.720000 
54.103500, -116.608000, 1.931000 
54.452800, -116.856300, 0.861000 
54.292700, -116.408800, 0.523000 
52.764900, -114.957500, 0.560000 
52.941200, -118.043000, 4.961000 
56.937100, -113.480800, 0.919000 
58.695200, -114.005000, 3.112000 
57.546100, -119.106200, 0.627000 
58.727600, -111.136400, 11.516000 
52.478300, -111.743500, 4.330000 
52.293900, -110.691400, 0.600000 
50.593000, -111.492000, 4.040000 
50.542800, -113.977200, 0.335000 
55.160200, -118.818400, 38.479000 
52.208200, -110.559700, 0.990000 
54.870400, -117.652600, 0.540000 
49.809300, -111.678300, 0.680000 
49.867000, -111.383000, 3.707000 
50.701400, -111.554300, 0.680000 
52.293900, -111.329400, 1.366000 
52.301300, -111.388900, 1.380000 
52.301300, -111.383000, 1.359000 
52.264600, -111.043600, 0.539000 
51.770800, -113.622100, 0.610000 
50.098900, -112.495700, 0.845000 
56.710700, -118.899600, 0.520000 
53.847800, -110.762000, 0.810000 
55.634000, -115.938400, 2.234000 
52.361000, -113.819400, 0.137000 
52.549200, -113.840800, 0.974000 
49.720000, -113.500300, 0.720000 
53.599500, -111.416200, 0.682000 
56.142400, -119.361000, 1.393000 
54.848700, -119.222900, 0.704000 
55.714100, -115.899700, 1.366000 
55.856900, -115.606100, 1.750000 
53.863000, -117.764000, 1.361000 
54.522500, -117.419200, 1.030000 
54.866900, -118.798100, 0.563000 
53.484900, -116.921800, 2.805000 
55.910700, -115.139100, 0.819000 
54.477900, -117.590300, 0.697000 
53.779300, -117.590500, 22.720000 
54.000000, -113.000000, 0.620000 
52.000000, -112.000000, 1.590000 
49.314400, -110.528300, 0.850000 
50.479100, -111.473800, 0.700000 
50.501000, -111.433700, 0.510000 
50.271700, -111.462200, 0.520000 
53.000000, -115.000000, 0.560000 
56.000000, -119.000000, 0.500000 
55.655900, -119.658300, 0.690000 
52.592300, -111.663300, 0.610000 
50.206300, -111.389200, 0.660000 
56.000000, -114.000000, 1.000000 
54.040000, -114.130000, 2.332000 
56.482100, -117.963100, 1.452000 
50.518000, -111.728000, 16.170000 
50.622500, -111.655500, 0.742000 
55.645000, -119.490200, 0.602000 
53.936200, -113.499600, 0.800000 
54.249100, -114.989700, 1.640000 
54.249100, -114.977200, 0.520000 
50.393200, -113.828900, 0.600000 
50.540900, -111.794500, 1.690000 
55.103300, -119.192300, 0.800000 
55.092400, -119.186000, 0.520000 
55.655800, -118.688900, 1.210000 
55.525100, -118.811700, 0.780000 
55.590500, -119.102400, 0.900000 
55.516000, -118.782000, 0.550000 
53.070800, -116.189600, 0.880000 
53.573300, -116.231900, 0.730000 
53.553900, -116.209500, 0.540000 
52.801400, -111.959900, 1.580000 
49.984700, -113.746200, 0.600000 
50.003000, -113.757700, 0.910000 
53.699200, -116.449100, 0.710000 
56.620800, -119.463600, 0.620000 
52.234000, -114.895000, 1.710000 
52.227000, -114.883000, 1.050000 
56.012500, -116.209600, 0.554000 
53.659200, -117.517600, 0.542000 
56.109900, -111.042100, 0.670000 
53.221600, -114.973300, 33.885000 
55.278800, -114.766600, 18.338000 
55.118600, -118.361300, 31.690000 
54.423900, -110.304200, 31.696000 
53.341300, -115.395600, 0.523000 
51.319600, -113.717600, 0.550000 
50.407200, -111.911000, 1.010000 
50.485300, -111.171600, 2.050000 
56.571800, -115.115200, 0.600000 
55.373190, -114.747800, 330.099000 
50.626000, -111.626900, 1.700000 
52.903100, -110.728700, 0.540000 
52.932200, -110.764800, 0.710000 
52.233800, -111.653700, 1.000000 
52.306600, -112.341300, 0.510000 
52.248400, -111.618200, 0.540000 
52.689400, -114.862300, 1.134000 
52.583200, -114.946100, 0.759000 
54.335900, -119.009200, 1.672000 
50.173600, -112.299100, 0.577000 
54.342700, -110.328700, 1.114000 
50.574900, -113.850000, 0.642000 
52.110100, -110.968400, 1.070000 
53.724800, -116.543800, 0.514000 
54.441000, -114.754000, 0.561000 
54.587000, -115.157000, 1.281000 
52.650200, -115.276900, 0.820000 
52.640400, -115.241600, 0.820000 
52.576500, -115.401600, 2.180000 
51.094400, -114.049700, 287.475000 
53.477900, -111.936300, 0.500000 
54.675800, -115.393900, 0.678000 
54.668600, -115.293200, 0.553000 
56.454600, -119.905000, 0.570000 
51.030100, -114.041200, 1.487000 
53.543600, -113.494000, 2.271000 
51.030100, -114.041200, 0.861000 
53.561900, -113.506000, 0.713000 
55.743000, -114.147400, 0.667000 
56.524400, -113.464600, 0.844000 
55.524500, -113.871100, 0.743000 
53.343900, -114.323700, 3.025000 
53.343700, -113.184000, 6.593000 
55.234900, -115.080300, 0.580000 
55.235100, -115.080300, 1.100000 
54.285000, -115.698200, 2.890000 
52.196969, -112.869740, 0.760000 
49.390300, -110.602900, 0.590000 
51.436100, -111.824500, 0.650000 
52.866700, -112.200000, 10.303000 
51.435000, -111.755000, 6.529000 
53.329400, -114.290300, 10.347000 
50.708700, -113.321400, 1.920000 
53.950800, -114.832400, 0.520000 
50.019800, -111.986500, 0.742000 
53.790700, -113.672500, 0.720000 
54.409000, -118.753000, 0.650000 
52.976200, -115.262000, 0.609000 
53.019600, -115.309100, 0.861000 
53.034200, -115.290800, 1.420000 
55.110500, -119.199000, 0.904000 
52.514000, -115.042200, 0.854000 
52.181100, -111.031700, 2.069000 
58.764800, -118.933200, 1.820000 
49.591390, -114.028330, 0.731000 
50.266657, -112.836800, 1.064000 
52.632400, -110.289800, 1.490000 
52.776000, -110.484500, 0.520000 
52.684900, -110.460500, 0.650000 
52.688500, -110.454500, 0.640000 
54.521600, -119.520700, 0.860000 
52.634000, -110.209100, 1.260000 
57.288700, -111.886800, 0.730000 
52.030100, -112.886600, 1.040000 
51.993700, -111.440400, 0.680000 
54.387300, -114.753100, 0.600000 
51.950100, -112.805400, 0.780000 
55.842400, -119.691800, 0.821000 
54.623400, -118.192200, 0.892000 
54.488700, -116.821400, 0.959000 
54.441400, -116.878300, 0.644000 
52.641400, -115.125800, 0.550000 
52.736100, -115.025500, 0.746000 
53.041000, -115.864000, 0.871000 
50.702200, -113.923000, 2.400000 
51.175200, -114.188000, 9.000000 
53.379400, -117.634100, 0.668000 
53.176000, -115.272300, 0.770000 
