57.003300, -111.466100, 9.460000 
53.245000, -115.674300, 0.007000 
53.546800, -113.734800, 0.001000 
51.000100, -113.984300, 0.260000 
51.570800, -114.851700, 0.027000 
57.040500, -111.619200, 65.253000 
52.758100, -114.111600, 0.268000 
52.776100, -115.660700, 0.382000 
52.226300, -115.177000, 0.103000 
55.725100, -119.399900, 0.117000 
51.965500, -114.753600, 0.166000 
55.358300, -114.617200, 0.021000 
54.833300, -118.646700, 0.141000 
53.541700, -113.391700, 2.688000 
51.950100, -114.017700, 1.112000 
52.959300, -115.893800, 0.009000 
52.146300, -115.330000, 0.920000 
53.795900, -113.099600, 5.288000 
53.288500, -110.018300, 0.600000 
53.804200, -113.082400, 19.778000 
53.550500, -113.358900, 0.859000 
53.340200, -113.538100, 0.022000 
52.035300, -115.137700, 0.661000 
51.696900, -114.475000, 1.302000 
51.984500, -114.743800, 0.042000 
54.284800, -115.698000, 0.386000 
51.915300, -113.578100, 0.054000 
55.876700, -119.301100, 0.418000 
54.185400, -116.210400, 0.002000 
55.041500, -119.631000, 0.040000 
57.546300, -119.112600, 0.004000 
49.628100, -114.571900, 0.211000 
58.555500, -118.915900, 0.172000 
53.557500, -116.547200, 0.011000 
