51.000100, -113.984300, 0.859000 
54.952700, -119.195300, 0.100000 
53.570000, -113.611400, 0.003000 
55.996700, -118.533600, 6.330000 
53.541700, -113.391700, 0.634000 
53.550500, -113.358900, 0.276000 
53.048100, -113.921000, 0.500000 
51.191300, -113.940900, 0.601000 
54.179100, -115.806000, 7.900000 
53.804200, -113.082400, 0.001000 
52.553700, -111.694000, 1.570000 
54.524700, -116.794300, 11.600000 
52.385800, -113.595000, 151.450000 
54.596400, -110.395000, 0.400000 
53.795900, -113.099600, 4.393000 
53.733200, -113.175000, 0.061000 
51.534800, -114.203700, 1.600000 
55.725100, -119.399900, 0.248000 
51.526000, -113.880000, 0.100000 
53.250200, -115.555500, 0.060000 
52.095600, -114.799300, 0.015000 
53.340200, -113.538100, 0.180000 
51.915300, -113.578100, 0.100000 
54.427200, -116.884300, 4.339000 
51.696900, -114.475000, 0.100000 
