52.308300, -113.550000, 0.287000 
57.040500, -111.619200, 154.473000 
53.795900, -113.099600, 19.283000 
57.003300, -111.466100, 110.890000 
51.000100, -113.984300, 1.195000 
51.570800, -114.851700, 0.164000 
53.570000, -113.611400, 0.001000 
49.305200, -114.000300, 1.621000 
53.804200, -113.082400, 3.232000 
51.965500, -114.753600, 1.712000 
53.541700, -113.391700, 9.516000 
56.380600, -116.795000, 0.163000 
54.596400, -110.395000, 1.920000 
53.421300, -113.904400, 0.070000 
53.952700, -113.078000, 0.180000 
54.572300, -115.522900, 5.910000 
53.546800, -113.734800, 0.001000 
53.245000, -115.674300, 0.003000 
50.647500, -113.772000, 0.004000 
54.524700, -116.794300, 3.911000 
54.194400, -116.632200, 0.544000 
53.288500, -110.018300, 0.821000 
52.146300, -115.330000, 4.290000 
55.996700, -118.533600, 2.773000 
53.550500, -113.358900, 4.242000 
53.733200, -113.175000, 0.521000 
53.354600, -113.715000, 0.720000 
54.952700, -119.195300, 10.119000 
53.048100, -113.921000, 1.670000 
50.747700, -114.494700, 0.190000 
53.204500, -116.811200, 1.943000 
52.959300, -115.893800, 0.681000 
51.950100, -114.017700, 10.686000 
51.534800, -114.203700, 7.653000 
52.776100, -115.660700, 2.609000 
51.637200, -112.866000, 1.472000 
52.758100, -114.111600, 2.864000 
52.226300, -115.177000, 1.248000 
55.358300, -114.617200, 0.021000 
54.833300, -118.646700, 1.140000 
53.746900, -113.164500, 0.645000 
53.181200, -115.762500, 1.055000 
51.008000, -114.118300, 0.840000 
49.628100, -114.571900, 0.752000 
57.546300, -119.112600, 1.412000 
52.035300, -115.137700, 6.950000 
55.876700, -119.301100, 3.381000 
54.185400, -116.210400, 0.023000 
53.817200, -113.133600, 0.351000 
59.063100, -118.875700, 8.690000 
53.557500, -116.547200, 0.291000 
51.000700, -113.965670, 0.900000 
51.915300, -113.578100, 1.313000 
51.696900, -114.475000, 5.771000 
54.427200, -116.884300, 0.389000 
58.555500, -118.915900, 1.251000 
55.041500, -119.631000, 0.539000 
53.132300, -115.981700, 0.011000 
51.984500, -114.743800, 0.839000 
54.772900, -110.579000, 0.026000 
53.319300, -113.518000, 2.700000 
54.284800, -115.698000, 5.754000 
51.526000, -113.880000, 1.035000 
54.510900, -115.511700, 44.315000 
