53.048100, -113.921000, 10.890000 
52.308300, -113.550000, 3.766000 
51.570800, -114.851700, 0.122000 
55.725100, -119.399900, 7.763000 
53.288500, -110.018300, 4.720000 
55.996700, -118.533600, 17.421000 
53.733200, -113.175000, 1.826000 
51.534800, -114.203700, 66.892000 
52.146300, -115.330000, 13.510000 
52.226300, -115.177000, 2.265000 
53.795900, -113.099600, 10.955000 
52.496000, -114.988000, 6.137000 
57.040500, -111.619200, 81.072000 
54.596400, -110.395000, 12.290000 
52.959300, -115.893800, 4.110000 
50.647500, -113.772000, 0.076000 
57.003300, -111.466100, 57.090000 
51.965500, -114.753600, 2.015000 
54.952700, -119.195300, 2.542000 
50.747700, -114.494700, 0.990000 
51.000100, -113.984300, 0.325000 
52.776100, -115.660700, 2.422000 
53.354600, -113.715000, 9.120000 
53.952700, -113.078000, 0.180000 
54.572300, -115.522900, 15.312000 
51.191300, -113.940900, 3.796000 
53.421300, -113.904400, 0.380000 
51.637200, -112.866000, 2.124000 
51.950100, -114.017700, 11.086000 
54.524700, -116.794300, 4.651000 
53.204500, -116.811200, 2.194000 
53.181200, -115.762500, 1.206000 
52.553700, -111.694000, 0.218000 
53.550500, -113.358900, 14.033000 
53.541700, -113.391700, 5.925000 
54.833300, -118.646700, 25.763000 
51.222500, -114.495600, 1.033000 
51.696900, -114.475000, 22.535000 
53.728270, -113.235520, 204.900000 
54.427200, -116.884300, 0.040000 
55.876700, -119.301100, 3.312000 
54.185400, -116.210400, 0.002000 
53.557500, -116.547200, 2.955000 
59.063100, -118.875700, 10.663000 
54.510900, -115.511700, 20.587000 
53.283800, -110.031900, 100.000000 
51.984500, -114.743800, 0.049000 
53.817200, -113.133600, 5.399000 
52.035300, -115.137700, 0.722000 
53.132300, -115.981700, 0.015000 
55.041500, -119.631000, 2.367000 
58.555500, -118.915900, 4.315000 
49.701943, -112.803037, 316.400000 
49.628100, -114.571900, 3.500000 
51.526000, -113.880000, 2.571000 
51.915300, -113.578100, 6.857000 
54.284800, -115.698000, 4.013000 
