52.146300, -115.330000, 1.860000 
54.596400, -110.395000, 2.410000 
52.959300, -115.893800, 0.258000 
53.421300, -113.904400, 0.230000 
54.572300, -115.522900, 3.282000 
53.795900, -113.099600, 0.275000 
50.647500, -113.772000, 0.194000 
51.965500, -114.753600, 0.666000 
52.758100, -114.111600, 2.078000 
54.524700, -116.794300, 0.905000 
51.570800, -114.851700, 0.048000 
53.550500, -113.358900, 4.515000 
57.040500, -111.619200, 14.657000 
51.950100, -114.017700, 3.369000 
52.776100, -115.660700, 0.328000 
53.541700, -113.391700, 1.724000 
52.226300, -115.177000, 0.410000 
57.003300, -111.466100, 22.880000 
50.747700, -114.494700, 0.150000 
51.637200, -112.866000, 0.115000 
55.725100, -119.399900, 1.454000 
49.305200, -114.000300, 1.508000 
54.952700, -119.195300, 0.978000 
55.335900, -119.223000, 0.712000 
53.048100, -113.921000, 1.390000 
54.833300, -118.646700, 1.185000 
53.288500, -110.018300, 1.170000 
53.498700, -113.383100, 1.022000 
58.555500, -118.915900, 0.736000 
53.132300, -115.981700, 0.600000 
52.035300, -115.137700, 1.991000 
53.817200, -113.133600, 0.035000 
54.427200, -116.884300, 0.291000 
55.876700, -119.301100, 0.716000 
51.696900, -114.475000, 0.653000 
51.984500, -114.743800, 0.387000 
49.628100, -114.571900, 1.308000 
51.526000, -113.880000, 0.359000 
53.557500, -116.547200, 0.226000 
51.078650, -114.017660, 2.928000 
54.510900, -115.511700, 12.789000 
59.063100, -118.875700, 3.439000 
55.041500, -119.631000, 1.208000 
54.284800, -115.698000, 0.254000 
