50.080710, -110.727860, 226.850000 
53.541700, -113.391700, 0.004000 
53.204500, -116.811200, 1.000000 
50.747700, -114.494700, 0.210000 
52.308300, -113.550000, 0.150000 
54.130900, -115.546700, 0.500000 
51.965500, -114.753600, 0.042000 
55.725100, -119.399900, 0.155000 
51.191300, -113.940900, 4.000000 
54.572300, -115.522900, 2.020000 
52.553700, -111.694000, 0.900000 
53.571700, -113.349800, 24.320000 
53.733200, -113.175000, 0.992000 
55.269500, -114.598300, 35.300000 
53.952700, -113.078000, 0.270000 
53.593060, -116.390300, 65.070000 
50.845800, -113.586700, 0.100000 
50.982200, -113.974200, 3.082000 
53.570000, -113.611400, 11.058000 
54.596400, -110.395000, 0.380000 
51.000100, -113.984300, 2.899000 
56.377200, -117.175600, 467.410000 
53.227700, -114.988900, 59.610000 
53.572500, -113.360600, 70.530000 
53.582300, -113.588600, 100.683000 
53.841600, -113.097900, 335.000000 
53.413300, -117.570600, 427.710000 
54.952700, -119.195300, 0.252000 
54.833300, -118.646700, 1.193000 
54.923116, -112.861867, 104.870000 
54.194400, -116.632200, 0.983000 
53.181200, -115.762500, 0.935000 
50.805300, -110.034900, 5.062000 
49.789400, -112.126100, 6.950000 
53.421300, -113.904400, 0.440000 
50.086600, -110.716700, 607.990000 
55.071200, -118.691200, 66.137000 
53.343600, -113.526900, 1.033000 
53.531993, -113.364925, 3.625000 
53.506400, -113.368900, 1.172000 
50.058500, -110.734400, 0.004000 
58.555500, -118.915900, 0.603000 
51.000700, -113.965670, 4.467000 
51.915300, -113.578100, 0.395000 
54.284800, -115.698000, 0.368000 
55.041500, -119.631000, 1.073000 
53.340200, -113.538100, 0.152000 
59.063100, -118.875700, 1.570000 
51.696900, -114.475000, 1.090000 
51.526000, -113.880000, 0.056000 
55.876700, -119.301100, 0.534000 
53.319300, -113.518000, 6.400000 
