51.950100, -114.017700, 5.528000 
52.758100, -114.111600, 1.436000 
53.421300, -113.904400, 0.110000 
53.746900, -113.164500, 1.198000 
53.546800, -113.734800, 0.001000 
53.245000, -115.674300, 0.090000 
54.952700, -119.195300, 5.312000 
51.534800, -114.203700, 10.442000 
55.358300, -114.617200, 0.129000 
52.308300, -113.550000, 1.547000 
54.833300, -118.646700, 0.582000 
50.647500, -113.772000, 1.173000 
53.572500, -113.360600, 38.480000 
55.725100, -119.399900, 4.131000 
53.354600, -113.715000, 0.500000 
54.596400, -110.395000, 1.440000 
54.194400, -116.632200, 5.781000 
51.637200, -112.866000, 0.851000 
52.776100, -115.660700, 2.116000 
52.959300, -115.893800, 0.592000 
54.524700, -116.794300, 5.099000 
53.804200, -113.082400, 27.352000 
53.733200, -113.175000, 3.078000 
52.146300, -115.330000, 2.680000 
51.570800, -114.851700, 0.297000 
53.550500, -113.358900, 3.219000 
56.380600, -116.795000, 0.191000 
53.048100, -113.921000, 1.250000 
51.965500, -114.753600, 0.346000 
55.996700, -118.533600, 11.881000 
53.541700, -113.391700, 4.333000 
53.795900, -113.099600, 11.479000 
53.288500, -110.018300, 0.500000 
57.040500, -111.619200, 62.431000 
57.003300, -111.466100, 12.246000 
55.876700, -119.301100, 4.088000 
51.526000, -113.880000, 4.844000 
53.557500, -116.547200, 0.642000 
53.817200, -113.133600, 0.271000 
49.628100, -114.571900, 0.870000 
59.063100, -118.875700, 11.318000 
51.984500, -114.743800, 1.315000 
54.185400, -116.210400, 0.188000 
54.510900, -115.511700, 39.910000 
52.035300, -115.137700, 4.554000 
55.041500, -119.631000, 0.474000 
51.915300, -113.578100, 2.054000 
58.555500, -118.915900, 2.307000 
57.546300, -119.112600, 1.483000 
54.284800, -115.698000, 6.176000 
54.772900, -110.579000, 0.015000 
51.696900, -114.475000, 4.719000 
53.498700, -113.383100, 2.377000 
54.427200, -116.884300, 1.098000 
