52.959300, -115.893800, 7.920000 
52.776100, -115.660700, 9.180000 
52.146300, -115.330000, 220.520000 
54.194400, -116.632200, 221.000000 
51.570800, -114.851700, 314.410000 
52.226300, -115.177000, 35.090000 
51.191300, -113.940900, 216.619000 
49.305200, -114.000300, 263.600000 
51.039600, -114.559000, 451.000000 
54.833300, -118.646700, 5.900000 
53.204500, -116.811200, 548.000000 
55.725100, -119.399900, 29.240000 
53.733200, -113.486200, 0.206000 
50.747700, -114.494700, 22.800000 
52.758100, -114.111600, 37.670000 
57.003300, -111.466100, 23.750000 
54.427200, -116.884300, 112.137000 
51.400100, -114.034300, 62.631000 
54.185400, -116.210400, 119.100000 
53.557500, -116.547200, 0.051000 
55.481900, -119.059200, 0.075000 
53.132300, -115.981700, 29.307000 
55.489100, -119.750800, 0.036000 
49.628100, -114.571900, 4.200000 
