53.733200, -113.175000, 15.346000 
51.531700, -111.786100, 122.170000 
53.448700, -114.449100, 22.837000 
53.344000, -114.305000, 24.900000 
52.564700, -112.141400, 117.174000 
54.775000, -115.218600, 0.140000 
56.377200, -117.175600, 7.566000 
53.560000, -114.486200, 21.400000 
53.727300, -113.087100, 0.061000 
54.007100, -119.104000, 75.907000 
55.071200, -118.691200, 21.930000 
53.508500, -114.557100, 63.900000 
55.070600, -118.688800, 0.100000 
53.533000, -113.411500, 0.100000 
53.413300, -117.570600, 19.370000 
53.798900, -112.898400, 0.100000 
53.319300, -113.518000, 0.790000 
