53.413300, -117.570600, 14.430000 
52.564700, -112.141400, 22.210000 
51.531700, -111.786100, 32.850000 
55.071200, -118.691200, 13.130000 
53.718500, -113.183000, 0.100000 
53.344000, -114.305000, 8.430000 
56.377200, -117.175600, 6.500000 
51.039600, -114.559000, 201.000000 
57.040500, -111.619200, 829.273000 
53.560000, -114.486200, 12.500000 
57.003300, -111.466100, 338.240000 
53.841600, -113.097900, 37.720000 
53.448700, -114.449100, 11.555000 
53.508500, -114.557100, 34.700000 
53.721700, -113.191700, 6.412000 
