54.194400, -116.632200, 121.900000 
51.534800, -114.203700, 8.760000 
52.146300, -115.330000, 126.130000 
52.226300, -115.177000, 8.721000 
49.305200, -114.000300, 48.800000 
53.354600, -113.715000, 6.591000 
51.039600, -114.559000, 8.300000 
54.833300, -118.646700, 4.289000 
53.204500, -116.811200, 10.300000 
55.725100, -119.399900, 0.780000 
50.747700, -114.494700, 29.936000 
54.923116, -112.861867, 14.221000 
53.245000, -115.674300, 0.090000 
53.413300, -117.570600, 26.300000 
51.191300, -113.940900, 191.010000 
53.546800, -113.734800, 0.036000 
54.130900, -115.546700, 22.690000 
53.048100, -113.921000, 0.970000 
56.380600, -116.795000, 0.787000 
53.746900, -113.164500, 1.500000 
58.500000, -119.416700, 8.215000 
51.965500, -114.753600, 394.765000 
52.940400, -114.832300, 0.097000 
53.541700, -113.391700, 3.949000 
53.550500, -113.358900, 2.614000 
53.795900, -113.099600, 0.973000 
52.776100, -115.660700, 5.064000 
54.572300, -115.522900, 21.836000 
53.733200, -113.175000, 0.195000 
52.553700, -111.694000, 20.450000 
55.335900, -119.223000, 2.304000 
53.288500, -110.018300, 0.210000 
53.952700, -113.078000, 0.168000 
53.181200, -115.762500, 17.130000 
52.959300, -115.893800, 5.556000 
51.219500, -114.645400, 11.520000 
50.647500, -113.772000, 1.739000 
53.421300, -113.904400, 0.482000 
54.524700, -116.794300, 10.230000 
57.040500, -111.619200, 148.555000 
52.758100, -114.111600, 8.521000 
57.003300, -111.466100, 13.300000 
51.570800, -114.851700, 30.200000 
54.596400, -110.395000, 6.010000 
53.250200, -115.555500, 2.067000 
52.327100, -112.718300, 14.000000 
51.984500, -114.743800, 0.070000 
54.185400, -116.210400, 4.244000 
50.583700, -113.871100, 0.352000 
51.400100, -114.034300, 5.445000 
53.721800, -113.192700, 0.001000 
54.427200, -116.884300, 6.008000 
59.063100, -118.875700, 2.111000 
55.913200, -115.150400, 0.420000 
53.132300, -115.981700, 3.863000 
55.481900, -119.059200, 18.284000 
51.526000, -113.880000, 1.630000 
51.926500, -114.542700, 0.068000 
51.915300, -113.578100, 4.316000 
55.876700, -119.301100, 1.913000 
49.628100, -114.571900, 0.230000 
52.095600, -114.799300, 1.051000 
55.489100, -119.750800, 12.133000 
53.757500, -113.149900, 0.026000 
53.557500, -116.547200, 0.062000 
54.284800, -115.698000, 7.922000 
58.555500, -118.915900, 1.388000 
57.546300, -119.112600, 0.735000 
51.696900, -114.475000, 3.257000 
