52.146300, -115.330000, 0.230000 
53.048100, -113.921000, 0.590000 
53.952700, -113.078000, 0.180000 
53.550500, -113.358900, 1.377000 
53.288500, -110.018300, 2.810000 
54.572300, -115.522900, 1.565000 
51.637200, -112.866000, 0.043000 
52.758100, -114.111600, 0.143000 
51.000100, -113.984300, 0.767000 
52.959300, -115.893800, 0.043000 
52.226300, -115.177000, 0.099000 
53.541700, -113.391700, 3.984000 
52.776100, -115.660700, 0.147000 
51.965500, -114.753600, 0.385000 
57.003300, -111.466100, 11.500000 
57.040500, -111.619200, 59.135000 
53.795900, -113.099600, 1.668000 
51.950100, -114.017700, 2.515000 
54.833300, -118.646700, 0.425000 
51.570800, -114.851700, 0.075000 
54.510900, -115.511700, 0.104000 
53.557500, -116.547200, 0.001000 
51.696900, -114.475000, 0.347000 
55.876700, -119.301100, 0.003000 
49.628100, -114.571900, 0.226000 
54.284800, -115.698000, 0.038000 
51.526000, -113.880000, 0.046000 
