53.560000, -114.486200, 94.000000 
55.071200, -118.691200, 43.905000 
53.204500, -116.811200, 6.935000 
53.841600, -113.097900, 2566.650000 
53.718500, -113.183000, 0.100000 
54.923116, -112.861867, 54.385000 
49.789400, -112.126100, 61.500000 
53.721700, -113.191700, 441.219000 
54.144400, -115.691700, 0.158000 
54.194400, -116.632200, 2.937000 
52.322100, -113.516600, 20.583000 
56.377200, -117.175600, 94.741000 
52.033030, -113.938910, 73.413000 
53.571700, -113.349800, 28.908000 
57.040500, -111.619200, 1061.690000 
50.957800, -113.981800, 1.183000 
50.845800, -113.586700, 1723.400000 
50.846700, -113.581170, 20.100000 
50.086600, -110.716700, 2347.075000 
50.583700, -113.871100, 4.500000 
53.340200, -113.538100, 0.168000 
53.725400, -113.193000, 498.400000 
53.394200, -113.570700, 2.200000 
53.725000, -113.192800, 21.964000 
53.721800, -113.192700, 203.522000 
