52.696100, -114.863800, 0.036000 
53.652000, -116.099200, 0.188000 
56.380600, -116.795000, 0.001000 
53.546800, -113.734800, 0.634000 
57.003300, -111.466100, 42.810000 
54.194400, -116.632200, 0.178000 
50.982200, -113.974200, 0.053000 
52.553700, -111.694000, 0.005000 
53.570000, -113.611400, 0.058000 
52.146300, -115.330000, 0.820000 
51.570800, -114.851700, 0.055000 
49.720100, -112.781900, 5.070000 
53.559400, -113.597500, 1.024000 
54.572300, -115.522900, 0.360000 
57.040500, -111.619200, 73.009000 
53.541700, -113.391700, 1.596000 
52.776100, -115.660700, 0.990000 
52.308300, -113.550000, 0.015000 
52.758100, -114.111600, 1.129000 
55.725100, -119.399900, 0.003000 
52.226300, -115.177000, 0.116000 
55.358300, -114.617200, 0.042000 
53.245000, -115.674300, 0.249000 
51.965500, -114.753600, 0.140000 
52.959300, -115.893800, 1.591000 
53.746900, -113.164500, 0.050000 
51.191300, -113.940900, 0.293000 
53.804200, -113.082400, 7.214000 
55.996700, -118.533600, 0.014000 
53.795900, -113.099600, 0.443000 
53.288500, -110.018300, 0.242000 
50.959200, -113.981200, 0.204000 
57.546300, -119.112600, 0.339000 
53.170200, -114.975000, 0.017000 
52.172000, -114.599000, 0.004000 
52.904700, -115.324700, 0.176000 
53.550690, -113.349600, 7.300000 
55.993500, -113.480500, 0.019000 
55.041500, -119.631000, 0.160000 
52.035300, -115.137700, 0.022000 
54.427200, -116.884300, 0.144000 
52.674300, -111.311600, 0.035000 
53.530040, -113.402010, 0.484000 
53.550500, -113.358900, 4.160000 
52.588100, -111.206100, 0.004000 
57.054200, -111.917200, 0.012000 
49.628100, -114.571900, 0.095000 
53.091100, -111.768600, 0.212000 
51.696900, -114.475000, 0.410000 
53.745000, -110.810800, 0.010000 
53.340200, -113.538100, 0.055000 
53.498700, -113.383100, 0.004000 
53.527200, -113.354800, 0.427000 
53.557500, -116.547200, 0.033000 
53.373100, -116.086000, 0.192000 
50.963600, -113.976680, 0.299000 
56.981400, -111.475800, 0.084000 
54.185400, -116.210400, 0.094000 
53.902300, -115.189300, 0.367000 
55.393100, -110.738300, 0.001000 
55.489100, -119.750800, 0.002000 
54.772900, -110.579000, 0.246000 
55.069600, -110.536100, 0.104000 
52.869000, -115.101000, 0.089000 
54.510900, -115.511700, 0.166000 
53.616600, -115.711100, 0.094000 
53.543100, -117.797900, 0.114000 
