53.737500, -113.149000, 0.566000 
52.942400, -113.511100, 143.043000 
50.999900, -113.991000, 0.001000 
53.570000, -113.611400, 0.003000 
51.534800, -114.203700, 1.548000 
51.570800, -114.851700, 73.151000 
50.675600, -110.025000, 1.559000 
51.191300, -113.940900, 0.100000 
50.982200, -113.974200, 0.001000 
53.795900, -113.099600, 0.284000 
55.725100, -119.399900, 0.100000 
53.804200, -113.082400, 1.029000 
54.524700, -116.794300, 4.787000 
54.952700, -119.195300, 0.100000 
53.541700, -113.391700, 0.430000 
58.555500, -118.915900, 0.100000 
53.495200, -113.444900, 0.184000 
53.027300, -112.806300, 0.100000 
53.550500, -113.358900, 0.416000 
53.670500, -115.762200, 0.330000 
51.526000, -113.880000, 0.100000 
54.284800, -115.698000, 0.100000 
