59.641800, -118.307800, 0.113000 
56.215000, -110.968100, 0.248000 
53.159500, -114.902800, 1.732000 
57.590100, -117.531700, 0.280000 
53.288900, -110.012000, 2.730000 
51.086830, -114.043150, 0.448000 
54.045900, -115.313700, 0.001000 
49.372800, -110.672500, 0.023000 
50.994100, -113.958300, 24.870000 
49.449200, -111.616700, 0.233000 
52.696100, -114.863800, 0.402000 
53.804200, -113.082400, 1.091000 
55.725100, -119.399900, 0.500000 
52.308300, -113.550000, 2.409000 
57.040500, -111.619200, 218.615000 
54.423300, -117.760400, 5.480000 
53.795900, -113.099600, 3.566000 
57.003300, -111.466100, 132.400000 
51.570800, -114.851700, 0.532000 
50.982200, -113.974200, 0.141000 
53.570000, -113.611400, 0.055000 
49.305200, -114.000300, 1.693000 
51.191300, -113.940900, 0.353000 
56.380600, -116.795000, 0.146000 
53.652000, -116.099200, 1.567000 
51.965500, -114.753600, 1.831000 
54.524700, -116.794300, 1.207000 
54.572300, -115.522900, 1.648000 
54.596400, -110.395000, 0.350000 
55.335900, -119.223000, 0.065000 
54.952700, -119.195300, 4.510000 
53.952700, -113.078000, 0.525000 
54.194400, -116.632200, 2.282000 
53.546800, -113.734800, 2.499000 
50.647500, -113.772000, 0.084000 
54.833300, -118.646700, 1.489000 
53.733200, -113.175000, 0.031000 
53.288500, -110.018300, 0.981000 
53.204500, -116.811200, 1.790000 
54.923116, -112.861867, 0.940000 
55.996700, -118.533600, 0.235000 
50.747700, -114.494700, 0.335000 
52.553700, -111.694000, 0.214000 
52.146300, -115.330000, 3.420000 
53.048100, -113.921000, 3.863000 
52.776100, -115.660700, 5.295000 
53.181200, -115.762500, 0.952000 
52.226300, -115.177000, 2.520000 
52.758100, -114.111600, 1.145000 
53.541700, -113.391700, 8.839000 
51.637200, -112.866000, 0.901000 
52.959300, -115.893800, 4.767000 
52.496000, -114.988000, 0.981000 
51.534800, -114.203700, 0.774000 
55.358300, -114.617200, 0.053000 
53.245000, -115.674300, 0.653000 
53.746900, -113.164500, 1.350000 
53.543100, -117.797900, 1.203000 
53.373100, -116.086000, 1.876000 
57.546300, -119.112600, 0.573000 
53.950900, -113.088100, 0.001000 
57.351700, -111.522200, 1.237000 
55.393100, -110.738300, 0.004000 
50.959200, -113.981200, 1.266000 
57.054200, -111.917200, 0.105000 
52.588100, -111.206100, 0.034000 
53.550690, -113.349600, 11.415000 
49.628100, -114.571900, 0.101000 
52.035300, -115.137700, 2.849000 
54.420500, -110.213100, 0.066000 
53.571290, -113.355400, 2.778000 
55.116400, -116.712300, 0.005000 
53.530040, -113.402010, 4.811000 
53.557500, -116.547200, 0.373000 
50.963600, -113.976680, 4.780000 
52.656700, -111.311900, 0.011000 
53.286400, -110.017800, 0.011000 
53.498700, -113.383100, 0.062000 
55.069600, -110.536100, 1.180000 
57.298900, -111.503300, 19.040000 
52.674300, -111.311600, 0.232000 
51.000700, -113.965670, 1.240000 
51.696900, -114.475000, 2.127000 
58.555500, -118.915900, 0.779000 
55.489100, -119.750800, 0.048000 
52.869000, -115.101000, 1.420000 
53.817200, -113.133600, 0.114000 
52.904700, -115.324700, 3.324000 
53.581600, -113.599100, 0.106000 
53.250200, -115.555500, 0.180000 
54.772900, -110.579000, 1.976000 
51.526000, -113.880000, 2.944000 
53.091100, -111.768600, 0.027000 
51.915300, -113.578100, 0.693000 
53.740700, -113.023100, 1.531000 
53.170200, -114.975000, 0.187000 
54.510900, -115.511700, 1.606000 
53.745000, -110.810800, 0.112000 
53.670500, -115.762200, 0.544000 
55.481900, -119.059200, 0.067000 
53.504000, -113.450200, 3.072000 
50.543800, -111.795000, 0.050000 
53.902300, -115.189300, 1.706000 
53.550500, -113.358900, 21.441000 
53.757500, -113.149900, 0.282000 
51.376000, -113.949200, 0.001000 
55.199400, -116.221900, 0.018000 
53.527200, -113.354800, 1.785000 
55.074200, -117.274200, 0.153000 
53.544400, -113.366200, 0.100000 
52.172000, -114.599000, 0.048000 
55.833000, -119.470000, 0.001000 
54.284800, -115.698000, 3.912000 
53.319300, -113.518000, 2.270000 
56.981400, -111.475800, 0.684000 
53.616600, -115.711100, 1.060000 
54.427200, -116.884300, 1.600000 
54.185400, -116.210400, 0.526000 
52.228400, -114.397700, 2.372000 
51.001700, -113.994000, 10.540000 
55.041500, -119.631000, 2.710000 
55.913200, -115.150400, 0.017000 
