53.159500, -114.902800, 6.566000 
53.388600, -115.315800, 0.436000 
54.045900, -115.313700, 0.001000 
52.696100, -114.863800, 0.336000 
51.965500, -114.753600, 0.841000 
49.305200, -114.000300, 1.741000 
55.358300, -114.617200, 0.068000 
53.181200, -115.762500, 0.893000 
51.191300, -113.940900, 0.237000 
54.833300, -118.646700, 1.591000 
55.996700, -118.533600, 0.408000 
54.524700, -116.794300, 1.122000 
51.570800, -114.851700, 0.211000 
52.776100, -115.660700, 0.730000 
53.288500, -110.018300, 0.992000 
53.541700, -113.391700, 0.845000 
55.725100, -119.399900, 0.700000 
54.423300, -117.760400, 1.075000 
52.758100, -114.111600, 2.793000 
53.746900, -113.164500, 4.920000 
53.652000, -116.099200, 0.522000 
54.952700, -119.195300, 1.048000 
53.048100, -113.921000, 3.418000 
54.572300, -115.522900, 2.666000 
51.534800, -114.203700, 0.286000 
52.553700, -111.694000, 0.937000 
52.146300, -115.330000, 1.110000 
52.959300, -115.893800, 1.336000 
50.747700, -114.494700, 0.205000 
57.003300, -111.466100, 151.412000 
57.040500, -111.619200, 58.267000 
54.596400, -110.395000, 0.207000 
53.354600, -113.715000, 0.652000 
53.245000, -115.674300, 0.484000 
53.795900, -113.099600, 0.166000 
52.226300, -115.177000, 2.054000 
51.637200, -112.866000, 0.342000 
54.194400, -116.632200, 1.061000 
53.546800, -113.734800, 1.325000 
52.228400, -114.397700, 1.298000 
52.172000, -114.599000, 0.040000 
53.616600, -115.711100, 0.886000 
52.674300, -111.311600, 0.039000 
54.427200, -116.884300, 0.835000 
55.833000, -119.470000, 0.001000 
51.696900, -114.475000, 0.563000 
53.817200, -113.133600, 0.268000 
54.284800, -115.698000, 0.280000 
50.543800, -111.795000, 0.041000 
53.745000, -110.810800, 0.094000 
53.132300, -115.981700, 0.067000 
51.915300, -113.578100, 0.327000 
53.902300, -115.189300, 0.922000 
53.170200, -114.975000, 0.157000 
54.772900, -110.579000, 0.280000 
53.550690, -113.349600, 2.900000 
53.530040, -113.402010, 0.725000 
52.904700, -115.324700, 5.075000 
53.544400, -113.366200, 0.200000 
53.250200, -115.555500, 0.162000 
54.510900, -115.511700, 0.996000 
52.869000, -115.101000, 1.818000 
53.550500, -113.358900, 2.036000 
53.373100, -116.086000, 1.804000 
51.526000, -113.880000, 0.740000 
53.091100, -111.768600, 0.840000 
57.546300, -119.112600, 0.198000 
57.351700, -111.522200, 2.292000 
55.041500, -119.631000, 2.680000 
58.555500, -118.915900, 0.313000 
54.185400, -116.210400, 0.196000 
52.035300, -115.137700, 1.100000 
51.078650, -114.017660, 4.300000 
