55.309200, -119.205800, 0.002000 
56.215000, -110.968100, 1.766000 
53.024700, -115.531100, 0.002000 
59.641800, -118.307800, 0.954000 
53.866900, -110.644900, 0.733000 
53.574200, -116.646900, 0.002000 
53.288900, -110.012000, 0.010000 
49.449200, -111.616700, 6.362000 
54.045900, -115.313700, 0.007000 
49.372800, -110.672500, 0.614000 
52.696100, -114.863800, 3.207000 
53.892900, -116.880400, 0.080000 
53.048100, -113.921000, 29.545000 
52.776100, -115.660700, 3.191000 
52.226300, -115.177000, 9.090000 
53.795900, -113.099600, 4.516000 
53.733200, -113.175000, 0.068000 
51.534800, -114.203700, 3.164000 
55.996700, -118.533600, 3.778000 
52.758100, -114.111600, 19.560000 
55.725100, -119.399900, 5.153000 
51.570800, -114.851700, 0.218000 
52.146300, -115.330000, 0.620000 
53.288500, -110.018300, 1.473000 
52.496000, -114.988000, 4.123000 
53.559200, -113.388800, 0.175000 
57.003300, -111.466100, 20.960000 
57.040500, -111.619200, 117.270000 
54.572300, -115.522900, 4.434000 
51.191300, -113.940900, 1.854000 
54.194400, -116.632200, 4.574000 
53.546800, -113.734800, 3.846000 
53.245000, -115.674300, 2.496000 
51.965500, -114.753600, 4.181000 
54.423300, -117.760400, 1.235000 
53.746900, -113.164500, 21.540000 
55.358300, -114.617200, 0.933000 
53.652000, -116.099200, 2.944000 
53.354600, -113.715000, 5.477000 
49.713599, -112.796397, 0.317000 
51.637200, -112.866000, 0.316000 
54.596400, -110.395000, 71.748000 
52.308300, -113.550000, 4.823000 
50.747700, -114.494700, 7.016000 
52.959300, -115.893800, 7.490000 
53.952700, -113.078000, 4.820000 
50.982200, -113.974200, 0.893000 
54.952700, -119.195300, 3.286000 
54.524700, -116.794300, 13.957000 
54.833300, -118.646700, 3.464000 
54.130900, -115.546700, 2.219000 
52.553700, -111.694000, 2.053000 
53.541700, -113.391700, 10.666000 
53.181200, -115.762500, 1.160000 
55.833000, -119.470000, 0.006000 
52.869000, -115.101000, 7.917000 
55.489100, -119.750800, 0.010000 
50.543800, -111.795000, 0.395000 
53.616600, -115.711100, 8.453000 
52.510900, -110.969600, 0.001000 
52.172000, -114.599000, 0.385000 
50.963600, -113.976680, 8.571000 
51.400100, -114.034300, 1.220000 
54.284800, -115.698000, 5.586000 
53.557500, -116.547200, 0.099000 
51.915300, -113.578100, 4.397000 
53.283800, -110.031900, 104.104000 
50.269600, -112.893800, 0.015000 
51.222500, -114.495600, 2.451000 
53.170200, -114.975000, 1.495000 
52.035300, -115.137700, 0.543000 
54.510900, -115.511700, 3.709000 
53.550500, -113.358900, 19.098000 
55.074200, -117.274200, 3.751000 
55.199400, -116.221900, 0.003000 
53.530040, -113.402010, 7.567000 
55.993500, -113.480500, 1.909000 
54.185400, -116.210400, 3.684000 
54.427200, -116.884300, 7.298000 
53.373100, -116.086000, 11.812000 
52.588100, -111.206100, 1.742000 
55.041500, -119.631000, 5.570000 
53.902300, -115.189300, 4.949000 
49.628100, -114.571900, 0.770000 
51.010160, -113.964210, 1.760000 
51.526000, -113.880000, 21.983000 
55.393100, -110.738300, 0.246000 
57.546300, -119.112600, 2.200000 
57.054200, -111.917200, 5.511000 
53.740700, -113.023100, 15.373000 
57.351700, -111.522200, 551.695000 
53.550690, -113.349600, 15.249000 
52.228400, -114.397700, 7.721000 
58.555500, -118.915900, 6.439000 
53.544400, -113.366200, 1.900000 
53.745000, -110.810800, 0.896000 
52.904700, -115.324700, 7.993000 
53.817200, -113.133600, 2.193000 
53.250200, -115.555500, 6.038000 
53.319300, -113.518000, 1.238000 
50.959200, -113.981200, 1.997000 
54.772900, -110.579000, 20.253000 
53.728270, -113.235520, 70.650000 
53.543100, -117.797900, 36.090000 
53.527200, -113.354800, 2.503000 
49.701943, -112.803037, 222.840000 
52.674300, -111.311600, 0.513000 
56.981400, -111.475800, 36.231000 
53.091100, -111.768600, 5.390000 
51.696900, -114.475000, 12.114000 
55.913200, -115.150400, 0.389000 
