53.197300, -114.098200, 53.827000 
53.428700, -116.722200, 32.000000 
54.988000, -118.780000, 34.644000 
54.436100, -118.743800, 200.500000 
54.003300, -118.246500, 118.200000 
52.517600, -114.346500, 71.454000 
49.936700, -111.406500, 41.400000 
51.147800, -112.621100, 31.020000 
52.708400, -114.446600, 458.930000 
52.319200, -115.580000, 58.200000 
52.777600, -114.234300, 231.220000 
55.993100, -119.771100, 132.500000 
50.860700, -111.126500, 32.300000 
53.388600, -115.315800, 157.370000 
49.569200, -112.149200, 47.700000 
54.541800, -117.884100, 201.261000 
54.944400, -118.828100, 242.646000 
54.896300, -118.487000, 124.600000 
55.902200, -119.412500, 28.149000 
52.784800, -114.137400, 100.030000 
55.265600, -114.601400, 283.650000 
50.889500, -111.184200, 26.900000 
50.675000, -113.087500, 165.400000 
53.706600, -117.241000, 49.810000 
55.196500, -112.570400, 61.700000 
51.971600, -112.630300, 64.623000 
57.680800, -119.301800, 200.200000 
51.315900, -113.428500, 38.597000 
52.202900, -112.677300, 33.217000 
52.613900, -112.805800, 132.089000 
50.485900, -111.702200, 360.579000 
54.387000, -116.966700, 23.460000 
52.588400, -113.956000, 35.470000 
53.068700, -110.572200, 134.800000 
52.559300, -114.515200, 43.670000 
52.912000, -113.987700, 57.440000 
54.206700, -116.766700, 103.600000 
52.792000, -114.204100, 20.010000 
52.646500, -112.752900, 35.341000 
51.340600, -113.381400, 61.843000 
51.129700, -114.767900, 193.950000 
50.976900, -114.889200, 53.500000 
52.513800, -114.898000, 24.400000 
52.806700, -116.210000, 32.300000 
51.225200, -113.612600, 137.668000 
51.281700, -113.428000, 45.095000 
51.691800, -112.224000, 171.409000 
50.616800, -112.845300, 151.000000 
50.427600, -112.462300, 291.400000 
52.544700, -112.902200, 73.801000 
51.850100, -114.074900, 21.400000 
52.493600, -115.935000, 46.400000 
52.435700, -111.682000, 34.000000 
51.777300, -113.195400, 69.500000 
54.172900, -113.556600, 34.600000 
51.239000, -111.560600, 82.500000 
55.087300, -113.141000, 186.600000 
51.883700, -112.828700, 23.800000 
54.920000, -113.382500, 72.800000 
54.560100, -113.841100, 109.100000 
51.737300, -112.561700, 116.300000 
52.439300, -110.316400, 157.000000 
50.677900, -113.715700, 74.470000 
56.198300, -118.656300, 196.820000 
51.402400, -112.918100, 526.030000 
50.493100, -113.673600, 156.060000 
50.165800, -110.841900, 253.480000 
50.496700, -113.403600, 74.470000 
55.715500, -119.311000, 40.560000 
50.397600, -113.925500, 284.820000 
52.086500, -112.951800, 55.600000 
54.789300, -114.042500, 29.700000 
54.494500, -111.047000, 33.900000 
50.443500, -113.952200, 48.350000 
53.843400, -112.979700, 44.600000 
53.664100, -116.201800, 61.310000 
51.962900, -113.734300, 68.100000 
51.271400, -112.829200, 110.600000 
53.706600, -115.976300, 336.160000 
50.165800, -111.189800, 43.680000 
52.275700, -114.218800, 49.400000 
53.655600, -115.933200, 276.140000 
50.609400, -113.706700, 441.190000 
56.556900, -119.363900, 146.990000 
50.165800, -111.052800, 178.820000 
50.553600, -113.553000, 216.680000 
52.522800, -116.380000, 88.000000 
51.751800, -113.864600, 208.500000 
50.187500, -111.052800, 253.480000 
51.871800, -112.887600, 363.900000 
50.957700, -113.714500, 54.680000 
50.936300, -113.783200, 211.320000 
51.635400, -112.792600, 235.000000 
52.475700, -111.441400, 91.800000 
55.774800, -113.774700, 149.800000 
58.128400, -118.382100, 202.500000 
58.088400, -117.954200, 60.100000 
58.550400, -117.426700, 285.400000 
55.698000, -118.137100, 100.710000 
56.098700, -111.824500, 101.600000 
55.785900, -112.982900, 123.800000 
49.684600, -112.814600, 134.186000 
49.521900, -112.139500, 147.000000 
50.907900, -111.514200, 81.400000 
55.585700, -112.963500, 235.000000 
52.807000, -114.258600, 220.130000 
55.385700, -113.001600, 479.300000 
52.268500, -112.871100, 57.610000 
51.060700, -112.412000, 277.180000 
55.596700, -118.275600, 24.000000 
50.758400, -113.665400, 61.310000 
58.110400, -118.115600, 432.200000 
50.006500, -114.146000, 38.940000 
56.502900, -116.750400, 85.000000 
56.613100, -112.849000, 215.473000 
52.359200, -114.026900, 31.400000 
50.416300, -113.751900, 62.600000 
50.635800, -113.633400, 74.470000 
50.096700, -111.110000, 35.740000 
55.676700, -118.158900, 212.560000 
54.350500, -116.766800, 153.905000 
55.542000, -113.430800, 169.400000 
52.912000, -114.064600, 252.260000 
55.887600, -112.125700, 81.600000 
51.042300, -112.254500, 300.740000 
50.973000, -113.852900, 115.620000 
56.233200, -113.896400, 567.000000 
50.544700, -113.991300, 90.570000 
51.406200, -112.347600, 147.990000 
53.974300, -114.923900, 276.180000 
55.305700, -113.715500, 49.064000 
54.702500, -112.900400, 352.424000 
52.042900, -114.588800, 405.150000 
55.294800, -110.795100, 238.310000 
52.797900, -112.371400, 42.627000 
53.946900, -110.794600, 75.435000 
53.770600, -117.601400, 213.572000 
54.352500, -111.150000, 139.090000 
51.439000, -112.888700, 207.720000 
52.759300, -115.531900, 124.420000 
56.956900, -112.850800, 147.682000 
52.439300, -114.304600, 103.560000 
57.059400, -112.842800, 222.210000 
53.817900, -115.041900, 12.750000 
53.026900, -114.766400, 27.110000 
53.213700, -114.714000, 30.210000 
52.079300, -111.012200, 242.404000 
51.380700, -112.900600, 34.160000 
53.392300, -115.310800, 108.740000 
54.760400, -113.959500, 128.741000 
53.561500, -116.577900, 45.873000 
52.941900, -114.043400, 69.836000 
55.847900, -111.359500, 125.030000 
50.707900, -110.813900, 270.015000 
54.209200, -113.773700, 175.592000 
53.392300, -115.316900, 70.480000 
56.913500, -112.765900, 158.251000 
56.560600, -119.031700, 140.490000 
52.944800, -110.088600, 73.191000 
55.968000, -113.369300, 34.540000 
56.815400, -117.599500, 55.380000 
51.706400, -112.386200, 64.492000 
53.523200, -114.879200, 33.330000 
50.223900, -113.513800, 95.690000 
50.627800, -111.287500, 20.390000 
50.760700, -113.820700, 73.100000 
52.548400, -113.961800, 111.836000 
51.377000, -113.041600, 21.540000 
55.891800, -111.717900, 97.072000 
52.584630, -114.366953, 169.420000 
50.989600, -112.067900, 104.240000 
53.727000, -115.607500, 99.850000 
52.821100, -112.440600, 32.207000 
53.607000, -116.469400, 59.690000 
53.897900, -116.067500, 60.860000 
55.265600, -114.607800, 209.525000 
53.788700, -115.564200, 28.020000 
52.624800, -114.431000, 151.360000 
53.868700, -110.202400, 29.107000 
54.494400, -118.198900, 27.274000 
50.693200, -113.672900, 74.990000 
55.822600, -113.525900, 160.019000 
52.155700, -113.387700, 190.366000 
49.761900, -113.394800, 10.970000 
49.791100, -112.557000, 5.420000 
52.522900, -111.634000, 5.340000 
49.816400, -112.070100, 10.430000 
56.844200, -113.311100, 27.228000 
55.032800, -113.720300, 84.604000 
52.362900, -113.534900, 30.430000 
55.324600, -113.284900, 33.106000 
51.209800, -113.141000, 46.680000 
51.388100, -110.772500, 55.720000 
53.418900, -110.297400, 27.833000 
52.286500, -114.970800, 133.733000 
57.251800, -112.498500, 175.090000 
50.103900, -110.864700, 88.020000 
51.460600, -112.652800, 79.126000 
57.240900, -112.620700, 37.860000 
51.496900, -112.570600, 31.260000 
53.246800, -115.391700, 82.259000 
51.468800, -112.609800, 32.490000 
55.125000, -111.690600, 32.977000 
54.105300, -117.512800, 109.178000 
50.777100, -113.397000, 47.613000 
52.810400, -112.453400, 22.625000 
56.313200, -111.636200, 60.650000 
54.294400, -111.306700, 112.442000 
53.714300, -110.747300, 250.269000 
50.191900, -111.301800, 76.626000 
54.745300, -112.126900, 55.935000 
55.432900, -111.219800, 44.270000 
51.307900, -112.712600, 31.460000 
50.009200, -110.847500, 129.199000 
51.409800, -113.094600, 269.320000 
52.610400, -114.821800, 266.551000 
50.740700, -112.324500, 180.850000 
50.689500, -111.554800, 124.805000 
51.366200, -112.771200, 134.800000 
52.588400, -113.949900, 48.250000 
57.295400, -112.477900, 26.440000 
51.322600, -112.542000, 36.950000 
51.468100, -112.688100, 31.260000 
57.542900, -112.226600, 305.960000 
50.522300, -111.652300, 208.805000 
54.156100, -112.008600, 59.300000 
51.665300, -112.323200, 90.240000 
51.304300, -112.970900, 74.210000 
55.309200, -119.205800, 30.120000 
50.897000, -111.693700, 250.925000 
50.711500, -112.394000, 343.450000 
56.199000, -110.675100, 81.555000 
52.111800, -112.731200, 31.736000 
52.024500, -112.778700, 28.210000 
49.652800, -111.231900, 35.537000 
51.529900, -112.136700, 37.970000 
56.302200, -112.309400, 156.692000 
55.093800, -113.623700, 113.237000 
56.040300, -114.140600, 141.980000 
53.583000, -116.842000, 616.587000 
56.986100, -113.032800, 49.872000 
54.949200, -112.304700, 67.514000 
51.319000, -112.965100, 21.540000 
57.266800, -114.892000, 32.993000 
54.541800, -110.408400, 27.310000 
54.528700, -117.464200, 237.864000 
53.916400, -114.707900, 29.813000 
51.733100, -111.640300, 61.889000 
52.958300, -111.238400, 62.376000 
52.875700, -110.458600, 40.447000 
50.047200, -113.556900, 173.410000 
50.511400, -111.289400, 148.345000 
51.322600, -112.918100, 38.900000 
50.675000, -113.452200, 64.977000 
56.622700, -119.946500, 481.504000 
49.098600, -111.476400, 188.474000 
57.877200, -119.740900, 409.812000 
55.823000, -110.792300, 150.810000 
49.448100, -111.396900, 25.143000 
52.675900, -110.515800, 94.132000 
56.083300, -112.515100, 62.071000 
52.574000, -115.393600, 45.220000 
53.277000, -110.481000, 79.166000 
55.769300, -118.567800, 407.043000 
51.006200, -113.176000, 97.290000 
50.755100, -112.162300, 130.380000 
51.766200, -111.963700, 264.490000 
54.033400, -117.756900, 267.701000 
50.784300, -113.667400, 74.470000 
50.922300, -112.003700, 267.390000 
52.574000, -115.411700, 52.180000 
57.374300, -119.234900, 58.545000 
51.915400, -111.744500, 128.310000 
57.303800, -114.973000, 92.709000 
53.756800, -110.101300, 57.306000 
52.020900, -112.402800, 75.070000 
52.581200, -115.393600, 20.930000 
51.980900, -113.679200, 34.691000 
55.985800, -119.425600, 98.270000 
56.347100, -119.190500, 33.883000 
55.954200, -117.710800, 195.588000 
51.279000, -113.065200, 29.060000 
50.254700, -110.603200, 63.655000 
53.054000, -110.787500, 23.870000 
54.512600, -110.010200, 61.312000 
54.965100, -119.306800, 93.792000 
56.091600, -111.039700, 82.364000 
51.239700, -115.564600, 187.560000 
54.581700, -115.982900, 20.080000 
52.140800, -112.157200, 206.530000 
52.701200, -115.392500, 34.690000 
50.325800, -110.255600, 101.290000 
56.731500, -115.611500, 36.434000 
50.078300, -110.419700, 164.150000 
50.591500, -111.780300, 530.310000 
55.418300, -119.773300, 25.590000 
52.370000, -115.061700, 60.094000 
51.439000, -112.054500, 120.351000 
55.640300, -118.502800, 34.683000 
55.378300, -119.760600, 435.910000 
55.917500, -119.835200, 16.446000 
52.861100, -114.057500, 33.540000 
53.188700, -115.642200, 98.130000 
55.771500, -119.828100, 31.240000 
53.210800, -110.201900, 85.818000 
55.619600, -119.503300, 229.100000 
55.472800, -119.127200, 116.800000 
55.471000, -110.720700, 28.604000 
51.020700, -112.948400, 487.910000 
52.238900, -112.399300, 29.970000 
57.418900, -119.675000, 43.176000 
52.908400, -114.088800, 30.250000 
50.278300, -111.468400, 170.590000 
52.934000, -114.022100, 34.850000 
52.188200, -114.344100, 40.380000 
54.348900, -119.463300, 111.708000 
53.837900, -113.933100, 58.210000 
51.115100, -112.960100, 98.400000 
50.336800, -111.169800, 25.591000 
52.217300, -112.307300, 40.860000 
55.862200, -119.589200, 232.000000 
55.862200, -119.720300, 28.600000 
55.960400, -119.661700, 21.500000 
51.122600, -113.164300, 71.250000 
56.098600, -119.288100, 156.300000 
51.118700, -112.960100, 44.400000 
55.945800, -119.805300, 42.700000 
50.165300, -110.666200, 28.353000 
56.178700, -112.786300, 159.860000 
53.391400, -111.213900, 125.533000 
52.090700, -112.766700, 278.000000 
55.189200, -118.950000, 125.130000 
52.755700, -113.939100, 270.020000 
52.544700, -111.121700, 22.540000 
52.719200, -111.500600, 129.118000 
52.424800, -110.364700, 37.260000 
50.995000, -112.801700, 50.900000 
55.596700, -118.277000, 45.650000 
51.002300, -112.884200, 43.910000 
50.965900, -113.030200, 315.920000 
51.013400, -112.907600, 23.650000 
51.037000, -113.196300, 23.650000 
50.536900, -112.031500, 52.490000 
50.980700, -113.216800, 26.670000 
50.700700, -111.022200, 149.270000 
55.943900, -119.923100, 42.200000 
50.631500, -111.022200, 92.200000 
52.268400, -113.351800, 31.802000 
50.918700, -112.967000, 57.880000 
55.425700, -113.516100, 38.826000 
56.095100, -113.448600, 419.200000 
50.955100, -112.697800, 23.650000 
51.042300, -113.001000, 121.100000 
50.969800, -112.855100, 23.900000 
50.314700, -111.968400, 60.280000 
54.203300, -116.501500, 29.790000 
54.223000, -113.478600, 85.900000 
51.217000, -112.977600, 23.180000 
50.336700, -110.135000, 82.437000 
55.280000, -119.098100, 96.230000 
50.294200, -110.593500, 284.699000 
50.202700, -110.661300, 257.905000 
51.495900, -114.210100, 145.862000 
50.707600, -110.485200, 59.617000 
52.766800, -115.362200, 61.080000 
53.254000, -113.048200, 254.230000 
54.132200, -113.159900, 142.590000 
53.130400, -112.834300, 84.710000 
51.217000, -113.977700, 148.140000 
51.391800, -114.203500, 78.555000 
53.199500, -112.999300, 60.470000 
53.967600, -112.269100, 88.867000 
53.337800, -111.243900, 474.841000 
52.701200, -113.266000, 38.310000 
53.178600, -112.537000, 148.491000 
52.599300, -113.083800, 103.820000 
53.562800, -112.328500, 116.372000 
53.036000, -111.665600, 67.730000 
52.639300, -115.489700, 38.020000 
53.414200, -111.334200, 67.180000 
53.999800, -116.670400, 63.350000 
52.606500, -115.014400, 79.420000 
53.763400, -114.770000, 130.430000 
52.464700, -110.664400, 79.690000 
52.224500, -115.131900, 24.590000 
52.457600, -113.576800, 22.870000 
50.191100, -110.259400, 74.543000 
53.017500, -112.191400, 293.953000 
50.536800, -112.031500, 63.400000 
52.727800, -113.270100, 111.370000 
52.851400, -114.046900, 64.280000 
55.433300, -116.483200, 74.400000 
51.507100, -111.886500, 22.790000 
53.052300, -113.692600, 41.820000 
50.656900, -112.607200, 47.930000 
51.522600, -113.018200, 87.900000 
51.552600, -111.632500, 68.290000 
51.637100, -112.865800, 212.350000 
52.224500, -110.349700, 32.170000 
51.319000, -111.684200, 38.780000 
50.671500, -111.695300, 179.740000 
52.435700, -113.390400, 415.706000 
52.743400, -114.113400, 45.980000 
50.224000, -110.037500, 396.670000 
50.656800, -111.410100, 269.780000 
51.493300, -111.201400, 69.500000 
52.265500, -114.517800, 42.810000 
51.697300, -114.536800, 46.657000 
50.485900, -112.014200, 25.920000 
50.573100, -111.177500, 371.180000 
51.708200, -114.388800, 119.541000 
53.825000, -115.556700, 149.550000 
50.485900, -111.451200, 287.740000 
50.398600, -110.503300, 622.350000 
55.574700, -118.815800, 256.941000 
52.640400, -113.252100, 23.122000 
54.509700, -110.909900, 212.467000 
51.684400, -111.851300, 30.170000 
52.197100, -114.367700, 55.980000 
52.707000, -114.137500, 52.730000 
51.569800, -113.964100, 38.048000 
53.825100, -116.396900, 188.600000 
50.576700, -112.630300, 98.260000 
50.191100, -111.252600, 43.680000 
50.187600, -111.167000, 182.030000 
50.758700, -112.498100, 126.400000 
50.704200, -111.160300, 63.380000 
52.657600, -114.635400, 97.200000 
52.588400, -114.593500, 80.100000 
52.598500, -114.400200, 89.870000 
51.093400, -112.820100, 448.600000 
50.521800, -113.913200, 284.820000 
51.424300, -112.747800, 95.300000 
51.275400, -112.906500, 121.650000 
50.653300, -111.166100, 61.120000 
50.188000, -112.225300, 21.900000 
51.915100, -113.373700, 63.260000 
51.552500, -111.490600, 411.580000 
51.126200, -112.359500, 340.350000 
51.176900, -112.055300, 227.720000 
50.223900, -110.899700, 57.400000 
52.358000, -114.324100, 43.820000 
50.998700, -112.464500, 136.720000 
52.486400, -114.490000, 205.700000 
52.359300, -114.785700, 191.300000 
52.926700, -113.998900, 267.750000 
54.439700, -119.085300, 21.500000 
55.945800, -118.888600, 97.000000 
51.024500, -111.642800, 160.930000 
50.223900, -110.761900, 148.140000 
56.062200, -118.482500, 140.300000 
51.304300, -112.653700, 252.260000 
50.817000, -113.100200, 164.054000 
51.035000, -112.268600, 39.093000 
50.707900, -113.221600, 97.122000 
49.729200, -114.427200, 57.799000 
50.296700, -111.566200, 93.670000 
55.425600, -118.988600, 100.890000 
50.835100, -112.799000, 176.240000 
55.669900, -117.904200, 80.547000 
53.363200, -114.456300, 63.010000 
52.829600, -113.910900, 138.352000 
51.046200, -112.044500, 74.457000 
55.363900, -119.760600, 213.290000 
50.947900, -111.578100, 62.220000 
51.038600, -111.864000, 175.469000 
56.930900, -115.252200, 173.605000 
51.122600, -112.149500, 36.251000 
55.883900, -117.462000, 30.597000 
51.531300, -113.276300, 598.940000 
54.388400, -110.949300, 235.200000 
51.784500, -113.402700, 123.095000 
55.800300, -117.813800, 42.253000 
51.529700, -112.136700, 283.679000 
53.193400, -110.863100, 25.445000 
50.289400, -112.007500, 243.020000 
51.359000, -112.360100, 218.890000 
53.374300, -114.527900, 313.298000 
50.278300, -111.543100, 22.050000 
51.642600, -113.337700, 501.939000 
55.443900, -119.522500, 34.820000 
55.145600, -114.118900, 60.946000 
55.519900, -119.349500, 62.120000 
50.700700, -110.478000, 385.500000 
50.438700, -111.284800, 706.610000 
57.295300, -115.546100, 166.310000 
56.215000, -110.968100, 21.830000 
53.937900, -116.900400, 37.669000 
53.967700, -110.122400, 86.780000 
53.981500, -116.999800, 22.393000 
53.216900, -116.358700, 168.590000 
54.323400, -115.677500, 66.030000 
52.083000, -114.649300, 31.040000 
54.283400, -115.702500, 75.984000 
53.228700, -115.104400, 187.275000 
50.413200, -111.755900, 27.850000 
50.565900, -110.210200, 103.143000 
55.651800, -111.084400, 184.371000 
50.456800, -110.181600, 145.172000 
49.958300, -111.030000, 28.833000 
55.432800, -118.041700, 57.729000 
51.009800, -111.391500, 74.306000 
51.042300, -111.298100, 80.125000 
52.988300, -110.670000, 30.645000 
52.260500, -113.816600, 125.080000 
53.876200, -117.149000, 22.681000 
55.639400, -118.984300, 37.452000 
50.700600, -110.772500, 224.610000 
52.366300, -114.963000, 360.349000 
52.872800, -110.032400, 132.589000 
55.666900, -117.761600, 43.202000 
50.755100, -110.310200, 248.318000 
50.322300, -111.721200, 21.890000 
50.395000, -110.353900, 184.110000 
54.829200, -119.668600, 48.282000 
50.271200, -110.376900, 183.507000 
50.307500, -110.502500, 391.419000 
54.956400, -119.445600, 35.022000 
57.851600, -119.158100, 121.445000 
54.876400, -119.286100, 22.330000 
55.494700, -119.412800, 37.689000 
54.607200, -119.332000, 207.843000 
58.248400, -117.455300, 266.020000 
50.507600, -110.325200, 155.883000 
54.800000, -119.775600, 23.131000 
50.867900, -111.936700, 183.460000 
50.282400, -110.468900, 325.545000 
54.803600, -119.796400, 23.214000 
58.164800, -117.427500, 163.070000 
57.931900, -117.835000, 698.810000 
50.362200, -110.509100, 37.188000 
54.720000, -119.110600, 6.085000 
50.784300, -112.324500, 122.190000 
57.320900, -118.063600, 99.223000 
52.140800, -115.060200, 37.200000 
52.696000, -111.198200, 348.461000 
52.708400, -115.428900, 950.190000 
52.923200, -115.156100, 93.850000 
53.101200, -114.761900, 185.710000 
51.649800, -114.501300, 38.060000 
53.257600, -115.507800, 161.710000 
50.765900, -111.948400, 38.800000 
52.544800, -114.545200, 295.110000 
52.184500, -114.737900, 41.480000 
57.888400, -118.608700, 221.086000 
53.103200, -115.363400, 43.280000 
50.715500, -110.953700, 21.199000 
53.159500, -114.205700, 98.160000 
52.814000, -114.786000, 317.910000 
58.081200, -117.635600, 297.330000 
52.464700, -115.007500, 57.832000 
55.509300, -114.146900, 62.635000 
55.640400, -114.536400, 20.052000 
52.570100, -114.533200, 65.514000 
53.064700, -116.436900, 105.899000 
52.461400, -114.346900, 193.691000 
55.585600, -117.891600, 223.119000 
50.860700, -112.035100, 128.820000 
52.515700, -115.327200, 125.547000 
52.901100, -116.678000, 38.021000 
50.864300, -112.353400, 218.700000 
54.436200, -111.205100, 121.104000 
53.163100, -117.017800, 175.075000 
55.520400, -113.781100, 74.357000 
54.447300, -111.318700, 23.653000 
53.039400, -116.406400, 179.354000 
55.694100, -113.599400, 100.383000 
52.850300, -116.465800, 109.394000 
54.647200, -119.332000, 105.386000 
54.836400, -119.145800, 79.060000 
50.340400, -111.302000, 126.708000 
54.810800, -119.649700, 33.381000 
50.318700, -111.261700, 326.873000 
54.872800, -119.361100, 126.637000 
50.453200, -110.204700, 51.842000 
54.829200, -119.490000, 213.998000 
52.512000, -115.044700, 103.773000 
52.439300, -115.044700, 22.450000 
52.541200, -115.170800, 53.955000 
54.099600, -117.535500, 253.560000 
53.148700, -115.746100, 202.419000 
53.159500, -114.902800, 30.615000 
57.840900, -117.867800, 48.030000 
53.134000, -115.678900, 191.518000 
53.152300, -115.874700, 116.286000 
50.267600, -111.330600, 269.840000 
56.458600, -119.914300, 105.630000 
55.058300, -119.872800, 26.200000 
55.043600, -119.955600, 24.340000 
54.510600, -117.501800, 162.512000 
57.273600, -115.892500, 28.886000 
54.872900, -110.418400, 39.540000 
55.061900, -119.388100, 24.210000 
55.061900, -119.337000, 26.670000 
55.076400, -119.821700, 26.860000 
52.864800, -111.052700, 25.112000 
50.707900, -112.353400, 78.420000 
57.186200, -118.003300, 246.174000 
53.076000, -111.299800, 257.290000 
53.035900, -111.403600, 37.000000 
53.024700, -116.015300, 52.570000 
53.777900, -115.974200, 20.880000 
53.777900, -115.769200, 44.750000 
54.130700, -115.765300, 34.320000 
54.887200, -119.828100, 268.340000 
53.428700, -115.125800, 243.480000 
59.601800, -117.409700, 34.160000 
54.883700, -110.418400, 79.080000 
54.985600, -119.828100, 19.940000 
57.742220, -119.995050, 130.590000 
57.724400, -119.980900, 83.400000 
53.315900, -114.982200, 422.946000 
55.032800, -119.699200, 20.490000 
55.032800, -119.745000, 20.390000 
55.018300, -119.413600, 27.880000 
54.901900, -119.891700, 120.110000 
53.170400, -114.884200, 381.300000 
55.192700, -119.998300, 27.240000 
55.032800, -119.623900, 27.920000 
55.010800, -119.865000, 59.490000 
55.047200, -119.828100, 27.630000 
54.450800, -117.228100, 103.720000 
53.159500, -110.853300, 75.800000 
53.909800, -115.787800, 99.770000 
53.828700, -115.943000, 247.360000 
53.366700, -116.022500, 112.870000 
53.326800, -116.168000, 107.620000 
52.446500, -114.671600, 200.723000 
51.762600, -110.139700, 429.231000 
50.809500, -111.693700, 176.620000 
53.614300, -116.956500, 19.850000 
58.441200, -117.244700, 158.350000 
54.025400, -117.018400, 22.230000 
52.650400, -115.080800, 85.148000 
53.534300, -116.333900, 70.530000 
51.865400, -110.585600, 50.026000 
53.610600, -117.695900, 304.460000 
57.808400, -118.093900, 49.540000 
53.625000, -117.782300, 322.540000 
53.190400, -114.552300, 60.418000 
49.958300, -113.556600, 102.760000 
56.222300, -112.706800, 54.370000 
52.836500, -110.790500, 65.728000 
49.725600, -113.397600, 31.570000 
52.937600, -111.186100, 130.640000 
58.683300, -118.670000, 165.550000 
58.073200, -118.762000, 46.700000 
50.755100, -111.786200, 32.310000 
53.479400, -115.130800, 178.809000 
49.616400, -112.472000, 38.520000 
50.337100, -111.513600, 27.207000 
49.889200, -112.917600, 52.200000 
58.783200, -118.605600, 106.230000 
58.305400, -118.888000, 39.132000 
53.225100, -114.034600, 321.020000 
49.601900, -110.445000, 25.060000 
53.159700, -114.205700, 48.300000 
50.802300, -113.210200, 60.570000 
50.220300, -112.444200, 387.800000 
49.758300, -110.479100, 145.680000 
51.118600, -113.507500, 65.730000 
51.504500, -114.068500, 264.520000 
51.254200, -110.402700, 49.050000 
56.506100, -117.982800, 90.780000 
52.119200, -115.215400, 188.530000 
51.213400, -113.257700, 99.580000 
51.937300, -111.099200, 20.170000 
49.521900, -112.859000, 35.530000 
50.736800, -113.325700, 151.170000 
56.069400, -118.247000, 32.120000 
50.682300, -113.256300, 35.690000 
51.897200, -115.040200, 170.196000 
50.984300, -113.444300, 243.930000 
52.093600, -115.143800, 165.724000 
51.919000, -114.394600, 279.917000 
52.104400, -115.161600, 136.203000 
51.402600, -113.247400, 242.250000 
52.082800, -115.183500, 132.350000 
51.777200, -114.897900, 37.981000 
54.356200, -111.301200, 21.333000 
51.620900, -114.483500, 26.301000 
51.177000, -113.438500, 34.920000 
50.583900, -113.302700, 93.990000 
53.374300, -114.232100, 26.731000 
51.078700, -113.537700, 279.540000 
51.075100, -113.409300, 259.330000 
51.581600, -113.840400, 22.340000 
52.068200, -114.546800, 83.143000 
52.843100, -115.604700, 228.458000 
56.836900, -118.278100, 28.080000 
51.359000, -113.352900, 42.210000 
51.933600, -114.963200, 55.020000 
51.962900, -114.732100, 29.380000 
50.987900, -111.741500, 30.230000 
49.038100, -111.158900, 44.340000 
50.103900, -112.700900, 135.700000 
56.982800, -118.305800, 101.380000 
52.628400, -114.882100, 33.362000 
52.479300, -114.178200, 79.643000 
49.030800, -111.052700, 52.690000 
49.347200, -112.814200, 24.660000 
50.296700, -112.433700, 36.428000 
52.260900, -114.946900, 226.029000 
51.773700, -114.222900, 51.760000 
51.900900, -114.797400, 37.950000 
51.351800, -111.196500, 48.260000 
55.603900, -119.347800, 382.900000 
49.205300, -111.037700, 304.140000 
51.264300, -113.403500, 67.200000 
51.340700, -113.217900, 21.110000 
56.727900, -116.305700, 130.500000 
54.258200, -114.580800, 45.170000 
51.264300, -113.281000, 64.330000 
51.425100, -110.513800, 45.597000 
52.028200, -114.809600, 33.590000 
51.002300, -112.394500, 20.360000 
49.154400, -110.902200, 23.490000 
54.370800, -116.874800, 180.390000 
54.043400, -110.619200, 26.910000 
56.691400, -118.771700, 51.410000 
51.319000, -113.511800, 20.950000 
49.576400, -112.919200, 46.230000 
57.418900, -118.942600, 142.775000 
50.977000, -112.242800, 183.300000 
57.502800, -118.745700, 171.018000 
50.940700, -112.371200, 21.190000 
52.657600, -115.309200, 160.188000 
53.628700, -113.085700, 58.469000 
53.395900, -112.759100, 159.888000 
53.577900, -113.017900, 50.120000 
52.366500, -115.170800, 57.746000 
52.402900, -114.593500, 72.968000 
52.042900, -113.680200, 174.766000 
51.791800, -110.808900, 130.151000 
53.141200, -114.327900, 48.931000 
51.984500, -114.302100, 91.529000 
51.824000, -110.948800, 76.823000 
52.704800, -115.441100, 134.572000 
57.120900, -118.139200, 101.318000 
55.396500, -110.737300, 799.090000 
55.451200, -110.853100, 76.696000 
52.712000, -114.573800, 85.415000 
52.661400, -114.635500, 31.008000 
50.835100, -112.538700, 138.860000 
55.352900, -110.627800, 683.338000 
52.806800, -114.640400, 73.219000 
51.377000, -114.814600, 343.604000 
55.691200, -111.275900, 350.425000 
57.338900, -118.460000, 313.937000 
55.676800, -111.113700, 36.350000 
55.720400, -111.347300, 92.960000 
51.806100, -114.998500, 22.165000 
49.500000, -112.746700, 29.356000 
51.838900, -114.980700, 86.722000 
55.713800, -111.263100, 76.329000 
57.042500, -111.905000, 43.392000 
54.381800, -111.238700, 23.179000 
54.319700, -116.718100, 30.539000 
53.912600, -116.745100, 143.814000 
54.029000, -116.769800, 28.565000 
54.047000, -116.887900, 20.923000 
51.264300, -113.205200, 246.520000 
55.520300, -119.315300, 28.830000 
56.280700, -116.053000, 24.710000 
51.878900, -115.093200, 35.766000 
51.380700, -113.229600, 139.150000 
55.713100, -119.672200, 156.550000 
49.500000, -111.009700, 41.880000 
51.850000, -115.105200, 48.110000 
56.131500, -115.962400, 61.310000 
51.624500, -113.799300, 32.590000 
51.791700, -114.915700, 33.198000 
50.758700, -111.641500, 143.130000 
50.784300, -111.543100, 23.480000 
49.914900, -112.361400, 27.616000 
57.193700, -118.199700, 141.174000 
53.752300, -117.099300, 129.747000 
57.349400, -118.670600, 119.324000 
57.113400, -118.058600, 180.481000 
49.874700, -112.387300, 29.518000 
49.289200, -112.797300, 59.789000 
49.492800, -112.830900, 95.504000 
54.350500, -116.766800, 180.627000 
50.889400, -113.406800, 118.110000 
54.385300, -116.975100, 254.715000 
54.345300, -116.880900, 124.312000 
50.929800, -112.458700, 20.320000 
55.047200, -119.898100, 27.450000 
57.338900, -119.657100, 668.006000 
54.476100, -119.173900, 30.530000 
54.447400, -117.523700, 386.143000 
55.102000, -110.507600, 39.860000 
50.867800, -111.796900, 97.855000 
50.795100, -112.017800, 409.650000 
55.843900, -111.090000, 87.825000 
54.538100, -119.066400, 209.040000 
53.415200, -110.857100, 82.961000 
55.112900, -110.853100, 67.750000 
57.134500, -113.765100, 43.719000 
53.968000, -110.969200, 102.094000 
54.855000, -118.521900, 41.617000 
54.419600, -117.293100, 192.280000 
50.893400, -112.174000, 218.390000 
50.940600, -111.880600, 232.624000 
52.697500, -116.005000, 29.890000 
52.235800, -113.377700, 53.038000 
55.581900, -112.320000, 100.177000 
55.149300, -111.090900, 34.830000 
56.891000, -112.671500, 167.585000 
54.708900, -113.448100, 67.955000 
54.536100, -117.111400, 30.703000 
52.559300, -115.213000, 71.560000 
54.548100, -117.411400, 256.239000 
57.004500, -113.047100, 59.563000 
51.943400, -112.077500, 67.727000 
54.127000, -114.655800, 50.660000 
51.609700, -112.623300, 23.758000 
53.512300, -115.611900, 44.980000 
51.300800, -112.041700, 23.805000 
55.069300, -110.545900, 79.080000 
55.997300, -111.352400, 176.743000 
57.200900, -112.905700, 938.311000 
55.186400, -111.439100, 164.100000 
55.418300, -111.411700, 93.836000 
52.334100, -113.674200, 30.221000 
52.755600, -111.282200, 102.367000 
54.763600, -114.302800, 58.556000 
54.505300, -116.450600, 36.502000 
50.863600, -111.847200, 110.207000 
51.449700, -111.571700, 88.285000 
54.516100, -116.886800, 49.404000 
57.485900, -113.793100, 143.928000 
55.996800, -110.822600, 36.368000 
56.833400, -113.112100, 430.105000 
52.806100, -112.442400, 85.663000 
54.798600, -114.203400, 65.769000 
56.033100, -119.489400, 26.593000 
57.168200, -112.845200, 37.291000 
57.106200, -112.252700, 26.425000 
56.149400, -112.314700, 26.815000 
55.847500, -111.358600, 96.727000 
55.072900, -110.526700, 39.540000 
54.257200, -112.373600, 178.193000 
55.338400, -111.264800, 92.773000 
54.345300, -112.905000, 66.092000 
54.640100, -110.964800, 20.103000 
56.498700, -112.481600, 134.083000 
52.424800, -114.340700, 42.369000 
52.162900, -114.576800, 43.143000 
55.688200, -113.897000, 73.637000 
52.279300, -114.129100, 32.209000 
54.978300, -117.708800, 69.012000 
54.479800, -111.021700, 63.538000 
52.344800, -114.262400, 91.312000 
50.828700, -111.791400, 43.683000 
54.627100, -118.513200, 45.026000 
51.420600, -113.052500, 20.240000 
54.627000, -117.464200, 150.989000 
55.309300, -110.480100, 48.470000 
54.814400, -113.605600, 43.924000 
58.670400, -119.559800, 114.682000 
58.685100, -118.669200, 133.319000 
51.424300, -112.994500, 21.540000 
52.130100, -110.099100, 19.840000 
55.949600, -110.624000, 196.806000 
55.876700, -110.880600, 30.646000 
54.610700, -112.540200, 56.712000 
55.367600, -110.563700, 22.730000 
54.963600, -117.670700, 262.473000 
54.786400, -112.744200, 95.081000 
55.631500, -112.189600, 330.794000 
54.261700, -117.249400, 31.514000 
52.326500, -114.515200, 586.182000 
55.136500, -113.794500, 72.025000 
51.570600, -111.357100, 59.632000 
55.643900, -111.924200, 28.148000 
50.802300, -111.902000, 260.300000 
50.165900, -110.089100, 577.891000 
55.121400, -114.159100, 80.943000 
50.136800, -110.197500, 158.497000 
50.698800, -111.458000, 69.414000 
58.692300, -118.796500, 79.467000 
53.997000, -111.569200, 262.134000 
52.599200, -113.973100, 70.300000 
56.407900, -110.929200, 30.372000 
55.240100, -114.042800, 258.725000 
55.597300, -111.770600, 121.855000 
49.485000, -111.218200, 33.359000 
51.961400, -112.370000, 80.981000 
50.085700, -110.117500, 24.944000 
54.816000, -118.715600, 35.816000 
54.859700, -118.569200, 110.058000 
54.523500, -113.846300, 38.678000 
54.612500, -118.214300, 380.984000 
55.218400, -111.316200, 58.760000 
53.215900, -116.497000, 255.798000 
50.675000, -111.762200, 123.250000 
54.130600, -115.231400, 127.940000 
53.032300, -111.293600, 21.630000 
54.685600, -117.414400, 58.819000 
52.966800, -111.131600, 74.242000 
54.102500, -112.310200, 273.921000 
55.216800, -112.002900, 20.540000 
55.629400, -112.105800, 33.128000 
55.232900, -110.698700, 48.470000 
50.889600, -113.406800, 45.088000 
55.843900, -119.294500, 38.350000 
53.439500, -115.187500, 21.368000 
55.651200, -116.386000, 121.941000 
54.894400, -111.813900, 206.169000 
52.253600, -114.295300, 59.928000 
53.192300, -115.293900, 381.300000 
51.027000, -114.018600, 15.110000 
55.710300, -116.604200, 61.421000 
52.122900, -113.847000, 142.997000 
53.564700, -116.719200, 71.420000 
52.300800, -114.211700, 25.311000 
52.064400, -114.271400, 291.870000 
53.090400, -115.245000, 383.013000 
52.020800, -110.891900, 68.208000 
52.257300, -114.284300, 23.683000 
52.297300, -114.218800, 34.375000 
51.868200, -110.139700, 146.070000 
52.300900, -114.236600, 30.536000 
52.300900, -114.254600, 23.545000 
52.279300, -114.206800, 24.039000 
56.088100, -119.934800, 36.385000 
58.081200, -117.828800, 30.382000 
56.538600, -119.950600, 163.214000 
54.459900, -119.717000, 69.690000 
54.880400, -113.491800, 59.974000 
52.013600, -112.986700, 118.780000 
54.130600, -119.218900, 62.250000 
50.642300, -112.301500, 64.310000 
53.279500, -114.774200, 59.550000 
52.999100, -112.971000, 27.380000 
54.949300, -110.622600, 194.430000 
52.886800, -111.022500, 20.151000 
50.635100, -112.237600, 35.080000 
54.439300, -119.655000, 25.700000 
51.970000, -110.629400, 136.700000 
54.956500, -110.616200, 34.830000 
57.346400, -119.099000, 49.570000 
50.678700, -112.272300, 63.020000 
57.560800, -119.521200, 77.130000 
57.571700, -119.775100, 268.810000 
55.830300, -116.673400, 95.116000 
50.675000, -112.288900, 38.640000 
54.854500, -111.802000, 192.940000 
51.065100, -114.130500, 40.926000 
57.753600, -119.768200, 37.410000 
57.480800, -119.160100, 88.000000 
53.054000, -114.933300, 325.376000 
56.011400, -119.759500, 114.540000 
57.448200, -115.377300, 22.070000 
55.167200, -118.930800, 85.970000 
52.941600, -114.418200, 133.155000 
57.418900, -119.561200, 67.890000 
55.683900, -119.393300, 95.888000 
53.181200, -114.486800, 224.667000 
56.112800, -119.529000, 180.800000 
52.703800, -114.572500, 725.230000 
50.901600, -110.480800, 122.890000 
53.254000, -114.437900, 144.720000 
51.500600, -113.804400, 81.600000 
53.919700, -114.717800, 63.130000 
53.013900, -116.258600, 161.850000 
52.890400, -114.865000, 167.352000 
51.180450, -113.937280, 55.998000 
52.933900, -116.173600, 38.240000 
50.805800, -111.507500, 169.480000 
50.700700, -112.110300, 245.400000 
53.035900, -110.994100, 47.651000 
52.747000, -115.255600, 20.610000 
52.936200, -114.160900, 27.106000 
55.047300, -110.577800, 293.340000 
51.620800, -112.069400, 136.309000 
56.917300, -112.960700, 70.586000 
51.813600, -112.454200, 84.001000 
54.792900, -115.521700, 134.810000 
53.499300, -116.805300, 671.436000 
52.337200, -114.195300, 46.427000 
54.734400, -112.638900, 73.690000 
50.915100, -112.451700, 738.230000 
54.330800, -116.367000, 68.199000 
50.842300, -112.463400, 216.560000 
54.363300, -116.624000, 75.462000 
54.527200, -112.926100, 43.987000 
58.728700, -118.005300, 151.711000 
50.718600, -111.322200, 82.995000 
54.487200, -118.213000, 21.801000 
54.418100, -116.362000, 501.129000 
53.872500, -116.085000, 72.180000 
51.082500, -111.915600, 177.017000 
54.923600, -114.111400, 57.576000 
53.828700, -115.943300, 256.840000 
53.686900, -116.776400, 31.992000 
50.627900, -111.965600, 195.440000 
59.641800, -118.307800, 153.380000 
54.985700, -110.737300, 22.730000 
54.647300, -115.495800, 42.560000 
54.970900, -110.750100, 46.990000 
54.232500, -116.611500, 216.901000 
55.069400, -113.313900, 224.447000 
57.004500, -113.188600, 720.732000 
55.782200, -112.034400, 52.832000 
54.967700, -113.936500, 59.332000 
54.152500, -111.588600, 34.145000 
54.458200, -115.641400, 121.080000 
52.213700, -114.308200, 343.990000 
52.210100, -114.302100, 40.300000 
52.177300, -114.296300, 110.610000 
53.970700, -115.744200, 70.900000 
51.479000, -112.982800, 48.690000 
51.559000, -113.282700, 57.730000 
53.272300, -114.915000, 39.460000 
54.072600, -116.699300, 27.840000 
54.854400, -119.012000, 20.530000 
51.737300, -113.124300, 112.128000 
51.402600, -112.330600, 93.280000 
55.443900, -118.975800, 51.845000 
55.763900, -119.581400, 91.720000 
53.021100, -116.216900, 55.762000 
58.339500, -118.536800, 20.669000 
51.668100, -113.615000, 117.350000 
55.403900, -119.168600, 36.491000 
52.646500, -113.306300, 30.960000 
54.898100, -118.922500, 39.730000 
54.796400, -119.082000, 93.380000 
54.199800, -113.212900, 207.250000 
50.515100, -111.313400, 83.700000 
55.469300, -113.833000, 29.900000 
50.965800, -114.872700, 246.500000 
52.970400, -110.780000, 46.700000 
53.548700, -110.071600, 72.100000 
53.537900, -110.990000, 67.700000 
57.968400, -119.321200, 111.439000 
57.819200, -119.576200, 33.627000 
50.431200, -111.589200, 280.525000 
59.103300, -119.918400, 29.590000 
53.104800, -114.871900, 83.121000 
53.272300, -114.725300, 26.480000 
56.491400, -115.397500, 60.989000 
50.555100, -112.623100, 183.800000 
56.495700, -115.604300, 27.684000 
53.305100, -114.841400, 79.039000 
54.352600, -111.821500, 71.700000 
55.538400, -112.262400, 55.520000 
51.569700, -114.985200, 202.700000 
53.217600, -110.181100, 79.700000 
51.428100, -115.061600, 115.000000 
56.527900, -115.311500, 23.905000 
50.398600, -112.313100, 96.400000 
54.730800, -118.592200, 20.100000 
52.300900, -112.886300, 22.809000 
53.578344, -115.855642, 80.820000 
54.916500, -110.367300, 39.540000 
55.134700, -119.143100, 166.090000 
53.734300, -113.863500, 38.500000 
51.417000, -113.176800, 34.450000 
53.279500, -111.587000, 738.710000 
55.065700, -110.539500, 33.590000 
55.065700, -110.533100, 33.590000 
53.359500, -114.878000, 57.230000 
53.484800, -115.607600, 118.899000 
50.504000, -111.210100, 28.930000 
55.876800, -111.326700, 51.750000 
49.376400, -112.476700, 49.950000 
51.286200, -113.200200, 21.540000 
51.428200, -113.458800, 46.430000 
55.411100, -118.885600, 67.190000 
53.385100, -115.612800, 212.596000 
52.210100, -112.068700, 43.070000 
52.180900, -113.083200, 68.096000 
53.195900, -111.911200, 282.031000 
53.737900, -113.819900, 26.480000 
54.840100, -110.444000, 33.590000 
55.041200, -110.577800, 134.360000 
55.072900, -110.705300, 33.590000 
54.239800, -115.564700, 62.340000 
52.492800, -115.295100, 61.260000 
55.025700, -110.584200, 46.710000 
55.736000, -119.076000, 108.046000 
50.758700, -112.122000, 39.630000 
54.279800, -117.012600, 47.030000 
50.482200, -112.588700, 28.650000 
53.879800, -113.627400, 39.743000 
53.272300, -113.072700, 40.470000 
50.565900, -112.640300, 57.150000 
50.500400, -112.456700, 151.140000 
50.427500, -112.462300, 28.650000 
51.100700, -111.403100, 123.309000 
51.449800, -113.164900, 40.900000 
56.506100, -119.432000, 64.652000 
49.881900, -112.735100, 23.928000 
54.941900, -118.999200, 22.690000 
50.860700, -110.229100, 28.764000 
52.621200, -112.211500, 213.218000 
53.847000, -114.619400, 96.532000 
49.965600, -112.644000, 23.670000 
51.399000, -112.683100, 24.660000 
55.003700, -111.100600, 46.710000 
52.435700, -110.364700, 38.360000 
51.049800, -113.659900, 66.030000 
54.239700, -118.593500, 20.800000 
52.704800, -114.410200, 25.070000 
53.857900, -113.397400, 34.390000 
53.792300, -114.482500, 29.148000 
54.171500, -112.197600, 52.430000 
50.525900, -111.797300, 23.200000 
51.359000, -112.418700, 372.178000 
51.879000, -112.792600, 43.220000 
53.657900, -116.666800, 90.390000 
53.847000, -113.981600, 35.500000 
52.135400, -113.872800, 37.948000 
52.217300, -113.387700, 29.100000 
51.151500, -113.823200, 43.453000 
50.073300, -112.673700, 117.940000 
53.563400, -116.728500, 45.730000 
49.005300, -112.213700, 22.800000 
52.755700, -113.939100, 84.520000 
53.727000, -114.631700, 97.345000 
53.228700, -114.554100, 26.029000 
54.454400, -116.090400, 38.289000 
52.973900, -116.872200, 89.146000 
54.166900, -118.486900, 92.502000 
52.104500, -113.656300, 53.243000 
52.671900, -114.615300, 20.102000 
51.489800, -112.888700, 132.280000 
51.388200, -114.808800, 28.134000 
51.369700, -114.985200, 37.066000 
50.211900, -112.315900, 23.080000 
53.690700, -115.717500, 294.489000 
51.071500, -114.697700, 27.000000 
50.013100, -112.611500, 217.100000 
51.286100, -112.147500, 103.400000 
55.363900, -118.905000, 81.793000 
52.192000, -114.111300, 325.490000 
55.504200, -118.945300, 86.310000 
55.276400, -118.699200, 56.458000 
54.101800, -115.665000, 23.468000 
55.338300, -118.872800, 56.458000 
53.745000, -114.220600, 73.532000 
55.341700, -118.914200, 67.650000 
54.174300, -116.141400, 76.528000 
54.189000, -115.640000, 35.411000 
57.217500, -110.895000, 185.250000 
53.017500, -116.907800, 26.673000 
52.340900, -114.280400, 25.615000 
53.374300, -111.809800, 39.545000 
54.079800, -115.426900, 108.351000 
51.431700, -113.757500, 53.360000 
53.432200, -117.689800, 23.351000 
51.086100, -114.767700, 25.000000 
51.366200, -114.761800, 115.047000 
52.290100, -114.099300, 25.615000 
54.545400, -114.794200, 139.140000 
52.282900, -113.113200, 38.346000 
53.134000, -111.850100, 93.921000 
53.363200, -112.039500, 39.676000 
52.039300, -112.987700, 23.020000 
50.168300, -112.299800, 132.070000 
51.671700, -112.507500, 23.020000 
52.828400, -113.872400, 73.920000 
54.265300, -116.342000, 126.320000 
52.257300, -114.349900, 43.143000 
52.199300, -114.475200, 29.416000 
52.253700, -114.397700, 29.416000 
52.260900, -114.373800, 28.435000 
52.224500, -114.326000, 29.416000 
52.871900, -113.065000, 25.190000 
52.942400, -113.511100, 177.797000 
50.453100, -112.755300, 25.010000 
52.260900, -114.391800, 57.811000 
52.384800, -114.539300, 207.746000 
51.624500, -111.863100, 134.672000 
52.042800, -114.958800, 202.934000 
51.900900, -111.608400, 570.546000 
53.969410, -110.454161, 82.471000 
53.034200, -116.330500, 23.822000 
56.458600, -119.914300, 111.380000 
53.767000, -117.497000, 243.384000 
58.011900, -119.480700, 184.124000 
57.564400, -119.521200, 178.175000 
53.141200, -115.691100, 28.227000 
52.290100, -112.963800, 55.560000 
54.178700, -117.328400, 674.590000 
52.002900, -114.916800, 33.787000 
52.031800, -112.629500, 246.895000 
55.611700, -112.611600, 43.090000 
52.392000, -115.128900, 43.368000 
55.789500, -112.281800, 22.900000 
54.461800, -111.780100, 124.370000 
52.250100, -114.397700, 38.018000 
50.214700, -112.367800, 114.130000 
51.464500, -114.467900, 201.898000 
56.851800, -115.208100, 138.761000 
53.705100, -116.438600, 42.360000 
50.573200, -112.162300, 25.170000 
53.484800, -115.607600, 73.821000 
50.302500, -112.390600, 26.930000 
52.344800, -112.211500, 85.185000 
52.610400, -111.670100, 92.856000 
52.384800, -112.223400, 178.787000 
54.359700, -118.756300, 198.140000 
50.060300, -112.299800, 265.870000 
54.567300, -115.527500, 80.730000 
53.330700, -113.719400, 39.630000 
54.243300, -116.899800, 50.400000 
52.788400, -112.489800, 163.688000 
50.398600, -112.847300, 47.880000 
53.588700, -114.244300, 20.162000 
54.465400, -113.221600, 277.699000 
52.122800, -115.084100, 37.948000 
58.630400, -119.058200, 80.896000 
50.311700, -112.515100, 39.620000 
54.072600, -116.574000, 21.123000 
54.101800, -116.799500, 75.745000 
54.654500, -110.459000, 49.783000 
52.792000, -112.562700, 375.767000 
51.741700, -112.469200, 91.594000 
50.022400, -110.743000, 52.022000 
51.657300, -112.786700, 27.528000 
53.916200, -116.732600, 21.930000 
51.282600, -113.123800, 27.556000 
54.485300, -118.778300, 273.240000 
54.349000, -112.642700, 31.206000 
53.745000, -110.723900, 27.249000 
50.536800, -111.744200, 29.560000 
56.007600, -113.402800, 33.823000 
51.639000, -110.465500, 30.343000 
55.822200, -118.914700, 24.160000 
55.509200, -118.101900, 25.718000 
55.120000, -111.688300, 44.781000 
53.712300, -117.221500, 25.224000 
55.702000, -112.379300, 22.295000 
50.176700, -110.442700, 51.720000 
54.359700, -119.138900, 41.670000 
55.460400, -112.213500, 22.900000 
54.734400, -118.902000, 34.569000 
54.159800, -112.203800, 93.220000 
52.601300, -115.221600, 41.380000 
54.989300, -111.489500, 68.520000 
54.672800, -118.465700, 23.725000 
54.992900, -111.355600, 28.709000 
54.224660, -110.514600, 71.496000 
53.977900, -116.751200, 116.690000 
51.919000, -114.631600, 28.493000 
53.712300, -116.148900, 28.848000 
51.449800, -112.642000, 21.600000 
51.551800, -112.483400, 21.600000 
51.559000, -112.471500, 31.260000 
49.988300, -110.914000, 35.916000 
50.084400, -110.607000, 413.764000 
49.972800, -110.755600, 58.175000 
50.824200, -110.859400, 59.982000 
50.896900, -110.633600, 38.828000 
50.744200, -110.130000, 33.778000 
53.419200, -115.091500, 49.705000 
54.930800, -119.235000, 57.960000 
55.382000, -111.760100, 242.476000 
54.970900, -114.291100, 29.430000 
54.054200, -118.308700, 288.555000 
54.476300, -119.173900, 63.930000 
52.383300, -115.066700, 62.040000 
55.058700, -111.895500, 237.720000 
52.766700, -116.393000, 589.954000 
51.046200, -112.091200, 38.600000 
53.697900, -117.153700, 67.738000 
54.397700, -117.708900, 25.395000 
56.070600, -119.960500, 116.530000 
53.959800, -114.700300, 26.570000 
56.218700, -116.251300, 36.730000 
52.937600, -114.270700, 32.525000 
54.061800, -117.447300, 42.120000 
52.890400, -113.817900, 27.594000 
56.051400, -119.589200, 50.790000 
55.174800, -112.281000, 173.308000 
54.113800, -114.655500, 26.310000 
57.411700, -118.493900, 41.826000 
54.145400, -115.815500, 25.110000 
53.155400, -110.509500, 43.350000 
55.458300, -119.573900, 50.590000 
55.749400, -119.893100, 22.696000 
52.617800, -112.562900, 24.520000 
53.483200, -112.906800, 98.437000 
55.509200, -119.627000, 29.821000 
49.823900, -112.432300, 72.960000 
54.367200, -110.503100, 71.781000 
52.846800, -114.185700, 466.657000 
51.686200, -110.737700, 61.090000 
49.881900, -112.410100, 22.770000 
54.778200, -113.963900, 20.000000 
51.689800, -110.761600, 33.760000 
51.701600, -110.633900, 35.310000 
51.642600, -110.560200, 34.320000 
51.708200, -111.780100, 24.000000 
51.711800, -110.862200, 35.250000 
52.333700, -112.806800, 25.720000 
51.828200, -111.774200, 207.720000 
56.095100, -118.758700, 73.720000 
51.686200, -110.666900, 217.450000 
52.755700, -110.228000, 24.033000 
55.149300, -113.329700, 30.061000 
54.105400, -117.131800, 67.580000 
56.120300, -119.497500, 34.970000 
56.222200, -119.610300, 44.921000 
50.187500, -112.090900, 25.511000 
55.898700, -116.466600, 22.591000 
55.491170, -116.186500, 204.946000 
55.901100, -117.749900, 22.510000 
54.374400, -117.275900, 37.331000 
56.560600, -118.544700, 136.992000 
54.359800, -110.285900, 105.192000 
52.446500, -115.249200, 22.020000 
54.858100, -119.770600, 47.610000 
55.087200, -119.452000, 23.050000 
52.908400, -111.125500, 34.000000 
54.105400, -117.526500, 202.420000 
54.348990, -110.766800, 82.550000 
52.268400, -113.041600, 29.130000 
57.502900, -116.505500, 51.630000 
53.952600, -117.559000, 66.790000 
53.006800, -111.386100, 31.370000 
50.667900, -113.053800, 84.030000 
54.225300, -118.305200, 84.180000 
56.171400, -118.282200, 51.133000 
52.279300, -110.081400, 30.700000 
53.843400, -114.146800, 40.139000 
52.220900, -114.630400, 67.250000 
54.956400, -119.783300, 49.756000 
52.100900, -114.791600, 84.166000 
51.795400, -113.456000, 42.880000 
51.559000, -112.612600, 157.010000 
53.959800, -111.818700, 38.140000 
52.944800, -114.264600, 40.280000 
51.813700, -113.621800, 309.100000 
53.792300, -114.613000, 138.618000 
53.958000, -118.772800, 66.860000 
56.440600, -119.775700, 22.790000 
53.779500, -118.486200, 73.711000 
55.349200, -119.850600, 25.383000 
54.174300, -110.555300, 67.923000 
55.494700, -118.108200, 20.370000 
53.039400, -110.895300, 86.344000 
52.748400, -115.513900, 123.620000 
52.002900, -113.399600, 32.070000 
51.973700, -113.572700, 62.170000 
51.533400, -114.327100, 34.600000 
52.915900, -114.006000, 98.160000 
51.930100, -113.538800, 83.160000 
52.664800, -114.569300, 23.652000 
55.640300, -119.627000, 47.160000 
52.650400, -115.429700, 25.770000 
59.601800, -117.409700, 117.620000 
52.028200, -113.572700, 46.380000 
53.836200, -115.620000, 22.510000 
55.367500, -119.220300, 30.240000 
51.675400, -113.367100, 35.610000 
51.780900, -113.266600, 56.270000 
50.220500, -112.444200, 135.030000 
52.035400, -113.614300, 34.600000 
52.675700, -114.495200, 27.749000 
53.363200, -111.879500, 132.730000 
54.952800, -119.190300, 126.704000 
54.527300, -112.930700, 32.153000 
53.355900, -114.896400, 118.736000 
54.512600, -113.139300, 34.778000 
55.523900, -119.380300, 28.433000 
53.639500, -117.079800, 59.985000 
53.580200, -112.048700, 99.296000 
55.072800, -116.975700, 352.260000 
52.726800, -114.537400, 102.261000 
50.533200, -110.130000, 38.612000 
50.675000, -110.031700, 39.346000 
54.312600, -113.263200, 135.300000 
56.411400, -118.440600, 93.827000 
56.271846, -111.498890, 404.412000 
52.701200, -112.259500, 115.630000 
52.672000, -114.555700, 31.660000 
55.800300, -118.225300, 72.920000 
56.888200, -114.536100, 46.353000 
52.024500, -112.916300, 38.303000 
52.562900, -112.530200, 115.630000 
54.305300, -119.289100, 26.495000 
52.591900, -112.192500, 77.087000 
52.242900, -112.474500, 32.985000 
55.226800, -119.028200, 41.890000 
51.009610, -110.752190, 80.260000 
51.624500, -113.041600, 20.830000 
51.580900, -112.977000, 28.130000 
52.050000, -110.420600, 33.480000 
51.195100, -112.102800, 48.220000 
51.162600, -112.021200, 48.220000 
52.057300, -114.630400, 33.760000 
51.624500, -112.952600, 157.620000 
52.555700, -114.449100, 118.400000 
51.700900, -112.852000, 123.820000 
53.566900, -118.022600, 50.359000 
51.584400, -113.070000, 24.160000 
53.734200, -118.395600, 81.381000 
51.660900, -112.875600, 32.350000 
51.599000, -113.029900, 45.020000 
50.787900, -110.813900, 55.460000 
50.136700, -110.732800, 42.431000 
51.828200, -111.312300, 20.630000 
53.941500, -116.720100, 37.006000 
50.159000, -110.667200, 34.630000 
50.111100, -113.482500, 64.650000 
50.700700, -112.654200, 67.342000 
50.093100, -110.732800, 149.930000 
54.516100, -116.754000, 29.569000 
51.020600, -111.402200, 37.408000 
50.533100, -112.444200, 187.267000 
50.784300, -110.836900, 31.570000 
50.780700, -110.825500, 49.120000 
50.780700, -110.732700, 41.500000 
50.747800, -110.882500, 27.160000 
53.628700, -115.945500, 57.890000 
50.525800, -113.243800, 156.060000 
55.661900, -118.744500, 27.350000 
53.590480, -116.172680, 269.790000 
52.360997, -113.974786, 52.666000 
53.026900, -114.766400, 88.000000 
50.201900, -112.381700, 28.130000 
55.411100, -119.136700, 27.860000 
52.162900, -114.851300, 85.201000 
50.325800, -110.255600, 33.760000 
52.384800, -114.382900, 42.020000 
50.712300, -111.062700, 45.270000 
50.595100, -111.190100, 22.810000 
50.282300, -110.468900, 67.520000 
53.210400, -114.713000, 45.020000 
51.395400, -111.331700, 56.260000 
52.468400, -114.328800, 66.470000 
52.803100, -115.810800, 43.440000 
52.543100, -114.280500, 25.750000 
50.453200, -110.187500, 67.520000 
54.676500, -115.527500, 22.790000 
52.803100, -115.665500, 22.510000 
53.752300, -115.874700, 43.800000 
52.537600, -114.292700, 23.120000 
52.508400, -114.382900, 35.170000 
52.541200, -114.322700, 30.410000 
52.453700, -114.328800, 22.260000 
52.515700, -114.449100, 22.510000 
52.486500, -114.322700, 51.450000 
52.512000, -114.394900, 76.520000 
55.225600, -119.072200, 23.680000 
51.940900, -113.242900, 50.640000 
52.759300, -114.125200, 110.750000 
54.421700, -117.784300, 46.457000 
55.378300, -118.499700, 38.720000 
55.232800, -119.355300, 28.130000 
55.269200, -119.490300, 118.400000 
55.251100, -119.426100, 65.410000 
55.174700, -119.302500, 39.440000 
54.987900, -119.213100, 12.880000 
52.073000, -112.618000, 23.349000 
52.063200, -112.629000, 74.975000 
57.211800, -118.010800, 66.100000 
53.768400, -114.184700, 40.139000 
53.699800, -112.579100, 86.562000 
53.681600, -112.956500, 40.267000 
53.841600, -113.326800, 113.041000 
53.154100, -116.460300, 189.886000 
54.898100, -119.126100, 9.210000 
58.059200, -118.287500, 84.870000 
56.533500, -118.496700, 63.596000 
56.097000, -119.294000, 20.199000 
56.063400, -119.465300, 112.913000 
54.015700, -116.964900, 44.820000 
53.923400, -116.775900, 45.830000 
54.162360, -115.733900, 217.130000 
54.385300, -118.624900, 121.587000 
54.897400, -119.115000, 60.710000 
52.735800, -112.451100, 38.759000 
55.738300, -119.841100, 111.890000 
56.486500, -114.120400, 64.400000 
52.725100, -113.169500, 58.200000 
52.761600, -113.133400, 40.600000 
54.341400, -116.301500, 67.090000 
55.434200, -114.550000, 115.800000 
54.321800, -110.018700, 36.898000 
50.708600, -111.150000, 23.700000 
54.278200, -110.466800, 102.047000 
53.022200, -116.520800, 122.090000 
53.477900, -116.124000, 21.740000 
54.600800, -116.039000, 62.050000 
54.572600, -118.834200, 24.800000 
52.481500, -113.419000, 97.637000 
52.503000, -113.435200, 167.647000 
58.234000, -118.787900, 140.540000 
54.881600, -118.467500, 50.200000 
53.332400, -111.451000, 62.443000 
58.255700, -119.187300, 45.350000 
51.484500, -110.414400, 151.394000 
53.326800, -111.488800, 29.293000 
53.245100, -111.596700, 29.293000 
53.332400, -111.548200, 38.289000 
52.787100, -110.871500, 41.032000 
52.073400, -115.873000, 32.100000 
53.608800, -113.005500, 24.495000 
51.135300, -111.523300, 24.495000 
54.957600, -119.199100, 45.628000 
55.733200, -118.998900, 39.820000 
53.914400, -117.573700, 165.224000 
58.963400, -118.361500, 26.615000 
53.607000, -116.537300, 26.680000 
53.987100, -117.351500, 372.067000 
53.539800, -113.397000, 25.360000 
50.505800, -111.201000, 24.495000 
56.223300, -119.570800, 66.330000 
56.111500, -119.033900, 61.600000 
53.230500, -111.863900, 24.495000 
54.321800, -118.790500, 56.750000 
54.137600, -116.392000, 77.360000 
55.122100, -113.953900, 41.551000 
54.438200, -119.676100, 32.205000 
53.834000, -117.912400, 148.034000 
54.772900, -118.981500, 50.023000 
53.870700, -116.166400, 99.200000 
52.938100, -116.431900, 41.610000 
54.938500, -119.446500, 25.765000 
53.376000, -111.830200, 24.495000 
51.321500, -113.607600, 36.010000 
52.366700, -114.916700, 54.270000 
55.830600, -119.504300, 48.548000 
54.423700, -114.295000, 87.749000 
55.890300, -119.758000, 48.177000 
53.820900, -114.669000, 26.980000 
51.321500, -113.607600, 57.823000 
52.142500, -114.206900, 86.216000 
52.055200, -114.260400, 113.822000 
51.760400, -114.913900, 34.583000 
50.993800, -113.990000, 26.217000 
55.732300, -119.277000, 38.980000 
54.189000, -112.109800, 144.620000 
55.761400, -119.374000, 39.930000 
53.577900, -116.599000, 60.580000 
51.321500, -113.607600, 23.617000 
52.508600, -113.252600, 45.751000 
51.118600, -114.732700, 27.000000 
53.241400, -113.838700, 57.411000 
54.452300, -114.874300, 82.920000 
51.993300, -114.201100, 56.092000 
57.066400, -118.029400, 77.801000 
50.082600, -112.543800, 28.291000 
58.483700, -114.498900, 28.989000 
53.221000, -114.668000, 39.543000 
53.002000, -110.993900, 41.580000 
57.546100, -119.106200, 79.389000 
58.695200, -114.005000, 43.973000 
52.881600, -111.343300, 75.460000 
56.111500, -118.461700, 42.220000 
52.941200, -118.043000, 1104.481000 
52.969200, -116.692500, 389.380000 
52.768800, -112.934000, 35.030000 
52.776000, -112.909800, 64.630000 
54.467700, -115.393000, 24.050000 
53.778100, -117.552900, 20.276000 
54.034500, -117.180900, 42.350000 
55.554200, -119.760200, 63.970000 
54.394600, -113.504300, 63.129000 
50.393900, -111.701000, 38.224000 
52.766800, -114.489100, 109.800000 
53.565200, -111.242600, 91.037000 
51.505300, -112.475000, 31.260000 
50.086100, -110.485500, 26.851000 
53.854300, -117.391200, 368.970000 
52.958200, -114.679900, 38.000000 
56.246400, -119.099000, 22.340000 
54.353900, -114.811100, 84.280000 
49.088900, -112.414800, 25.700000 
50.571300, -112.146100, 63.970000 
51.668900, -111.378300, 43.910000 
54.786900, -119.942200, 58.120000 
54.956600, -119.775000, 164.940000 
55.201500, -119.881400, 112.550000 
51.198900, -114.820200, 4.000000 
53.918400, -117.297000, 124.600000 
52.098800, -112.852000, 46.650000 
56.291700, -111.589500, 21.695000 
53.739800, -117.746500, 60.496000 
52.168300, -113.645300, 26.951000 
53.259600, -115.038200, 34.090000 
59.237200, -119.885800, 62.436000 
52.794000, -114.837100, 126.630000 
50.889400, -114.761800, 321.000000 
52.794000, -114.909400, 46.880000 
52.764900, -114.957500, 456.860000 
53.928900, -111.623300, 78.410000 
55.194800, -111.424400, 208.619000 
52.081000, -113.005200, 26.350000 
50.155700, -114.453300, 93.313000 
52.255600, -113.147400, 23.500000 
52.867000, -116.253100, 268.600000 
52.149900, -114.266600, 20.870000 
52.350000, -110.266700, 99.100000 
51.993700, -113.123700, 93.700000 
51.924800, -113.028100, 92.100000 
51.865500, -112.954700, 81.100000 
52.095600, -113.147400, 72.800000 
50.064300, -112.276400, 46.400000 
52.808600, -116.210200, 32.300000 
52.053700, -113.144700, 61.000000 
52.816700, -110.866700, 60.900000 
53.114200, -115.698700, 165.436000 
52.943400, -116.742600, 195.139000 
50.424600, -112.309800, 52.900000 
52.776400, -114.512200, 52.900000 
52.061200, -113.067400, 44.600000 
53.143200, -116.923400, 62.678000 
54.200600, -111.268800, 25.200000 
54.199700, -119.263700, 25.900000 
53.228300, -114.080000, 20.140000 
54.760100, -113.815800, 195.000000 
52.714500, -114.317100, 33.580000 
58.781600, -118.602700, 578.313000 
52.841500, -116.035500, 59.123000 
51.548800, -113.360000, 35.864000 
51.408300, -112.644400, 26.650000 
51.408300, -112.644400, 39.970000 
51.508900, -113.453800, 51.306000 
51.829100, -112.730500, 116.227000 
52.608500, -114.186200, 99.460000 
54.409100, -118.840300, 35.160000 
54.412200, -110.336100, 35.920000 
49.871200, -112.338900, 163.826000 
50.624800, -111.588500, 75.810000 
54.109000, -117.137900, 60.245000 
52.013800, -111.049300, 22.175000 
52.730400, -114.112900, 123.520000 
54.423700, -119.349700, 40.823000 
55.193600, -113.035100, 62.224000 
53.026800, -116.679700, 40.836000 
50.326300, -110.328500, 86.360000 
50.730600, -112.887200, 25.272000 
51.469900, -110.601100, 27.470000 
51.586300, -110.321000, 41.830000 
50.723300, -112.789100, 32.625000 
51.266200, -110.388100, 23.840000 
52.834200, -114.566000, 29.234000 
50.468200, -110.322500, 45.685000 
53.194200, -116.624900, 114.489000 
55.539600, -118.978900, 29.143000 
54.394600, -118.765600, 126.364000 
54.672900, -114.212800, 12.000000 
55.571800, -112.549600, 23.210000 
54.317700, -116.573000, 95.940000 
53.350600, -114.248600, 28.418000 
52.998000, -116.742600, 91.822000 
52.910700, -116.645900, 29.045000 
49.119100, -113.761500, 81.824000 
52.919400, -113.835000, 138.890000 
52.867000, -116.549200, 136.742000 
53.799800, -116.092200, 158.990000 
52.968900, -116.688300, 254.052000 
51.364000, -110.285900, 22.960000 
52.890400, -113.878500, 47.640000 
53.125000, -116.881000, 144.591000 
53.488400, -117.351700, 42.941000 
52.936200, -116.748600, 41.724000 
52.270200, -114.397100, 24.193000 
52.221800, -114.517800, 24.193000 
53.430200, -117.118100, 49.125000 
53.023200, -116.899000, 209.762000 
55.349000, -112.184100, 40.310000 
51.557200, -113.402600, 40.240000 
52.013700, -112.381800, 25.830000 
52.734900, -114.347100, 167.690000 
57.988500, -118.626100, 33.680000 
58.368300, -118.990000, 369.990000 
52.401200, -114.615400, 28.670000 
52.546700, -115.260600, 64.392000 
58.017600, -119.479100, 260.200000 
52.081000, -113.597900, 26.470000 
53.783400, -112.339300, 47.620000 
52.634000, -114.519800, 28.210000 
51.993700, -113.242300, 20.540000 
52.648500, -114.376400, 43.210000 
50.486700, -112.917000, 47.417000 
52.706700, -112.981000, 20.790000 
50.698800, -110.500100, 36.830000 
52.837700, -114.403500, 35.259000 
50.611500, -112.500700, 28.630000 
52.706700, -113.896400, 30.117000 
53.798000, -114.611000, 25.830000 
51.905300, -112.735300, 530.310000 
51.512500, -112.885000, 33.208000 
53.114100, -115.208200, 87.028000 
53.703000, -117.234900, 96.930000 
53.323600, -116.995400, 70.140000 
51.411700, -113.285800, 22.940000 
52.168300, -114.088900, 74.190000 
52.989300, -114.157900, 78.060000 
50.442900, -111.857300, 166.650000 
52.401200, -114.591500, 24.330000 
55.689500, -115.926900, 40.520000 
52.692200, -113.210800, 61.310000 
51.280800, -112.982300, 20.040000 
52.575800, -115.427900, 23.560000 
51.280800, -112.818900, 39.710000 
55.058800, -110.529900, 136.680000 
53.681100, -117.271900, 60.660000 
53.201400, -112.131000, 41.580000 
55.460700, -119.982500, 255.810000 
58.454100, -119.021300, 22.160000 
54.172300, -118.334400, 31.470000 
51.513600, -110.904600, 27.890000 
50.480500, -111.477900, 20.260000 
53.097500, -113.193900, 76.054000 
56.562600, -119.423800, 44.680000 
55.320300, -118.762000, 76.480000 
53.006700, -116.852800, 53.850000 
53.877000, -114.866300, 22.650000 
52.765200, -114.335000, 74.170000 
53.734300, -117.360400, 53.008000 
50.887900, -110.385200, 168.620000 
52.830300, -116.272200, 268.160000 
50.703800, -111.382000, 37.130000 
51.397200, -112.352000, 23.620000 
55.699600, -115.899600, 44.680000 
54.226700, -117.096600, 21.380000 
54.274100, -115.597000, 35.640000 
55.146900, -119.700500, 20.260000 
55.488600, -119.521000, 25.830000 
52.452000, -114.392900, 24.610000 
54.496400, -116.680500, 21.450000 
54.889300, -118.804200, 45.904000 
54.765200, -118.575500, 34.644000 
52.925000, -114.475800, 136.770000 
50.617400, -111.835800, 43.690000 
54.932900, -118.829500, 34.644000 
54.830200, -118.652600, 160.230000 
50.683000, -111.548000, 43.720000 
52.874300, -110.428000, 54.270000 
54.079700, -118.342700, 32.880000 
54.612800, -116.228500, 84.794000 
55.688600, -115.893200, 44.680000 
52.268100, -113.734000, 24.650000 
55.691100, -117.210200, 45.350000 
53.938500, -113.768300, 35.020000 
54.301700, -118.649900, 91.560000 
52.144900, -111.752000, 31.880000 
54.148900, -118.794300, 222.460000 
54.499400, -111.616700, 30.800000 
50.184300, -110.508300, 22.110000 
52.579500, -114.964100, 27.010000 
50.291300, -112.185500, 91.657000 
54.714300, -118.670000, 23.081000 
51.599900, -115.356900, 116.472000 
53.485200, -111.928200, 56.360000 
56.065900, -116.957700, 54.430000 
52.020900, -112.665300, 38.851000 
54.198400, -119.053700, 352.141000 
52.079200, -112.616700, 38.851000 
52.745300, -112.501600, 23.349000 
51.815100, -115.296600, 160.786000 
56.158700, -111.721800, 29.790000 
53.427000, -112.075100, 131.480000 
56.240800, -111.653100, 29.790000 
55.835800, -114.697100, 76.770000 
55.733200, -119.411300, 261.655000 
49.488900, -113.955100, 553.605000 
55.725100, -119.406300, 105.018000 
57.579200, -119.301800, 40.370000 
50.556100, -114.236300, 137.620000 
52.224800, -113.025700, 96.340000 
52.326700, -113.012700, 44.840000 
53.528800, -111.964900, 97.540000 
53.558600, -113.368000, 227.000000 
52.053700, -112.150800, 33.520000 
56.666700, -111.345100, 324.650000 
50.187900, -112.225200, 21.977000 
54.719800, -113.139500, 96.496000 
52.305600, -113.167100, 43.550000 
54.506800, -116.789100, 44.990000 
53.463300, -111.903700, 24.050000 
51.600900, -111.231500, 218.770000 
53.486800, -114.330700, 82.600000 
55.266800, -112.567900, 85.400000 
53.419700, -111.977100, 42.170000 
52.874300, -110.162700, 83.770000 
53.441500, -111.903700, 35.930000 
53.266900, -111.912400, 74.390000 
52.875700, -111.483300, 45.670000 
52.875700, -111.422500, 295.510000 
53.325100, -111.681700, 55.180000 
53.887000, -116.396900, 48.274000 
51.135900, -114.144900, 83.762000 
52.039300, -111.376500, 61.570000 
56.055100, -115.366500, 28.610000 
55.117900, -112.737900, 33.900000 
53.477900, -111.936300, 268.300000 
53.711900, -117.052500, 35.600000 
53.960500, -112.303900, 22.810000 
52.088200, -115.689400, 79.837000 
49.903900, -111.332300, 49.298000 
56.364200, -119.934300, 169.720000 
55.028400, -112.266100, 27.430000 
56.006700, -118.390800, 27.850000 
51.625300, -111.195200, 29.990000 
54.119800, -116.273100, 234.640000 
53.753700, -114.443000, 20.730000 
53.117300, -110.803900, 40.410000 
52.017400, -112.263700, 43.520000 
52.545700, -114.106000, 178.743000 
55.548100, -118.995000, 23.830000 
51.450600, -110.768700, 61.310000 
53.885300, -117.178700, 22.972000 
58.716000, -119.708200, 27.718000 
50.123200, -112.771000, 75.390000 
50.683000, -112.160000, 52.510000 
52.112000, -112.648500, 35.160000 
50.593000, -111.492000, 67.810000 
53.067000, -115.439900, 35.656000 
54.516700, -119.292000, 42.780000 
54.623400, -118.192200, 26.149000 
51.494600, -110.483500, 39.930000 
55.160200, -118.818400, 28.178000 
51.727200, -113.816900, 24.348000 
51.635300, -115.139200, 147.244000 
55.305000, -118.914200, 34.020000 
52.555900, -113.042600, 21.515000 
51.719000, -112.390100, 142.730000 
52.604900, -113.196300, 139.010000 
51.727500, -113.819000, 24.348000 
52.401200, -113.100700, 36.512000 
49.229200, -114.029100, 418.287000 
53.176000, -115.272300, 110.450000 
54.033400, -117.162900, 24.730000 
53.454300, -117.159800, 143.560000 
51.668100, -115.170400, 6.021000 
58.727600, -111.136400, 163.996000 
54.823200, -117.659000, 36.350000 
55.714000, -115.898300, 74.717000 
54.635300, -119.318300, 51.330000 
51.606100, -115.131800, 9.831000 
51.046900, -114.076500, 24.961000 
51.046900, -114.076500, 55.243000 
56.135000, -119.595800, 89.240000 
55.835100, -112.252100, 21.200000 
57.382700, -118.979400, 251.677000 
54.496000, -116.783700, 31.467000 
53.858600, -112.279100, 24.050000 
55.733200, -119.411300, 105.018000 
54.416100, -119.347500, 50.720000 
55.725100, -119.399500, 261.655000 
52.019700, -114.234100, 57.340000 
52.881600, -116.573400, 169.661000 
52.016500, -114.155100, 39.147000 
53.652000, -116.099200, 54.918000 
52.564700, -112.141400, 9926.000000 
51.039600, -114.559000, 304.000000 
49.789400, -112.126100, 66.100000 
52.308300, -113.550000, 2380.978000 
53.721700, -113.191700, 2665.563000 
51.086700, -114.008800, 21.820000 
54.572300, -115.522900, 1032.160000 
54.179100, -115.806000, 43.932000 
53.727300, -113.087100, 3.820000 
52.940400, -114.832300, 356.420000 
50.845800, -113.586700, 1037.968000 
51.219500, -114.645400, 435.515000 
53.508500, -114.557100, 25786.880000 
53.421300, -113.904400, 293.624000 
53.413300, -117.570600, 850.290000 
57.003300, -111.466100, 10900.890000 
53.448700, -114.449100, 11008.000000 
55.725100, -119.399900, 270.270000 
55.269500, -114.598300, 20.280000 
52.776100, -115.660700, 209.840000 
53.718500, -113.183000, 0.126000 
53.804200, -113.082400, 420.531000 
55.996700, -118.533600, 830.032000 
56.380600, -116.795000, 156.033000 
53.539700, -113.409200, 417.000000 
51.570800, -114.851700, 37.713000 
53.354600, -113.715000, 120.036000 
54.144400, -115.691700, 40.000000 
53.288500, -110.018300, 103.361000 
50.675600, -110.025000, 47.688000 
50.747700, -114.494700, 463.283000 
52.758100, -114.111600, 849.020000 
50.846700, -113.581170, 316.000000 
50.647500, -113.772000, 31.100000 
53.529100, -113.387500, 152.325000 
51.965500, -114.753600, 180.065000 
54.423300, -117.760400, 503.627000 
53.593060, -116.390300, 108.800000 
52.496000, -114.988000, 414.586000 
53.089200, -116.805900, 64.700000 
56.377200, -117.175600, 824.482000 
51.181625, -114.472100, 1.258000 
54.194400, -116.632200, 504.080000 
52.553700, -111.694000, 121.239000 
54.130900, -115.546700, 405.599000 
53.841600, -113.097900, 1196.300000 
53.204500, -116.811200, 120.759000 
53.722900, -113.174000, 1.400000 
50.989700, -113.993800, 12.697000 
53.833100, -113.108900, 19.900000 
53.795900, -113.099600, 802.600000 
53.541700, -113.391700, 1936.203000 
50.086600, -110.716700, 1763.568000 
51.637200, -112.866000, 289.520000 
54.923116, -112.861867, 1380.370000 
53.181200, -115.762500, 390.850000 
51.191300, -113.940900, 1233.543000 
54.007100, -119.104000, 1831.000000 
55.358300, -114.617200, 264.140000 
50.805300, -110.034900, 1617.000000 
52.226300, -115.177000, 624.420000 
53.560000, -114.486200, 3985.960000 
49.713599, -112.796397, 17.611000 
53.587300, -113.363000, 23.160000 
51.022770, -114.027660, 40.527000 
53.952700, -113.078000, 276.234000 
54.596400, -110.395000, 5337.124000 
53.227700, -114.988900, 120.600000 
52.322100, -113.516600, 41.081000 
53.733200, -113.175000, 2183.000000 
51.531700, -111.786100, 10287.000000 
52.463000, -114.346500, 451.050000 
52.033030, -113.938910, 51.415000 
53.245000, -115.674300, 178.090000 
49.305200, -114.000300, 462.000000 
53.572500, -113.360600, 888.912000 
53.746900, -113.164500, 46.630000 
54.952700, -119.195300, 692.444000 
54.833300, -118.646700, 298.076000 
53.733200, -113.486200, 1.248000 
51.742300, -114.134500, 257.832000 
57.040500, -111.619200, 11602.926000 
54.524700, -116.794300, 888.920000 
55.071200, -118.691200, 896.145000 
54.775000, -115.218600, 9.290000 
53.344000, -114.305000, 13635.010000 
53.571700, -113.349800, 234.300000 
52.959300, -115.893800, 838.510000 
52.385800, -113.595000, 16.875000 
52.146300, -115.330000, 327.670000 
51.534800, -114.203700, 207.200000 
53.048100, -113.921000, 2981.800000 
55.335900, -119.223000, 27.330000 
58.500000, -119.416700, 48.170000 
54.402000, -112.553000, 23.320000 
53.937900, -116.660900, 43.920000 
53.740300, -116.622700, 87.066000 
51.099300, -112.639000, 311.970000 
53.472200, -115.100000, 81.770000 
51.813700, -114.536800, 46.268000 
57.361200, -119.754000, 124.070000 
53.767000, -116.751200, 42.973000 
53.006800, -110.995000, 152.760000 
51.878900, -114.666100, 56.086000 
57.879100, -118.418300, 25.960000 
52.046500, -114.588800, 218.034000 
51.935300, -112.079200, 65.920000 
55.125900, -117.838000, 234.190000 
52.119300, -114.684100, 74.979000 
52.058000, -114.908000, 267.050000 
51.890100, -114.495200, 84.226000 
52.581200, -113.971000, 148.182000 
54.829600, -118.647000, 351.690000 
55.480300, -118.952000, 64.730000 
52.450100, -113.682100, 39.979000 
52.126500, -114.650500, 56.104000 
54.288500, -116.978000, 64.170000 
50.817600, -110.448000, 53.140000 
52.122900, -114.403800, 61.504000 
52.453700, -113.634100, 33.850000 
53.862700, -110.639000, 27.400000 
50.693800, -114.330000, 161.410000 
54.961900, -117.297700, 23.600000 
54.560100, -111.770600, 161.610000 
57.188000, -118.248900, 79.620000 
50.751500, -113.079900, 60.710000 
53.470500, -116.496100, 97.000000 
50.716700, -112.983300, 115.670000 
52.355300, -115.332000, 107.920000 
54.094600, -112.306000, 35.570000 
52.824800, -113.824100, 40.240000 
53.531993, -113.364925, 407.350000 
51.444300, -114.527000, 55.690000 
53.244500, -116.238000, 170.780000 
51.068200, -115.136400, 755.643000 
51.400100, -114.034300, 667.869000 
53.635900, -112.019200, 139.770000 
51.015020, -114.026480, 32.187000 
52.843200, -111.722800, 244.040000 
52.970400, -111.689500, 47.110000 
51.943400, -114.736000, 459.910000 
53.607000, -112.592700, 106.930000 
52.755200, -110.747000, 67.900000 
53.537900, -111.785100, 301.710000 
50.187500, -110.476900, 86.370000 
49.975700, -114.130000, 60.440000 
53.010600, -112.810000, 1.394000 
52.719000, -115.708000, 39.320000 
50.205800, -110.476900, 81.860000 
52.246500, -112.444500, 46.690000 
52.255700, -113.886000, 2.126000 
53.645100, -114.130200, 4.840000 
53.960200, -116.460000, 163.820000 
54.483500, -118.100000, 111.530000 
50.194700, -110.479700, 425.740000 
53.757500, -113.149900, 116.703000 
53.601900, -111.628700, 35.770000 
50.704600, -110.844000, 374.770000 
53.057500, -111.097200, 70.630000 
53.152300, -111.076600, 50.010000 
55.814900, -119.365000, 28.240000 
50.697800, -111.531000, 586.770000 
53.431000, -117.540600, 0.432000 
55.450900, -113.923000, 66.560000 
53.550500, -113.358900, 1671.400000 
54.427200, -116.884300, 600.830000 
55.582700, -110.888800, 23.500000 
49.797800, -113.043600, 30.400000 
53.091100, -111.768600, 514.510000 
53.999800, -114.445300, 55.580000 
52.904700, -115.324700, 112.090000 
53.608100, -111.264400, 17.000000 
49.677359, -112.862698, 3.883000 
50.040920, -110.721904, 673.150000 
49.801900, -113.104700, 66.700000 
54.140000, -115.553900, 62.933000 
55.069600, -110.536100, 291.900000 
55.866700, -119.596700, 138.376000 
51.052000, -114.010500, 1.692000 
53.826700, -113.603300, 101.169000 
53.039700, -111.220000, 89.396000 
57.298900, -111.503300, 489.348000 
54.285600, -115.711100, 54.575000 
54.839400, -118.658900, 91.717000 
57.076100, -111.918900, 97.971000 
58.460300, -115.238300, 98.000000 
58.447100, -119.238300, 332.750000 
55.706400, -118.772800, 128.500000 
54.846700, -112.567500, 93.703000 
51.065300, -115.221100, 9.370000 
52.308300, -113.550000, 606.457000 
52.375200, -114.921600, 34.320000 
54.926900, -111.936100, 76.876000 
53.501040, -113.489732, 20.992000 
54.938200, -114.342200, 35.584000 
53.652200, -113.716400, 21.200000 
54.772900, -110.579000, 2129.180000 
52.869000, -115.101000, 607.430000 
50.671900, -110.028900, 31.430000 
53.622800, -115.869400, 20.400000 
53.402700, -117.599300, 67.769000 
50.269600, -112.893800, 286.840000 
50.577200, -111.178100, 259.860000 
51.056600, -115.164300, 236.715000 
53.472878, -113.616936, 2.072000 
55.964900, -117.593500, 48.990000 
53.284200, -110.012400, 46.500000 
50.676800, -110.018000, 42.820000 
54.512600, -111.824500, 136.460000 
50.701100, -111.095600, 238.890000 
55.969400, -117.575600, 178.620000 
53.819400, -113.141900, 125.970000 
52.212400, -113.843700, 37.310000 
52.412900, -114.407600, 52.440000 
51.984500, -114.743800, 20.608000 
53.109200, -114.981300, 21.090000 
53.902300, -115.189300, 40.700000 
51.407800, -113.668300, 272.850000 
53.691700, -113.614400, 51.190000 
53.740700, -113.023100, 927.900000 
51.316900, -113.390300, 72.600000 
50.963300, -112.288300, 229.690000 
54.043500, -117.420000, 257.720000 
54.185400, -116.210400, 603.930000 
57.351700, -111.522200, 732.446000 
51.006900, -113.192800, 148.650000 
51.926500, -114.542700, 83.581000 
49.725300, -112.790000, 0.770000 
54.293100, -116.188300, 208.754000 
52.752900, -114.445400, 103.850000 
53.529649, -113.495611, 2.083000 
53.582200, -113.544400, 0.119000 
53.373100, -116.086000, 519.980000 
53.593600, -113.335600, 153.300000 
51.189400, -113.937800, 82.505000 
52.315900, -113.850000, 33.624000 
52.766100, -114.285600, 26.019000 
50.847000, -113.591000, 187.640000 
52.228400, -114.397700, 788.606000 
53.519600, -113.529000, 146.429000 
53.066500, -117.404800, 75.110000 
53.863100, -113.393900, 19.600000 
51.024500, -114.025000, 32.800000 
58.997900, -118.797500, 37.732000 
53.250200, -115.555500, 176.206000 
59.095900, -118.576100, 70.979000 
59.005100, -119.033200, 66.264000 
52.632000, -112.945400, 55.997000 
52.588400, -113.161800, 27.914000 
52.746800, -112.988000, 118.062000 
57.364000, -119.763000, 190.516000 
57.318100, -119.860100, 34.828000 
57.382500, -119.778400, 66.948000 
53.581600, -113.599100, 1251.310000 
55.876700, -119.301100, 112.600000 
55.116400, -116.712300, 39.588000 
58.555500, -118.915900, 61.961000 
59.117900, -118.654500, 64.870000 
58.943200, -118.916800, 109.939000 
59.165100, -118.725800, 92.042000 
52.144400, -115.535000, 41.240000 
55.489100, -119.750800, 191.490000 
58.975900, -119.118700, 20.857000 
52.199300, -114.564900, 31.570000 
52.544800, -114.641600, 78.484000 
52.319300, -111.477600, 176.468000 
52.395700, -115.188900, 24.611000 
51.955400, -111.845300, 74.831000 
54.588800, -115.862500, 54.641000 
52.220900, -111.937300, 145.989000 
52.480900, -114.870200, 70.954000 
52.235700, -111.788100, 281.879000 
52.180900, -112.647600, 34.117000 
50.583700, -113.871100, 41.443000 
52.549700, -112.579400, 73.764000 
55.040000, -115.475800, 227.793000 
51.893700, -114.400400, 96.850000 
50.597600, -111.881800, 36.686000 
52.449900, -112.566500, 23.395000 
53.796100, -111.941900, 30.568000 
53.557500, -116.547200, 702.360000 
55.396400, -119.599700, 1186.329000 
50.100300, -111.988100, 73.964000 
54.392500, -117.069000, 48.983000 
53.766900, -112.203100, 233.311000 
55.483900, -118.970000, 64.248000 
51.540900, -114.103800, 145.840000 
54.203300, -116.848300, 118.739000 
55.887600, -116.459900, 22.825000 
55.713100, -119.600800, 71.270000 
50.198300, -112.119200, 47.510000 
53.643300, -111.426700, 171.873000 
53.890700, -117.354000, 90.614000 
59.063100, -118.875700, 571.596000 
53.850600, -112.190600, 79.169000 
55.641700, -119.635000, 45.696000 
52.790700, -114.130700, 233.965000 
55.640300, -119.568600, 29.224000 
54.338200, -114.060400, 94.796000 
55.913200, -114.482200, 28.090000 
53.927000, -114.376900, 33.623000 
53.736200, -113.833900, 21.942000 
51.222500, -114.495600, 910.146000 
54.403300, -112.528900, 20.085000 
54.545300, -112.670600, 23.908000 
54.494400, -115.957600, 128.050000 
53.952600, -112.390400, 35.307000 
54.443600, -112.583200, 39.361000 
52.244400, -114.735500, 48.955000 
52.035300, -115.137700, 287.371000 
53.977100, -117.285100, 696.457000 
50.129400, -111.908400, 572.369000 
55.720300, -119.406100, 47.272000 
52.621200, -114.827900, 74.200000 
55.432500, -116.486000, 70.800000 
54.003900, -111.817000, 58.460000 
55.938600, -117.239400, 39.930000 
52.366500, -112.734900, 300.350000 
50.061200, -110.723000, 33.860000 
57.157300, -115.122000, 85.910000 
53.949000, -113.285400, 119.010000 
57.546300, -119.112600, 104.520000 
53.283800, -110.031900, 31.987000 
59.623400, -117.727200, 81.880000 
52.268400, -112.790700, 23.962000 
52.355700, -112.831000, 38.120000 
51.504500, -112.677300, 40.218000 
55.305700, -115.046100, 25.053000 
53.179500, -111.779500, 78.100000 
53.137600, -113.794100, 39.958000 
53.941500, -113.664600, 78.877000 
53.416800, -113.917700, 104.541000 
55.481900, -119.059200, 31.190000 
53.821500, -113.490400, 208.120000 
57.189700, -119.054800, 558.400000 
54.127000, -110.486500, 51.460000 
51.333400, -110.667500, 115.021000 
56.818900, -118.570000, 25.640000 
53.529577, -113.499847, 2.860000 
54.334500, -110.310900, 95.340000 
51.959000, -110.767500, 105.420000 
56.532000, -117.993000, 30.930000 
55.714100, -118.830400, 66.210000 
55.698300, -118.783300, 50.900000 
56.582500, -118.118100, 21.650000 
53.861500, -114.756100, 109.990000 
57.153300, -118.334500, 46.020000 
56.058600, -118.161700, 26.310000 
51.213400, -111.030000, 22.940000 
51.607100, -110.282400, 35.040000 
54.510900, -115.511700, 1244.345000 
49.689200, -112.942000, 82.460000 
56.582500, -118.444700, 24.410000 
51.591800, -110.750000, 53.800000 
52.028200, -110.564700, 64.128000 
51.977300, -110.486900, 55.170000 
54.294500, -114.887800, 31.450000 
52.104400, -110.695000, 347.650000 
50.518700, -111.910900, 22.369000 
50.704300, -111.155300, 478.532000 
52.264500, -110.570500, 53.642000 
54.162500, -112.841800, 192.820000 
52.515700, -113.366300, 47.930000 
50.031100, -112.638100, 34.370000 
54.308900, -113.324700, 25.150000 
50.542200, -112.204700, 148.510000 
50.737400, -112.084900, 172.090000 
52.333700, -111.357300, 124.819000 
52.446500, -111.272700, 198.531000 
52.064500, -111.298700, 27.135000 
52.515700, -113.173800, 1244.947000 
51.977300, -111.173400, 172.826000 
54.650900, -114.528900, 83.912000 
52.366500, -113.191800, 122.740000 
49.871100, -112.913700, 50.675000 
51.526000, -113.880000, 348.505000 
49.628100, -114.571900, 59.146000 
52.450100, -113.167900, 43.993000 
55.494700, -119.289500, 119.364000 
55.041500, -119.631000, 423.005000 
51.890100, -114.359100, 122.650000 
55.891100, -119.798600, 29.169000 
55.029800, -118.744000, 434.391000 
53.725400, -113.193000, 847.390000 
52.326500, -111.128600, 78.197000 
53.719800, -113.596300, 40.350000 
54.238200, -115.379700, 310.100000 
53.104800, -111.556500, 87.188000 
51.488700, -113.153900, 493.300000 
54.290800, -116.918700, 82.020000 
51.300700, -112.042600, 71.776000 
50.977000, -111.683100, 446.484000 
50.838700, -111.520100, 274.813000 
50.922300, -111.391500, 135.698000 
54.785300, -117.658000, 504.970000 
52.286500, -114.123200, 129.852000 
57.299000, -118.228900, 188.831000 
54.796400, -117.658000, 137.053000 
52.166500, -113.256300, 262.753000 
52.457600, -114.419100, 372.789000 
56.204300, -111.715600, 62.430000 
54.229000, -110.348600, 33.070000 
56.091500, -111.817800, 90.620000 
54.116200, -114.856400, 19.940000 
55.991165, -112.032320, 122.260000 
54.359600, -116.152900, 36.080000 
53.155900, -112.326700, 444.600000 
53.072300, -112.400100, 48.580000 
54.432500, -110.306400, 37.710000 
55.074200, -117.274200, 97.899000 
52.366800, -112.136500, 32.840000 
54.298200, -112.824300, 77.750000 
54.345400, -110.025800, 26.010000 
55.869500, -112.001200, 51.970000 
55.225700, -114.493000, 154.290000 
54.101800, -114.292500, 375.510000 
58.194700, -116.350400, 20.703000 
54.218200, -110.712000, 71.850000 
52.327100, -112.718300, 1246.900000 
54.133300, -115.366600, 38.122000 
55.924000, -111.896500, 49.600000 
55.248100, -114.514000, 46.990000 
55.268600, -114.584700, 33.822000 
55.247500, -116.641600, 263.290000 
55.873200, -112.145400, 106.450000 
56.904200, -117.633600, 28.330000 
54.062600, -110.292200, 52.030000 
54.105400, -113.442700, 24.210000 
50.937000, -113.292700, 8.210000 
53.908300, -118.816700, 22.020000 
54.210700, -110.241900, 74.270000 
50.904300, -113.308500, 144.570000 
50.058200, -110.728200, 741.656000 
53.821500, -110.035000, 12.100000 
53.883400, -110.041100, 393.710000 
54.479800, -110.332600, 29.710000 
50.227500, -113.548200, 95.870000 
55.913200, -115.150400, 137.617000 
53.277900, -110.034300, 72.730000 
52.912000, -110.682700, 20.510000 
52.908400, -112.435300, 70.580000 
49.088900, -112.582300, 26.650000 
54.141800, -110.925300, 13.310000 
54.243400, -110.762300, 31.700000 
53.670500, -115.762200, 229.100000 
54.174300, -110.298300, 41.070000 
55.640400, -110.627000, 41.820000 
50.242200, -113.617100, 78.590000 
54.113300, -110.564600, 36.550000 
53.723500, -113.173800, 85.869000 
50.231100, -113.519600, 20.360000 
54.025400, -110.681200, 161.690000 
50.151100, -113.562100, 14.490000 
54.056020, -110.357560, 40.620000 
57.218000, -111.027000, 24.930000 
51.649800, -110.187200, 250.760000 
58.518800, -117.119500, 108.580000 
51.915300, -113.578100, 224.462000 
52.373700, -114.076000, 79.540000 
52.083200, -112.207800, 21.390000 
52.322800, -114.020800, 51.350000 
54.139800, -115.689100, 15.200000 
52.104500, -113.077400, 95.560000 
52.923100, -111.882500, 27.230000 
52.322800, -114.020800, 279.480000 
52.308200, -114.096500, 79.540000 
52.926800, -111.889500, 197.140000 
53.799100, -113.080700, 171.798000 
51.058900, -115.174500, 3423.000000 
52.592000, -113.967900, 79.300000 
51.209800, -110.161100, 177.640000 
52.479300, -115.206900, 394.600000 
54.658200, -111.622300, 46.890000 
58.501200, -117.145600, 4.500000 
50.059200, -112.039500, 26.341000 
54.687300, -111.944600, 87.190000 
55.931200, -112.047000, 126.620000 
54.587200, -112.803100, 11.700000 
58.568700, -119.201500, 215.060000 
55.985900, -119.955800, 40.550000 
51.213400, -110.336100, 24.340000 
55.767500, -119.588100, 40.028000 
54.138100, -111.908300, 208.471000 
53.817200, -113.133600, 23.813000 
51.696900, -114.475000, 1142.940000 
55.199400, -116.221900, 67.300000 
52.774000, -113.520700, 116.320000 
52.402900, -111.736200, 204.340000 
52.861200, -113.539100, 5.250000 
52.857600, -113.320700, 24.160000 
52.719300, -113.617900, 108.890000 
54.897200, -117.708800, 303.120000 
55.858700, -113.841400, 105.720000 
52.779800, -113.629900, 120.860000 
52.923200, -115.107500, 347.570000 
55.644000, -114.659700, 486.990000 
55.513100, -113.475000, 218.350000 
54.284800, -115.698000, 222.100000 
51.770100, -111.422000, 120.270000 
55.993500, -113.480500, 42.811000 
52.872000, -113.629900, 126.280000 
52.868400, -113.666300, 70.860000 
53.132300, -115.981700, 79.444000 
56.036800, -113.782500, 139.080000 
52.734000, -113.162900, 128.500000 
52.555700, -111.805300, 141.990000 
53.345100, -114.743600, 185.480000 
52.402900, -111.844500, 37.000000 
