54.775000, -115.218600, 0.001925 
53.560000, -114.486200, 0.000106 
53.344000, -114.305000, 0.003033 
54.007100, -119.104000, 0.000303 
56.377200, -117.175600, 0.000002 
54.923116, -112.861867, 0.000003 
53.733200, -113.175000, 0.000471 
53.508500, -114.557100, 0.000719 
55.071200, -118.691200, 0.000002 
53.448700, -114.449100, 0.000269 
53.529100, -113.387500, 0.000040 
53.581600, -113.599100, 0.000013 
50.848000, -113.581300, 0.000000 
51.058900, -115.174500, 0.000014 
56.904200, -117.633600, 0.000000 
