55.309200, -119.205800, 0.001000 
53.866900, -110.644900, 0.422000 
53.574200, -116.646900, 0.001000 
53.388600, -115.315800, 0.520000 
56.215000, -110.968100, 0.131000 
59.641800, -118.307800, 0.199000 
53.024700, -115.531100, 0.100000 
52.696100, -114.863800, 0.015000 
49.449200, -111.616700, 0.090000 
49.372800, -110.672500, 0.009000 
52.309150, -113.809970, 0.019000 
52.292200, -113.816900, 0.861000 
53.288900, -110.012000, 4.690000 
54.572300, -115.522900, 1.960000 
54.524700, -116.794300, 1.518000 
53.559400, -113.597500, 4.058000 
51.965500, -114.753600, 2.026000 
52.959300, -115.893800, 1.223000 
49.720100, -112.781900, 17.590000 
51.637200, -112.866000, 0.757000 
53.181200, -115.762500, 1.239000 
57.040500, -111.619200, 501.461000 
53.952700, -113.078000, 0.641000 
49.305200, -114.000300, 1.580000 
54.596400, -110.395000, 0.374000 
53.048100, -113.921000, 3.684000 
51.570800, -114.851700, 0.224000 
55.996700, -118.533600, 0.061000 
52.146300, -115.330000, 2.970000 
53.245000, -115.674300, 0.853000 
53.652000, -116.099200, 2.248000 
52.758100, -114.111600, 0.284000 
53.541700, -113.391700, 9.374000 
53.288500, -110.018300, 1.212000 
52.308300, -113.550000, 1.907000 
54.194400, -116.632200, 3.567000 
55.358300, -114.617200, 0.094000 
54.833300, -118.646700, 0.612000 
53.746900, -113.164500, 0.394000 
56.380600, -116.795000, 0.354000 
55.725100, -119.399900, 0.293000 
52.226300, -115.177000, 1.090000 
53.795900, -113.099600, 6.798000 
50.747700, -114.494700, 0.286000 
50.983000, -113.988400, 39.700000 
53.804200, -113.082400, 0.039000 
53.570000, -113.611400, 0.020000 
51.534800, -114.203700, 0.345000 
53.546800, -113.734800, 2.362000 
50.982200, -113.974200, 0.041000 
57.003300, -111.466100, 210.720000 
52.776100, -115.660700, 1.365000 
54.952700, -119.195300, 3.288000 
52.553700, -111.694000, 0.290000 
50.647500, -113.772000, 0.010000 
51.191300, -113.940900, 0.214000 
52.656700, -111.311900, 0.005000 
54.420500, -110.213100, 0.031000 
52.035300, -115.137700, 1.438000 
52.674300, -111.311600, 0.491000 
53.170200, -114.975000, 0.007000 
52.172000, -114.599000, 0.002000 
53.498700, -113.383100, 0.007000 
51.000700, -113.965670, 2.430000 
55.993500, -113.480500, 0.061000 
53.817200, -113.133600, 0.028000 
54.510900, -115.511700, 1.021000 
53.557500, -116.547200, 0.114000 
54.427200, -116.884300, 1.923000 
53.286400, -110.017800, 0.005000 
53.616600, -115.711100, 0.040000 
53.340200, -113.538100, 0.462000 
51.915300, -113.578100, 0.236000 
58.555500, -118.915900, 0.526000 
51.005290, -114.058570, 0.700000 
55.069600, -110.536100, 0.209000 
53.740700, -113.023100, 0.549000 
51.001700, -113.994000, 11.030000 
53.527200, -113.354800, 0.493000 
50.959200, -113.981200, 0.354000 
53.373100, -116.086000, 0.980000 
57.546300, -119.112600, 0.191000 
53.902300, -115.189300, 1.670000 
49.628100, -114.571900, 0.046000 
54.588800, -115.862500, 0.014000 
51.078650, -114.017660, 0.500000 
50.543800, -111.795000, 0.002000 
52.869000, -115.101000, 0.983000 
55.489100, -119.750800, 0.009000 
53.550690, -113.349600, 5.234000 
53.250200, -115.555500, 0.317000 
52.904700, -115.324700, 1.297000 
53.745000, -110.810800, 0.004000 
53.670500, -115.762200, 0.125000 
55.041500, -119.631000, 1.100000 
55.199400, -116.221900, 0.003000 
53.091100, -111.768600, 0.061000 
55.074200, -117.274200, 0.090000 
56.981400, -111.475800, 0.270000 
50.963600, -113.976680, 1.416000 
53.282300, -113.542000, 0.002000 
54.284800, -115.698000, 1.028000 
57.054200, -111.917200, 0.039000 
55.393100, -110.738300, 0.002000 
53.543100, -117.797900, 0.465000 
52.588100, -111.206100, 0.012000 
53.550500, -113.358900, 19.624000 
51.526000, -113.880000, 1.748000 
53.531993, -113.364925, 0.258000 
53.221200, -114.993900, 0.004000 
53.022700, -112.811400, 15.700000 
54.772900, -110.579000, 0.639000 
53.530040, -113.402010, 1.665000 
51.696900, -114.475000, 0.759000 
54.185400, -116.210400, 0.301000 
53.544400, -113.366200, 0.070000 
