57.003300, -111.466100, 20.280000 
53.288500, -110.018300, 3.477000 
51.965500, -114.753600, 247.343000 
52.226300, -115.177000, 49.160000 
53.204500, -116.811200, 220.078000 
52.758100, -114.111600, 9.343000 
51.534800, -114.203700, 28.849000 
52.146300, -115.330000, 162.900000 
51.219500, -114.645400, 17.110000 
49.305200, -114.000300, 35.520000 
53.746900, -113.164500, 1.644000 
51.570800, -114.851700, 104.779000 
51.039600, -114.559000, 187.000000 
51.742300, -114.134500, 43.776000 
53.181200, -115.762500, 21.529000 
51.191300, -113.940900, 97.174000 
54.194400, -116.632200, 309.340000 
54.923116, -112.861867, 1.820000 
57.040500, -111.619200, 38.449000 
55.725100, -119.399900, 10.391000 
50.747700, -114.494700, 78.323000 
53.557500, -116.547200, 32.924000 
51.526000, -113.880000, 22.754000 
54.427200, -116.884300, 99.700000 
57.546300, -119.112600, 0.598000 
54.185400, -116.210400, 68.580000 
