55.733100, -118.462000, 8.900000 
51.191300, -113.940900, 4.777000 
53.048100, -113.921000, 24.410000 
50.845800, -113.586700, 4.820000 
55.269500, -114.598300, 18.400000 
53.582300, -113.588600, 5.012000 
54.923116, -112.861867, 5.930000 
53.804200, -113.082400, 0.514000 
53.227700, -114.988900, 85.900000 
53.593060, -116.390300, 78.100000 
50.086600, -110.716700, 6.907000 
53.571700, -113.349800, 8.029000 
58.501200, -117.145600, 25.000000 
55.029800, -118.744000, 28.872000 
59.063100, -118.875700, 14.175000 
52.228400, -114.397700, 1.604000 
54.238200, -115.379700, 107.800000 
55.432500, -116.486000, 65.100000 
