51.042300, -112.254500, 29.340000 
50.707900, -112.353400, 96.050000 
50.849500, -112.411200, 25.710000 
50.893400, -112.174000, 178.160000 
50.867900, -111.936700, 126.810000 
51.213400, -113.257700, 76.550000 
50.238300, -111.939500, 24.130000 
51.359000, -113.352900, 65.270000 
51.075100, -112.231200, 28.190000 
51.042300, -113.001000, 22.570000 
51.402400, -112.918100, 142.660000 
51.424300, -112.994500, 33.300000 
51.177600, -112.785100, 22.880000 
50.859000, -112.255100, 25.920000 
51.013400, -112.907600, 39.810000 
50.842300, -112.463400, 138.390000 
51.151500, -112.703700, 29.970000 
50.700700, -112.110300, 59.330000 
51.122600, -113.164300, 33.460000 
51.420600, -113.052500, 31.300000 
51.264300, -113.403500, 57.400000 
51.377000, -113.041600, 33.300000 
50.860700, -112.035100, 90.580000 
50.296700, -111.566200, 66.600000 
50.675000, -111.762200, 198.400000 
50.802300, -111.902000, 224.380000 
50.656800, -111.410100, 119.290000 
50.751500, -112.237600, 21.910000 
51.006200, -113.176000, 66.500000 
50.278300, -111.468400, 322.430000 
50.485900, -111.451200, 225.250000 
50.635100, -112.237600, 59.050000 
51.380700, -113.229600, 92.360000 
50.671500, -111.695300, 126.390000 
51.129700, -114.767900, 70.220000 
50.977000, -112.242800, 136.840000 
51.322600, -112.918100, 44.710000 
50.929800, -112.458700, 34.000000 
51.020700, -112.948400, 139.890000 
50.795100, -112.017800, 242.720000 
51.147800, -112.621100, 38.360000 
50.485900, -112.014200, 39.740000 
51.118700, -112.505300, 28.170000 
50.627900, -111.965600, 124.920000 
50.809500, -111.693700, 142.150000 
50.765900, -111.948400, 65.320000 
50.536800, -112.031500, 41.680000 
50.889400, -113.406800, 181.910000 
50.711500, -112.394000, 420.670000 
51.319000, -112.965100, 33.300000 
50.438700, -111.284800, 652.380000 
51.217000, -112.977600, 27.370000 
51.177000, -113.438500, 58.780000 
51.060700, -112.412000, 31.440000 
50.289400, -112.007500, 258.100000 
50.940700, -112.371200, 25.150000 
51.239000, -113.164300, 20.450000 
51.322600, -112.542000, 42.470000 
50.649500, -112.347600, 21.520000 
50.835100, -112.538700, 31.780000 
51.406200, -112.347600, 49.980000 
51.304300, -112.653700, 98.700000 
51.402600, -113.247400, 194.130000 
50.998700, -112.464500, 99.770000 
50.755100, -111.786200, 42.540000 
51.307900, -112.712600, 34.580000 
51.380700, -112.900600, 52.820000 
50.915100, -112.451700, 716.550000 
51.279000, -113.065200, 37.060000 
51.078700, -113.537700, 21.830000 
51.217000, -113.977700, 118.940000 
50.984300, -113.444300, 221.300000 
51.126200, -112.359500, 205.480000 
51.075100, -113.409300, 172.060000 
52.064400, -114.271400, 23.460000 
54.439300, -119.655000, 33.540000 
54.130600, -119.218900, 75.250000 
52.999100, -112.971000, 29.060000 
53.610600, -117.695900, 39.050000 
50.805800, -111.507500, 53.360000 
52.703800, -114.572500, 30.040000 
52.747000, -115.255600, 36.160000 
53.013900, -116.258600, 21.860000 
51.180450, -113.937280, 98.661000 
57.702900, -114.066100, 25.140000 
50.718600, -111.322200, 60.142000 
56.917300, -112.960700, 70.289000 
54.459900, -119.717000, 112.060000 
53.499300, -116.805300, 233.036000 
55.069400, -113.313900, 37.782000 
51.065100, -114.130500, 24.542000 
49.725600, -113.397600, 53.920000 
49.958300, -113.556600, 25.800000 
49.616400, -112.472000, 68.050000 
53.909800, -115.787800, 36.140000 
53.625000, -117.782300, 22.140000 
49.794700, -111.198100, 21.150000 
57.004500, -113.188600, 60.705000 
56.036700, -119.641700, 29.340000 
54.985600, -119.828100, 26.690000 
54.887200, -119.828100, 47.410000 
53.035900, -111.403600, 65.010000 
53.076000, -111.299800, 45.570000 
55.891800, -111.717900, 32.048000 
55.949600, -110.624000, 23.608000 
54.494400, -118.198900, 48.242000 
55.631500, -112.189600, 50.205000 
55.688200, -113.897000, 29.400000 
55.862600, -119.715000, 20.077000 
53.770600, -117.601400, 40.102000 
55.125000, -111.690600, 28.635000 
54.760400, -113.959500, 34.007000 
54.702500, -112.900400, 22.849000 
53.215900, -116.497000, 52.090000 
55.843900, -111.090000, 22.161000 
54.447400, -117.523700, 26.361000 
56.135000, -113.028300, 33.002000 
54.419600, -117.293100, 20.524000 
55.884400, -113.291000, 32.903000 
57.485900, -113.793100, 54.546000 
50.940600, -111.880600, 35.030000 
54.816000, -118.715600, 31.605000 
54.612500, -118.214300, 97.551000 
53.997000, -111.569200, 214.840000 
51.254200, -110.402700, 75.700000 
53.374300, -114.232100, 44.994000 
49.521900, -112.859000, 55.360000 
50.220300, -112.444200, 148.260000 
51.413400, -111.766500, 29.130000 
56.069400, -118.247000, 49.420000 
51.897200, -115.040200, 41.872000 
52.064400, -115.131800, 29.034000 
52.090000, -115.161600, 30.188000 
51.948100, -115.081600, 26.644000 
53.385100, -114.324300, 31.812000 
51.919000, -114.394600, 28.201000 
52.068200, -114.546800, 37.082000 
51.911800, -114.512900, 28.298000 
55.887500, -119.098100, 31.337000 
51.937300, -111.099200, 31.190000 
51.002300, -112.394500, 31.480000 
51.425100, -110.513800, 70.358000 
56.836900, -118.278100, 43.130000 
51.235400, -113.088500, 28.740000 
56.982800, -118.305800, 156.470000 
50.987900, -111.741500, 47.190000 
56.506100, -117.982800, 140.050000 
56.727900, -116.305700, 201.400000 
56.691400, -118.771700, 79.480000 
56.622500, -118.558100, 20.050000 
51.351800, -111.196500, 74.550000 
54.043400, -110.619200, 41.610000 
49.576400, -112.919200, 71.430000 
49.303600, -110.576900, 30.454000 
54.720000, -119.110600, 12.052000 
54.607200, -119.332000, 53.633000 
54.829200, -119.668600, 40.622000 
54.796400, -119.439200, 21.746000 
53.159500, -114.902800, 48.073000 
55.585600, -117.891600, 201.874000 
55.509300, -114.146900, 48.288000 
54.800000, -119.775600, 34.492000 
52.708400, -115.428900, 65.000000 
54.025400, -117.018400, 38.960000 
53.614300, -116.956500, 34.920000 
54.099600, -117.535500, 31.960000 
52.814000, -114.786000, 23.680000 
53.103200, -115.363400, 75.870000 
52.184500, -114.737900, 30.680000 
52.544800, -114.545200, 22.190000 
54.207000, -117.169300, 32.785000 
57.193700, -118.199700, 46.094000 
57.346400, -118.350000, 22.096000 
57.338900, -119.657100, 166.167000 
53.912600, -116.745100, 32.981000 
51.828100, -114.980700, 27.853000 
55.352900, -110.627800, 157.692000 
54.436200, -111.205100, 53.513000 
55.691200, -111.275900, 572.384000 
55.396500, -110.737300, 73.346000 
57.113400, -118.058600, 33.778000 
51.878900, -115.093200, 62.496000 
55.713800, -111.263100, 52.267000 
57.338900, -118.460000, 83.080000 
57.393600, -118.555300, 24.919000 
57.502800, -118.745700, 44.173000 
55.651800, -111.084400, 292.588000 
55.883900, -117.462000, 52.347000 
56.930900, -115.252200, 173.471000 
53.583000, -116.842000, 569.612000 
55.666900, -117.761600, 10.826000 
52.366300, -114.963000, 151.344000 
52.260500, -113.816600, 204.125000 
55.432800, -118.041700, 68.472000 
54.388400, -110.949300, 68.232000 
55.917500, -119.835200, 29.036000 
55.640300, -118.502800, 40.320000 
53.193400, -110.863100, 43.297000 
49.729200, -114.427200, 94.457000 
55.145600, -114.118900, 26.013000 
55.800300, -117.813800, 60.355000 
52.197100, -114.367700, 39.520000 
52.193500, -112.771900, 26.100000 
52.265500, -114.517800, 66.700000 
52.851400, -114.046900, 100.790000 
51.493300, -111.201400, 108.100000 
52.337200, -115.123200, 25.670000 
52.743400, -114.113400, 59.980000 
51.552600, -111.632500, 106.750000 
50.656900, -112.607200, 74.120000 
52.083000, -114.649300, 20.410000 
57.066100, -114.777500, 25.870000 
55.519900, -119.349500, 96.210000 
57.295300, -115.546100, 257.160000 
52.707000, -114.137500, 81.530000 
53.216900, -116.358700, 133.650000 
53.825000, -115.556700, 231.280000 
52.544700, -111.121700, 34.590000 
56.098600, -119.288100, 41.400000 
55.862200, -119.589200, 49.300000 
52.090700, -112.766700, 65.100000 
55.945800, -119.805300, 45.900000 
53.337800, -111.243900, 47.087000 
53.017500, -112.191400, 25.393000 
50.294200, -110.593500, 22.581000 
50.336700, -110.135000, 26.950000 
56.281800, -119.166800, 30.632000 
50.980700, -113.216800, 44.890000 
51.037000, -113.196300, 39.810000 
50.965900, -113.030200, 50.820000 
50.202700, -110.661300, 33.561000 
50.969800, -112.855100, 40.020000 
50.955100, -112.697800, 39.810000 
55.943900, -119.923100, 12.800000 
50.995000, -112.801700, 46.240000 
52.238900, -112.399300, 30.920000 
55.769300, -118.567800, 28.582000 
57.303800, -114.973000, 53.368000 
54.348900, -119.463300, 47.306000 
51.319000, -111.684200, 49.780000 
51.391800, -114.203500, 121.454000 
51.495900, -114.210100, 219.113000 
50.165300, -110.666200, 21.768000 
54.033400, -117.756900, 116.894000 
56.347100, -119.190500, 57.382000 
52.140800, -112.157200, 62.800000 
53.277000, -110.481000, 43.035000 
53.574200, -116.646900, 92.330000 
54.387000, -116.966700, 118.670000 
58.601100, -118.787200, 75.870000 
55.258300, -114.588300, 64.710000 
52.050100, -112.728300, 86.850000 
54.974300, -117.285800, 85.070000 
54.416000, -115.636200, 53.210000 
51.281700, -113.428000, 41.417000 
54.944400, -118.828100, 34.185000 
51.225200, -113.612600, 25.306000 
51.691800, -112.224000, 22.536000 
51.315900, -113.428500, 41.960000 
53.714300, -110.747300, 23.781000 
50.191900, -111.301800, 29.121000 
56.622700, -119.946500, 76.625000 
50.511400, -111.289400, 88.401000 
56.199000, -110.675100, 38.549000 
54.528700, -117.464200, 22.208000 
53.024700, -115.531100, 88.760000 
55.309200, -119.205800, 151.390000 
51.665300, -112.323200, 59.517000 
54.410900, -112.260400, 27.979000 
51.468100, -112.688100, 21.823000 
51.468800, -112.609800, 22.860000 
51.496900, -112.570600, 21.823000 
51.460600, -112.652800, 95.855000 
54.156100, -112.008600, 39.867000 
50.704200, -111.160300, 98.000000 
50.576700, -112.630300, 159.120000 
50.653300, -111.166100, 95.150000 
52.926700, -113.998900, 309.330000 
53.388600, -115.285000, 22.200000 
53.706600, -115.976300, 164.440000 
51.637100, -112.865800, 317.140000 
52.358000, -114.324100, 51.060000 
50.957700, -113.714500, 29.880000 
51.176900, -112.055300, 352.160000 
51.552500, -111.490600, 194.970000 
51.024500, -111.642800, 173.730000 
51.915100, -113.373700, 41.770000 
54.350500, -116.766800, 39.241000 
55.596700, -118.275600, 34.825000 
49.684600, -112.814600, 33.000000 
54.541800, -117.884100, 32.693000 
53.388600, -115.315800, 36.270000 
55.265600, -114.601400, 34.030000 
50.609400, -113.706700, 25.450000 
50.443500, -113.952200, 35.890000 
55.698000, -118.137100, 109.460000 
50.006500, -114.146000, 67.600000 
55.676700, -118.158900, 36.180000 
51.531300, -113.276300, 59.834000 
50.453200, -110.204700, 87.163000 
50.318700, -111.261700, 148.365000 
51.642600, -113.337700, 56.944000 
54.967500, -119.131600, 25.596000 
51.359000, -112.360100, 27.179000 
53.374300, -114.527900, 36.205000 
50.362200, -110.509100, 62.584000 
50.817000, -113.100200, 62.256000 
58.692300, -118.796500, 29.749000 
50.507600, -110.325200, 64.258000 
50.282400, -110.468900, 239.450000 
52.908400, -114.088800, 50.930000 
52.439300, -115.044700, 37.907000 
52.461400, -114.346900, 325.382000 
58.768700, -118.739800, 23.930000 
50.267600, -111.330600, 112.737000 
53.134000, -115.678900, 54.742000 
50.591500, -111.780300, 65.980000 
50.078300, -110.419700, 53.190000 
52.541200, -115.170800, 90.575000 
50.325800, -110.255600, 66.790000 
53.148700, -115.746100, 69.988000 
57.004500, -113.047100, 23.898000 
53.937900, -116.900400, 36.979000 
57.106200, -112.252700, 27.508000 
57.134500, -113.765100, 73.159000 
53.876200, -117.149000, 33.013000 
50.715500, -110.953700, 39.059000 
53.228700, -115.104400, 317.720000 
53.981500, -116.999800, 38.118000 
52.696000, -111.198200, 24.853000 
53.585100, -117.209300, 20.152000 
51.038600, -111.864000, 48.541000 
57.851600, -119.158100, 43.130000 
51.122600, -112.149500, 30.517000 
51.046200, -112.044500, 106.194000 
50.835100, -112.799000, 33.552000 
50.707900, -113.221600, 164.397000 
50.307500, -110.502500, 178.688000 
57.888400, -118.608700, 16.032000 
50.755100, -110.310200, 51.061000 
50.565900, -110.210200, 22.513000 
49.958300, -111.030000, 50.569000 
51.042300, -111.298100, 20.505000 
53.752300, -117.099300, 321.530000 
52.599300, -113.083800, 47.310000 
53.199500, -112.999300, 101.790000 
52.966800, -111.131600, 124.867000 
54.223000, -113.478600, 144.380000 
53.032300, -111.293600, 36.319000 
54.203300, -116.501500, 50.140000 
50.311200, -110.296600, 30.710000 
50.631500, -111.022200, 65.690000 
50.314700, -111.968400, 95.160000 
50.758700, -111.641500, 31.600000 
56.178700, -112.786300, 64.780000 
52.755700, -113.939100, 84.820000 
52.424800, -110.364700, 61.120000 
52.020900, -112.402800, 54.990000 
51.915400, -111.744500, 34.400000 
53.130400, -112.834300, 142.600000 
51.766200, -111.963700, 24.250000 
58.695900, -118.782300, 23.930000 
53.163100, -117.017800, 294.259000 
52.570100, -114.533200, 110.240000 
55.619600, -119.503300, 88.030000 
53.064700, -116.436900, 80.766000 
50.922300, -112.003700, 39.260000 
58.732300, -118.845900, 23.930000 
58.732300, -118.831800, 23.930000 
53.021100, -116.363600, 23.395000 
57.042500, -111.905000, 126.537000 
51.806100, -114.998500, 37.122000 
50.853400, -113.464600, 22.523000 
50.889600, -113.406800, 75.144000 
53.054000, -110.787500, 36.200000 
51.773600, -114.874300, 24.837000 
51.377000, -114.814600, 30.258000 
58.703200, -118.775400, 23.930000 
54.581700, -115.982900, 34.430000 
52.806800, -114.640400, 123.243000 
58.739500, -118.824800, 23.930000 
52.610400, -114.821800, 34.916000 
52.042900, -114.588800, 27.660000 
53.192300, -115.293900, 24.534000 
50.485900, -111.702200, 44.180000 
50.689500, -111.554800, 21.798000 
53.392300, -115.316900, 69.260000 
52.886800, -111.022500, 30.830000 
53.279500, -114.774200, 48.255000 
59.641800, -118.307800, 105.706000 
53.392300, -115.310800, 30.070000 
50.897000, -111.693700, 42.194000 
52.806700, -116.210000, 30.700000 
52.493600, -115.935000, 20.700000 
53.035900, -110.994100, 35.450000 
52.936200, -114.160900, 42.162000 
52.890400, -114.865000, 37.074000 
55.683900, -119.393300, 27.590000 
52.759300, -115.531900, 95.330000 
54.436100, -118.743800, 20.600000 
58.081200, -117.828800, 54.518000 
53.090400, -115.245000, 35.773000 
53.026900, -114.766400, 17.840000 
52.543100, -114.280500, 22.020000 
50.427600, -112.462300, 23.800000 
53.181200, -114.486800, 35.547000 
53.213700, -114.714000, 46.640000 
53.254000, -114.437900, 39.544000 
51.529900, -112.136700, 25.380000 
53.561500, -116.577900, 4271.241000 
50.707900, -110.813900, 269.984000 
57.877200, -119.740900, 268.112000 
54.232500, -116.611500, 20.913000 
54.363300, -116.624000, 27.017000 
49.652800, -111.231900, 59.816000 
52.111800, -112.731200, 20.870000 
54.792900, -115.521700, 24.450000 
54.541800, -110.408400, 28.060000 
56.313200, -111.636200, 35.790000 
51.813600, -112.454200, 31.575000 
55.432900, -111.219800, 39.805000 
54.418100, -116.362000, 36.544000 
52.079300, -111.012200, 206.129000 
50.299100, -112.185400, 27.764000 
50.337100, -111.513600, 24.200000 
54.439700, -119.085300, 37.400000 
58.305400, -118.888000, 37.729000 
52.130100, -110.099100, 30.690000 
56.276930, -119.875770, 25.647000 
53.479400, -115.130800, 26.718000 
52.446500, -114.671600, 24.162000 
53.727000, -115.607500, 19.090000 
53.825100, -116.396900, 41.600000 
57.200900, -112.905700, 194.339000 
55.574700, -118.815800, 167.876000 
56.498700, -112.481600, 23.232000 
51.708200, -114.388800, 201.108000 
56.833400, -113.112100, 68.867000 
52.650400, -115.080800, 131.627000 
55.847500, -111.358600, 27.432000 
51.762600, -110.139700, 38.569000 
50.522300, -111.652300, 25.519000 
52.435700, -113.390400, 407.802000 
53.052300, -113.692600, 46.680000 
52.326500, -114.515200, 40.485000 
55.433300, -116.483200, 144.000000 
54.963600, -117.670700, 88.372000 
56.233200, -113.896400, 59.600000 
53.054000, -114.933300, 299.206000 
58.110400, -118.115600, 45.300000 
53.315900, -114.982200, 68.396000 
51.388100, -110.772500, 98.080000 
50.693200, -113.672900, 115.210000 
56.335100, -113.592500, 13.070000 
49.569200, -112.149200, 22.300000 
54.505300, -116.450600, 24.028000 
55.385700, -113.001600, 40.900000 
58.550400, -117.426700, 29.400000 
52.941600, -114.418200, 31.651000 
59.601800, -117.409700, 53.890000 
55.997300, -111.352400, 24.311000 
53.428700, -115.125800, 49.999000 
51.635400, -112.792600, 20.100000 
57.186200, -118.003300, 17.326000 
51.093400, -112.820100, 43.200000 
53.010400, -110.731400, 30.634000 
53.170400, -114.884200, 24.006000 
51.209800, -113.141000, 82.280000 
52.362900, -113.534900, 53.630000 
52.584630, -114.366953, 35.574000 
55.996800, -110.822600, 37.015000 
51.871800, -112.887600, 39.300000 
57.240900, -112.620700, 63.720000 
57.251800, -112.498500, 294.710000 
50.165900, -110.089100, 69.875000 
57.840900, -117.867800, 75.290000 
57.266800, -114.892000, 42.372000 
55.472800, -119.127200, 196.610000 
57.931900, -117.835000, 368.040000 
57.226200, -112.464600, 29.260000 
52.588400, -113.956000, 54.850000 
51.409800, -113.094600, 64.620000 
57.542900, -112.226600, 23.770000 
50.740700, -112.324500, 82.840000 
57.808400, -118.093900, 82.210000 
58.081200, -117.635600, 498.400000 
58.248400, -117.455300, 21.050000 
52.766800, -115.362200, 95.730000 
49.758300, -110.479100, 185.170000 
55.294800, -110.660100, 21.470000 
55.305700, -113.715500, 75.515000 
58.164800, -117.427500, 20.340000 
55.847900, -111.359500, 166.580000 
50.573100, -111.177500, 379.680000 
52.574000, -115.393600, 74.880000 
55.294800, -110.795100, 637.760000 
52.701200, -115.392500, 24.910000 
50.223900, -110.761900, 1121.100000 
50.223900, -110.899700, 91.140000 
50.583900, -113.302700, 70.130000 
54.370800, -116.874800, 28.200000 
50.700600, -110.772500, 270.590000 
50.187600, -111.167000, 122.450000 
54.538100, -119.066400, 25.470000 
51.581600, -113.840400, 36.720000 
50.398600, -110.503300, 1563.490000 
50.224000, -110.037500, 361.530000 
50.700700, -110.478000, 468.880000 
55.363900, -119.760600, 96.190000 
52.912000, -114.064600, 167.220000 
55.378300, -119.760600, 33.860000 
52.807000, -114.258600, 92.450000 
52.846800, -114.179600, 22.260000 
52.821200, -114.022100, 22.260000 
52.708400, -114.446600, 295.440000 
56.407900, -110.929200, 38.616000 
50.165800, -111.052800, 125.740000 
55.425600, -118.988600, 169.830000 
50.085700, -110.117500, 12.508000 
50.096700, -111.110000, 60.110000 
55.443900, -119.522500, 22.950000 
55.047300, -110.577800, 1306.850000 
54.883700, -110.418400, 43.820000 
52.119200, -115.215400, 141.950000 
49.172800, -111.086400, 26.920000 
50.700700, -111.022200, 242.580000 
56.095100, -113.448600, 723.030000 
55.149300, -111.090900, 21.470000 
49.205300, -111.037700, 184.960000 
55.112900, -110.853100, 40.620000 
55.596700, -118.277000, 70.440000 
54.872900, -110.418400, 21.910000 
50.536900, -112.031500, 57.210000 
55.102000, -110.507600, 21.480000 
55.072900, -110.526700, 21.910000 
54.956500, -110.616200, 21.470000 
49.154400, -110.902200, 39.530000 
54.854500, -111.802000, 85.990000 
54.949300, -110.622600, 1734.640000 
49.038100, -111.158900, 43.750000 
49.030800, -111.052700, 71.250000 
55.069300, -110.545900, 43.820000 
49.601900, -110.445000, 38.750000 
49.285300, -111.054700, 21.910000 
55.232900, -110.698700, 72.050000 
52.217300, -112.307300, 62.871000 
58.783200, -118.605600, 178.650000 
55.309300, -110.480100, 72.050000 
58.030100, -118.399800, 25.060000 
49.358100, -111.375000, 28.460000 
55.218400, -111.316200, 76.920000 
54.970900, -110.750100, 69.840000 
55.603900, -119.347800, 53.730000 
50.736800, -113.325700, 51.430000 
55.240100, -114.042800, 38.183000 
54.258200, -114.580800, 70.790000 
49.220000, -110.981600, 26.670000 
56.222300, -112.706800, 84.070000 
59.601800, -117.409700, 77.320000 
52.867000, -116.549200, 32.690000 
52.617800, -112.562900, 13.210000 
53.026900, -114.766400, 136.070000 
52.388400, -114.352700, 26.800000 
52.650400, -115.429700, 39.840000 
52.846800, -114.185700, 39.538000 
52.486500, -114.322700, 72.080000 
52.545700, -114.106000, 42.844000 
54.830200, -118.652600, 22.511000 
53.199500, -114.841400, 28.280000 
52.890400, -113.817900, 46.394000 
52.943400, -116.742600, 21.805000 
52.515700, -114.449100, 34.800000 
52.837700, -114.403500, 34.656000 
51.922900, -114.524900, 46.785000 
52.028200, -113.572700, 63.750000 
52.706700, -113.896400, 30.110000 
53.176000, -115.272300, 182.510000 
51.700900, -112.852000, 191.460000 
54.672900, -114.212800, 1.000000 
49.616400, -111.917300, 21.277000 
50.201900, -112.381700, 43.490000 
55.575800, -119.522400, 22.770000 
51.624500, -112.952600, 243.720000 
50.486700, -112.917000, 47.404000 
53.210400, -114.713000, 69.610000 
52.874300, -110.428000, 83.800000 
53.959800, -114.700300, 40.820000 
55.640300, -119.627000, 81.659000 
53.566900, -118.022600, 35.780000 
51.515400, -112.953400, 21.750000 
52.748400, -115.513900, 191.150000 
53.143200, -116.923400, 105.442000 
52.543100, -114.280500, 31.950000 
52.555700, -114.449100, 64.170000 
54.113800, -114.655500, 40.340000 
55.411100, -119.136700, 23.060000 
55.509200, -119.627000, 21.427000 
52.821100, -115.756400, 28.280000 
53.996200, -114.004100, 23.302000 
52.881600, -116.573400, 32.089000 
50.453200, -110.187500, 104.400000 
55.269200, -119.490300, 64.170000 
52.149900, -114.266600, 35.129000 
55.225600, -119.072200, 36.620000 
50.784300, -110.836900, 38.510000 
53.226900, -116.637200, 28.913000 
51.900900, -113.325700, 20.880000 
51.940900, -113.242900, 78.300000 
53.752300, -115.874700, 57.600000 
54.423700, -119.349700, 30.316000 
52.759300, -114.125200, 146.720000 
53.272200, -111.781400, 29.400000 
51.686200, -110.666900, 19.160000 
52.803100, -115.665500, 34.800000 
51.686200, -110.737700, 3.760000 
55.251100, -119.426100, 68.000000 
54.760100, -113.815800, 81.000000 
53.711900, -117.052500, 23.490000 
54.496000, -116.783700, 21.853000 
52.508400, -114.382900, 54.380000 
56.051400, -119.589200, 78.680000 
52.468400, -114.328800, 102.790000 
55.458300, -119.573900, 59.360000 
56.562600, -119.423800, 75.210000 
52.490100, -114.232400, 28.280000 
51.395400, -111.331700, 86.990000 
52.512000, -114.394900, 118.330000 
56.218700, -116.251300, 33.300000 
50.712300, -111.062700, 70.000000 
50.611200, -111.255000, 62.410000 
53.485200, -111.928200, 94.850000 
52.803100, -115.810800, 67.170000 
55.174700, -119.302500, 60.980000 
50.325800, -110.255600, 52.200000 
54.079700, -118.342700, 50.590000 
52.384800, -114.382900, 27.620000 
55.247500, -119.483900, 21.750000 
55.232800, -119.355300, 43.490000 
52.968900, -116.688300, 20.450000 
50.282300, -110.468900, 104.400000 
54.050700, -117.720600, 23.276000 
50.013100, -112.393100, 61.672000 
51.046200, -112.091200, 25.370000 
54.341400, -116.301500, 103.740000 
55.058700, -111.895500, 113.899000 
53.918400, -117.297000, 209.170000 
55.382000, -111.760100, 333.440000 
54.054200, -118.308700, 54.523000 
54.353900, -114.811100, 48.191000 
52.766700, -116.393000, 91.967000 
56.120300, -119.497500, 54.000000 
55.767300, -112.339300, 21.810000 
54.416100, -119.347500, 85.370000 
54.452300, -114.874300, 70.520000 
52.279300, -110.081400, 45.210000 
51.449800, -112.642000, 22.319000 
52.268400, -113.041600, 25.400000 
53.703200, -114.661800, 20.810000 
53.712300, -116.148900, 50.969000 
53.977900, -116.751200, 14.400000 
57.502900, -116.505500, 33.940000 
55.378300, -118.499700, 61.380000 
53.952600, -117.559000, 44.000000 
52.774000, -112.914300, 29.709000 
51.551800, -112.483400, 22.319000 
52.481500, -113.419000, 64.410000 
51.559000, -112.471500, 21.823000 
54.600800, -116.039000, 97.100000 
54.485300, -118.778300, 87.030000 
53.854300, -117.391200, 223.670000 
56.314400, -119.873400, 20.450000 
53.916200, -116.732600, 36.700000 
53.745000, -110.723900, 22.707000 
54.359700, -119.138900, 65.160000 
50.536800, -111.744200, 22.900000 
54.159800, -112.203800, 136.650000 
54.033400, -117.162900, 41.620000 
52.941200, -118.043000, 158.173000 
54.034500, -117.180900, 65.480000 
55.120000, -111.688300, 75.305000 
55.901100, -117.749900, 34.750000 
52.764900, -114.957500, 35.790000 
55.160200, -118.818400, 29.834000 
54.476300, -119.173900, 107.610000 
55.541900, -119.029700, 22.881000 
52.766800, -114.489100, 7.500000 
54.516700, -119.292000, 72.010000 
55.491170, -116.186500, 44.639000 
56.111500, -118.461700, 29.400000 
56.007600, -113.402800, 32.116000 
53.712300, -117.221500, 38.151000 
51.719000, -112.390100, 44.765000 
54.374400, -117.275900, 58.558000 
51.162600, -112.021200, 74.560000 
52.094000, -114.737100, 32.070000 
50.787900, -110.813900, 85.750000 
56.486500, -114.120400, 66.870000 
54.061800, -117.447300, 74.180000 
52.989300, -114.157900, 120.710000 
51.195100, -112.102800, 74.560000 
53.734200, -118.395600, 28.386000 
53.703000, -117.234900, 163.160000 
50.111100, -113.482500, 94.910000 
58.781600, -118.602700, 102.278000 
50.747800, -110.882500, 42.000000 
50.780700, -110.732700, 64.170000 
56.095100, -118.758700, 113.710000 
50.780700, -110.825500, 75.950000 
50.911500, -112.978400, 24.360000 
54.635300, -119.318300, 86.140000 
51.624500, -113.041600, 32.200000 
54.145400, -115.815500, 38.570000 
51.599000, -113.029900, 69.610000 
53.488400, -116.142200, 29.788000 
53.155400, -110.509500, 67.090000 
53.114100, -115.208200, 118.587000 
51.660900, -112.875600, 21.260000 
51.660900, -113.017900, 20.880000 
52.546700, -115.260600, 108.278000 
54.105400, -117.526500, 146.520000 
52.159300, -112.749000, 20.880000 
51.984500, -112.784800, 26.110000 
51.580900, -112.977000, 43.490000 
52.057300, -114.630400, 52.200000 
53.477400, -117.026300, 27.140000 
52.050000, -110.420600, 51.770000 
55.705900, -111.282600, 31.800000 
51.009610, -110.752190, 85.270000 
52.192000, -112.790700, 26.100000 
49.988300, -110.914000, 60.410000 
52.697500, -116.320300, 25.359000 
50.084400, -110.607000, 32.427000 
56.223300, -119.570800, 81.810000 
54.198400, -119.053700, 27.659000 
50.022400, -110.743000, 87.530000 
54.162360, -115.733900, 519.280000 
58.963400, -118.361500, 46.338000 
55.318300, -116.491800, 99.030000 
54.385300, -118.624900, 53.340000 
56.111500, -119.033900, 87.500000 
54.137600, -116.392000, 119.620000 
49.972800, -110.755600, 97.892000 
50.896900, -110.633600, 65.319000 
50.824200, -110.859400, 99.226000 
54.225300, -118.305200, 58.320000 
50.744200, -110.130000, 56.802000 
53.303300, -111.451000, 26.797000 
51.828200, -111.312300, 34.720000 
53.643400, -116.062800, 20.580000 
51.020600, -111.402200, 62.967000 
52.501100, -115.519700, 38.940000 
55.548100, -118.995000, 36.850000 
52.711900, -116.338600, 24.815000 
50.700700, -112.654200, 152.839000 
52.446500, -115.249200, 22.930000 
53.492400, -117.152400, 28.670000 
55.305600, -112.168100, 21.970000 
50.093100, -110.732800, 252.250000 
53.941500, -116.720100, 30.162000 
50.136700, -110.732800, 71.372000 
56.006700, -118.390800, 43.280000 
53.827100, -115.697400, 24.160000 
53.607000, -116.537300, 44.900000 
50.159000, -110.667200, 58.265000 
53.870700, -116.166400, 166.970000 
55.223300, -115.056500, 22.640000 
50.431200, -111.589200, 34.637000 
55.234400, -115.062800, 36.190000 
54.283400, -117.000100, 21.380000 
50.409400, -112.830100, 20.070000 
51.659100, -111.311500, 29.130000 
55.965300, -119.935100, 33.755000 
52.120800, -114.296300, 24.054000 
55.611700, -112.611600, 28.320000 
55.072800, -116.975700, 77.700000 
53.002000, -110.993900, 64.230000 
54.465400, -113.221600, 28.561000 
53.820900, -114.669000, 27.590000 
54.085100, -115.839000, 29.420000 
50.993800, -113.990000, 22.023000 
53.141200, -115.691100, 25.941000 
57.564400, -119.521200, 178.113000 
52.942400, -113.511100, 115.218000 
53.820900, -114.669000, 41.720000 
58.011900, -119.480700, 179.076000 
49.700000, -112.816700, 27.780000 
56.506100, -119.432000, 56.031000 
52.969200, -116.692500, 657.200000 
52.401200, -113.100700, 24.293000 
52.255100, -113.734000, 22.600000 
51.916700, -114.033300, 38.920000 
52.250100, -114.397700, 36.117000 
52.604900, -113.196300, 91.816000 
51.727500, -113.819000, 40.827000 
51.948100, -113.711300, 22.240000 
51.727200, -113.816900, 40.827000 
52.194600, -114.554000, 32.676000 
53.144400, -110.636100, 23.622000 
54.178700, -117.328400, 995.660000 
52.042800, -114.958800, 23.708000 
54.823200, -117.659000, 24.486000 
49.229200, -114.029100, 41.381000 
57.382700, -118.979400, 51.060000 
51.879000, -113.367100, 32.190000 
51.624500, -111.863100, 59.325000 
53.067000, -115.439900, 59.567000 
51.046900, -114.076500, 40.177000 
51.900900, -111.608400, 37.608000 
52.031800, -112.629500, 32.747000 
52.086500, -112.754800, 27.330000 
53.305100, -114.878000, 28.389000 
54.572600, -118.834200, 41.700000 
53.022200, -116.520800, 205.170000 
52.213700, -114.308200, 27.690000 
52.177300, -114.296300, 80.350000 
54.278200, -110.466800, 70.670000 
51.533400, -114.327100, 53.500000 
52.682300, -114.392900, 26.730000 
54.512600, -113.139300, 58.190000 
56.495700, -115.604300, 25.177000 
53.699800, -112.579100, 30.731000 
53.134300, -110.587100, 23.622000 
53.145100, -110.623800, 23.658000 
53.137900, -110.617800, 23.622000 
53.272300, -114.915000, 21.950000 
53.141500, -110.581100, 23.632000 
53.141500, -110.575100, 23.632000 
58.339500, -118.536800, 33.896000 
50.708600, -111.150000, 39.900000 
54.881600, -118.467500, 22.900000 
52.958200, -114.679900, 134.780000 
50.889400, -114.761800, 561.000000 
54.756500, -112.545200, 21.810000 
53.195900, -111.911200, 24.966000 
59.237200, -119.885800, 202.672000 
51.668900, -111.378300, 73.910000 
52.098800, -112.852000, 71.960000 
59.103300, -119.918400, 25.170000 
54.786900, -119.942200, 85.870000 
50.965800, -114.872700, 20.300000 
55.725100, -119.399500, 231.048000 
56.491400, -115.397500, 98.552000 
53.272300, -114.725300, 42.991000 
51.505300, -112.475000, 21.823000 
56.527900, -115.311500, 38.253000 
56.246400, -119.099000, 37.610000 
55.554200, -119.760200, 107.760000 
55.538400, -112.262400, 36.490000 
56.651500, -112.878800, 22.080000 
52.192000, -114.111300, 124.890000 
56.666700, -111.345100, 122.110000 
56.055100, -115.366500, 45.727000 
56.065900, -116.957700, 84.160000 
55.691100, -117.210200, 70.120000 
54.301700, -118.649900, 134.100000 
53.228700, -114.554100, 42.584000 
54.461800, -111.780100, 192.310000 
53.887000, -116.396900, 35.514000 
53.486800, -114.330700, 24.300000 
51.151500, -113.823200, 73.143000 
50.168300, -112.299800, 182.640000 
50.354700, -112.370300, 22.572000 
56.364200, -119.934300, 104.540000 
54.119800, -116.273100, 395.050000 
51.599900, -115.356900, 195.749000 
57.217500, -110.895000, 420.000000 
53.588700, -116.771500, 21.020000 
55.338300, -118.872800, 47.514000 
53.017500, -116.907800, 29.980000 
54.265300, -116.342000, 212.670000 
55.504200, -118.945300, 133.040000 
53.454300, -117.159800, 27.400000 
55.341700, -118.914200, 44.840000 
57.579200, -119.301800, 62.330000 
50.556100, -114.236300, 233.320000 
54.545400, -114.794200, 23.190000 
51.431700, -113.757500, 89.220000 
55.276400, -118.699200, 47.514000 
54.101800, -115.665000, 39.283000 
55.396400, -119.503100, 33.017000 
55.305000, -118.914200, 52.600000 
55.487500, -118.171900, 25.065000 
52.305600, -113.167100, 26.640000 
52.326700, -113.012700, 27.640000 
50.573200, -112.162300, 42.670000 
52.017400, -112.263700, 26.610000 
50.184300, -110.508300, 20.930000 
50.060300, -112.299800, 129.280000 
52.874300, -110.162700, 35.870000 
52.634000, -114.916000, 26.940000 
55.257600, -112.759300, 21.810000 
55.733200, -119.411300, 176.018000 
54.189000, -112.109800, 223.620000 
53.997500, -117.349600, 22.669000 
55.725100, -119.406300, 176.018000 
52.337300, -115.014400, 31.075000 
49.488900, -113.955100, 52.185000 
52.792000, -112.562700, 21.902000 
55.733200, -119.411300, 213.048000 
56.240800, -111.653100, 50.150000 
56.158700, -111.721800, 50.150000 
54.359700, -118.756300, 321.000000 
50.398600, -112.847300, 80.280000 
50.013100, -112.611500, 322.890000 
55.266800, -112.567900, 111.420000 
55.585600, -119.451700, 22.030000 
53.563400, -116.728500, 76.760000 
51.135900, -114.144900, 21.761000 
51.489800, -112.888700, 18.592000 
50.073300, -112.673700, 209.940000 
52.875700, -111.422500, 58.960000 
53.690700, -115.717500, 20.164000 
52.671900, -114.615300, 33.840000 
55.117900, -112.737900, 52.420000 
51.369700, -114.985200, 62.389000 
51.388200, -114.808800, 47.355000 
49.903900, -111.332300, 61.614000 
52.088200, -115.689400, 134.048000 
54.166900, -118.486900, 96.560000 
53.117300, -110.803900, 62.350000 
53.290400, -115.831900, 22.696000 
54.512600, -111.717000, 29.984000 
53.006700, -116.852800, 90.520000 
53.767000, -117.497000, 180.517000 
52.180900, -113.083200, 113.564000 
50.683000, -111.548000, 33.880000 
55.411100, -118.885600, 103.890000 
55.699600, -115.899600, 75.210000 
51.417000, -113.176800, 53.260000 
52.841500, -116.035500, 38.880000 
54.016200, -117.154000, 30.625000 
53.363200, -111.879500, 223.430000 
54.527300, -112.930700, 53.527000 
52.830300, -116.272200, 448.770000 
50.887900, -113.098600, 29.756000 
50.566500, -111.376300, 21.440000 
55.688600, -115.893200, 75.210000 
54.916500, -110.367300, 21.910000 
51.993700, -113.242300, 31.750000 
53.783400, -112.339300, 31.300000 
52.657700, -112.281000, 20.840000 
52.081000, -113.597900, 40.920000 
55.544000, -119.566000, 22.190000 
55.041200, -110.577800, 78.140000 
53.578344, -115.855642, 53.780000 
58.017600, -119.479100, 386.900000 
51.075100, -112.575300, 27.950000 
53.484800, -115.607600, 196.392000 
51.513600, -110.904600, 43.120000 
51.905300, -112.735300, 65.980000 
54.801500, -119.205100, 32.190000 
53.385100, -115.612800, 354.653000 
55.681300, -115.886500, 23.570000 
52.452000, -114.392900, 39.590000 
51.557200, -113.402600, 26.450000 
51.408300, -112.644400, 24.190000 
50.611500, -112.500700, 21.990000 
53.134300, -110.635900, 23.622000 
55.025700, -110.584200, 65.510000 
50.698800, -110.500100, 56.950000 
52.561200, -112.312100, 23.810000 
53.279500, -111.587000, 50.939000 
51.364000, -110.285900, 35.350000 
52.100900, -114.791600, 58.343000 
51.770100, -111.484000, 23.930000 
51.266200, -110.388100, 36.780000 
51.675400, -113.367100, 55.070000 
51.586300, -110.321000, 64.540000 
51.469900, -110.601100, 42.460000 
53.836200, -115.620000, 34.800000 
51.780900, -113.266600, 87.000000 
51.861800, -111.189300, 25.730000 
52.915900, -114.006000, 151.790000 
52.944800, -114.264600, 62.290000 
53.959800, -111.818700, 64.090000 
51.973700, -113.572700, 96.140000 
52.002900, -113.399600, 49.580000 
53.799800, -116.092200, 245.850000 
51.930100, -113.538800, 128.580000 
52.035400, -113.614300, 53.500000 
50.220500, -112.444200, 208.790000 
52.675700, -114.495200, 26.495000 
51.403300, -110.406500, 30.570000 
51.468800, -110.886800, 30.570000 
51.505300, -110.728500, 30.570000 
55.800300, -118.225300, 112.700000 
52.808600, -116.210200, 30.700000 
50.154700, -112.461500, 24.980000 
55.178300, -117.509900, 5.070000 
52.867000, -116.253100, 25.300000 
56.271846, -111.498890, 5914.310000 
53.958000, -118.772800, 20.634000 
52.714500, -114.317100, 51.920000 
52.870700, -110.268900, 22.000000 
55.349000, -112.184100, 26.500000 
53.810700, -114.731100, 28.347000 
54.980400, -117.292000, 32.020000 
49.119100, -113.761500, 42.833000 
50.795100, -112.284000, 21.380000 
56.440600, -119.775700, 36.350000 
52.392000, -115.128900, 67.051000 
53.779500, -118.486200, 31.008000 
55.724000, -112.424600, 40.005000 
50.777000, -111.751500, 26.430000 
55.485800, -118.947300, 26.100000 
53.857900, -113.397400, 53.170000 
52.704800, -114.410200, 33.710000 
54.957600, -119.199100, 34.286000 
50.427500, -112.462300, 22.010000 
52.938100, -116.431900, 69.980000 
54.772900, -118.981500, 32.362000 
50.565900, -112.640300, 43.900000 
53.539800, -113.397000, 19.740000 
51.057000, -112.272000, 20.040000 
51.879000, -112.792600, 66.430000 
50.780700, -112.017800, 21.380000 
52.621200, -112.211500, 55.535000 
53.987100, -117.351500, 29.088000 
53.657900, -116.666800, 140.500000 
52.073400, -115.873000, 42.200000 
58.255700, -119.187300, 32.660000 
51.639000, -112.840100, 20.840000 
53.914400, -117.573700, 24.615000 
55.733200, -118.998900, 43.566000 
53.834000, -117.912400, 26.679000 
51.409800, -112.530300, 28.860000 
52.584800, -112.500100, 28.208000 
53.156900, -110.605500, 23.622000 
51.359000, -112.418700, 38.042000 
53.156000, -110.615800, 23.622000 
53.156000, -110.638400, 23.632000 
53.149700, -110.624100, 23.622000 
53.155900, -110.598100, 23.612000 
53.159600, -110.648200, 23.638000 
53.145100, -110.642200, 23.622000 
53.137900, -110.654200, 23.648000 
53.156000, -110.660300, 23.638000 
53.152300, -110.648200, 23.648000 
53.147500, -110.655100, 23.668000 
50.482200, -112.588700, 22.010000 
53.923400, -116.775900, 76.980000 
50.860700, -110.229100, 26.452000 
53.134300, -110.642200, 23.622000 
53.159600, -110.629900, 23.612000 
51.049800, -112.126200, 26.818000 
52.575800, -115.427900, 22.860000 
55.854800, -111.431500, 21.910000 
55.844000, -111.261200, 21.910000 
51.411700, -113.285800, 35.480000 
51.280800, -112.818900, 41.270000 
51.280800, -112.982300, 32.170000 
55.876800, -111.326700, 87.110000 
58.368300, -118.990000, 50.530000 
50.442900, -111.857300, 114.890000 
49.535100, -111.112000, 23.560000 
52.035400, -113.453200, 20.840000 
55.749400, -119.562000, 22.900000 
50.509600, -112.002900, 21.360000 
51.049800, -113.659900, 102.100000 
55.003700, -111.100600, 65.510000 
52.857600, -115.513900, 25.470000 
49.376400, -112.476700, 77.240000 
53.201400, -112.131000, 27.340000 
50.571300, -112.146100, 68.040000 
51.428200, -113.458800, 30.570000 
52.435700, -110.364700, 59.040000 
53.323600, -116.995400, 118.070000 
53.582300, -113.588600, 59.903000 
53.181200, -115.762500, 560.649000 
53.652000, -116.099200, 76.607000 
49.789400, -112.126100, 393.400000 
51.637200, -112.866000, 451.240000 
52.959300, -115.893800, 119.970000 
53.746900, -113.164500, 33.790000 
53.718500, -113.183000, 0.054000 
53.288500, -110.018300, 62.972000 
54.833300, -118.646700, 162.737000 
51.570800, -114.851700, 49.059000 
55.996700, -118.533600, 71.784000 
54.144400, -115.691700, 33.000000 
54.179100, -115.806000, 20.690000 
55.725100, -119.399900, 514.245000 
53.539700, -113.409200, 361.000000 
53.413300, -117.570600, 1094.796000 
52.758100, -114.111600, 647.800000 
54.423300, -117.760400, 69.137000 
54.130900, -115.546700, 61.317000 
55.269500, -114.598300, 74.020000 
53.795900, -113.099600, 465.461000 
52.308300, -113.550000, 416.116000 
53.245000, -115.674300, 26.920000 
52.146300, -115.330000, 218.230000 
50.805300, -110.034900, 147.700000 
53.722900, -113.174000, 1.200000 
50.747700, -114.494700, 1264.773000 
53.804200, -113.082400, 166.639000 
52.553700, -111.694000, 165.429000 
53.721700, -113.191700, 180.982000 
53.733200, -113.175000, 1095.177000 
55.071200, -118.691200, 854.167000 
53.541700, -113.391700, 1817.924000 
52.463000, -114.346500, 76.330000 
52.226300, -115.177000, 401.660000 
57.040500, -111.619200, 25761.391000 
54.194400, -116.632200, 312.910000 
54.923116, -112.861867, 2516.810000 
49.713599, -112.796397, 14.793000 
55.358300, -114.617200, 20.720000 
53.841600, -113.097900, 495.060000 
53.204500, -116.811200, 203.182000 
52.496000, -114.988000, 69.925000 
53.354600, -113.715000, 37.462000 
52.776100, -115.660700, 56.690000 
57.003300, -111.466100, 2538.710000 
51.219500, -114.645400, 651.642000 
53.572500, -113.360600, 411.954000 
55.335900, -119.223000, 27.150000 
56.377200, -117.175600, 1075.922000 
51.181625, -114.472100, 3.296000 
53.833100, -113.108900, 16.740000 
50.647500, -113.772000, 34.170000 
53.733200, -113.486200, 2.435000 
51.965500, -114.753600, 143.680000 
54.572300, -115.522900, 208.720000 
53.529100, -113.387500, 478.791000 
50.845800, -113.586700, 403.456000 
54.524700, -116.794300, 92.662000 
52.940400, -114.832300, 272.723000 
51.039600, -114.559000, 210.000000 
53.344000, -114.305000, 1437.869000 
51.742300, -114.134500, 367.227000 
58.500000, -119.416700, 53.440000 
53.508500, -114.557100, 2277.270000 
54.596400, -110.395000, 2602.327000 
53.048100, -113.921000, 682.725000 
52.385800, -113.595000, 125.180000 
49.305200, -114.000300, 147.045000 
53.448700, -114.449100, 846.662000 
50.675600, -110.025000, 31.073000 
52.564700, -112.141400, 578.168000 
50.086600, -110.716700, 573.681000 
51.531700, -111.786100, 695.996000 
51.534800, -114.203700, 162.956000 
53.421300, -113.904400, 36.565000 
52.033030, -113.938910, 312.480000 
54.007100, -119.104000, 125.000000 
53.560000, -114.486200, 332.837000 
53.952700, -113.078000, 196.617000 
54.952700, -119.195300, 127.337000 
53.593060, -116.390300, 799.300000 
51.191300, -113.940900, 655.924000 
53.227700, -114.988900, 1083.400000 
53.472878, -113.616936, 1.741000 
52.079300, -110.636400, 122.119000 
53.250200, -115.555500, 32.815000 
55.913200, -115.150400, 17.357000 
49.725300, -112.790000, 0.646000 
52.064500, -111.298700, 21.146000 
52.923200, -115.107500, 25.340000 
53.740700, -113.023100, 634.500000 
57.364000, -119.763000, 158.904000 
52.779800, -113.629900, 8.310000 
52.766100, -114.285600, 13.281000 
53.725400, -113.193000, 567.300000 
51.526000, -113.880000, 404.107000 
49.871100, -112.913700, 84.588000 
51.056600, -115.164300, 22.349000 
50.577200, -111.178100, 213.160000 
53.152300, -111.076600, 32.410000 
58.447100, -119.238300, 73.300000 
55.891100, -119.798600, 50.164000 
53.099900, -115.316800, 247.800000 
53.593600, -113.335600, 161.900000 
50.671900, -113.459400, 34.700000 
55.029800, -118.744000, 2237.136000 
53.402700, -117.599300, 141.764000 
53.581600, -113.599100, 1616.470000 
52.446500, -111.272700, 82.564000 
51.065300, -115.221100, 107.235000 
50.751500, -113.079900, 39.350000 
53.582200, -113.544400, 0.100000 
50.227500, -113.548200, 388.760000 
54.427200, -116.884300, 176.040000 
50.716700, -112.983300, 44.050000 
52.104400, -110.695000, 505.120000 
53.635900, -112.019200, 235.140000 
53.821500, -110.035000, 20.970000 
52.908400, -115.174200, 28.480000 
54.560100, -111.770600, 140.090000 
53.345100, -114.743600, 33.700000 
50.058200, -110.728200, 213.551000 
52.228400, -114.397700, 316.377000 
59.117900, -118.654500, 42.725000 
53.537900, -111.785100, 18.370000 
55.969400, -117.575600, 56.210000 
54.658200, -111.622300, 22.330000 
52.868400, -113.666300, 8.500000 
54.687300, -111.944600, 102.200000 
50.671900, -110.028900, 27.020000 
52.515700, -113.366300, 31.602000 
52.104500, -113.077400, 165.770000 
52.212400, -113.843700, 289.553000 
55.931200, -112.047000, 20.920000 
52.872000, -113.629900, 55.380000 
52.632000, -112.945400, 37.766000 
52.774000, -113.520700, 18.940000 
52.869000, -115.101000, 342.530000 
52.843200, -111.722800, 39.950000 
57.382500, -119.778400, 43.994000 
49.628100, -114.571900, 35.473000 
59.165100, -118.725800, 60.718000 
51.977300, -110.486900, 48.299000 
51.977300, -111.173400, 260.540000 
52.857600, -113.320700, 40.640000 
51.189400, -113.937800, 42.151000 
53.531993, -113.364925, 134.360000 
52.028200, -110.564700, 49.464000 
52.719300, -113.617900, 9.400000 
53.607000, -112.592700, 13.970000 
54.284800, -115.698000, 93.857000 
50.664700, -113.784200, 25.000000 
50.904300, -113.308500, 235.790000 
50.737400, -112.084900, 272.660000 
49.088900, -112.582300, 42.930000 
59.005100, -119.033200, 111.319000 
51.890100, -114.495200, 48.682000 
53.652200, -113.716400, 24.000000 
53.277900, -110.034300, 8.760000 
52.264500, -110.570500, 78.534000 
50.040920, -110.721904, 181.700000 
55.706400, -118.772800, 89.000000 
54.298200, -112.824300, 3.850000 
55.273300, -114.599700, 1964.950000 
53.155900, -112.326700, 31.960000 
52.333700, -111.357300, 36.434000 
53.670500, -115.762200, 353.320000 
54.846700, -112.567500, 144.889000 
54.105400, -113.442700, 35.510000 
52.166500, -113.256300, 31.934000 
55.041500, -119.631000, 593.267000 
54.772900, -110.579000, 1332.440000 
50.151100, -113.562100, 147.900000 
53.622800, -115.869400, 24.500000 
54.479800, -110.332600, 49.950000 
50.704300, -111.155300, 32.737000 
57.076100, -111.918900, 109.525000 
54.203400, -110.204400, 23.790000 
50.977000, -111.683100, 20.552000 
49.801900, -113.104700, 250.900000 
53.902300, -115.189300, 47.890000 
50.838700, -111.520100, 33.061000 
53.723500, -113.173800, 102.438000 
50.269600, -112.893800, 430.690000 
50.518700, -111.910900, 62.730000 
50.231100, -113.519600, 35.960000 
55.978700, -112.354900, 24.910000 
56.904200, -117.633600, 637.310000 
52.457600, -114.419100, 32.522000 
53.501040, -113.489732, 67.573000 
52.827500, -110.859600, 0.253000 
53.908300, -118.816700, 770.900000 
52.515700, -113.173800, 724.513000 
52.581200, -113.971000, 92.576000 
51.813700, -114.536800, 173.144000 
57.298900, -111.503300, 482.498000 
55.978700, -112.217400, 21.710000 
54.113300, -110.564600, 61.490000 
57.218000, -111.027000, 2480.000000 
51.052000, -114.010500, 1.422000 
55.248100, -114.514000, 3248.990000 
53.883400, -110.041100, 152.890000 
52.327100, -112.718300, 246.100000 
52.450100, -113.167900, 73.132000 
50.187500, -110.476900, 55.760000 
50.194700, -110.479700, 29.140000 
52.366500, -113.191800, 83.610000 
50.205800, -110.476900, 30.990000 
55.756800, -110.529800, 20.370000 
58.997900, -118.797500, 24.996000 
52.286500, -114.123200, 40.999000 
55.924000, -111.896500, 26.060000 
55.489100, -119.750800, 305.480000 
56.603400, -115.291400, 2274.809000 
56.091500, -111.817800, 16.650000 
54.926900, -111.936100, 118.871000 
55.991165, -112.032320, 12.230000 
54.062600, -110.292200, 87.480000 
52.308300, -113.550000, 2482.964000 
55.162300, -118.816600, 2508.400000 
52.046500, -114.588800, 58.600000 
59.095900, -118.576100, 67.365000 
54.133300, -115.366600, 2402.437000 
55.873200, -112.145400, 54.670000 
53.345800, -111.251900, 18.200000 
54.785300, -117.658000, 245.457000 
56.582500, -118.118100, 33.360000 
53.645100, -114.130200, 16.191000 
50.129400, -111.908400, 115.305000 
53.960200, -116.460000, 43.920000 
56.036800, -113.782500, 18.150000 
52.480900, -114.870200, 118.658000 
54.443600, -112.583200, 45.159000 
57.361200, -119.754000, 32.280000 
55.993500, -113.480500, 92.590000 
54.394900, -116.809000, 1681.000000 
52.402900, -111.844500, 25.860000 
51.099300, -112.639000, 82.750000 
53.861500, -114.756100, 154.020000 
52.555700, -111.805300, 115.290000 
53.010600, -112.810000, 22.387000 
57.188000, -118.248900, 41.070000 
51.591800, -110.750000, 82.830000 
54.078900, -113.346000, 20.832000 
53.431000, -117.540600, 1.033000 
53.977100, -117.285100, 106.586000 
54.483500, -118.100000, 29.780000 
56.582500, -118.444700, 37.260000 
52.255700, -113.886000, 10.747000 
53.132300, -115.981700, 31.838000 
51.893700, -114.400400, 159.110000 
53.557500, -116.547200, 180.680000 
52.058000, -114.908000, 70.150000 
51.213400, -111.030000, 35.280000 
54.185400, -116.210400, 152.750000 
49.975700, -114.130000, 67.610000 
55.247500, -116.641600, 175.520000 
53.091100, -111.768600, 753.370000 
59.623400, -117.727200, 12.019000 
52.144400, -115.535000, 60.340000 
55.125900, -117.838000, 61.690000 
57.879100, -118.418300, 22.920000 
55.040000, -115.475800, 301.150000 
53.576900, -113.570600, 31.500000 
54.829600, -118.647000, 91.360000 
54.402000, -112.553000, 33.440000 
55.450900, -113.923000, 47.570000 
56.058600, -118.161700, 40.480000 
53.766900, -112.203100, 30.173000 
52.395700, -115.188900, 41.033000 
51.068200, -115.136400, 62.403000 
52.402900, -111.736200, 32.100000 
52.449900, -112.566500, 39.213000 
50.583700, -113.871100, 34.570000 
55.698300, -118.783300, 78.770000 
52.035300, -115.137700, 202.523000 
53.862700, -110.639000, 25.100000 
50.693800, -114.330000, 42.780000 
51.333400, -110.667500, 177.067000 
52.755200, -110.747000, 45.140000 
55.513100, -113.475000, 49.560000 
51.959000, -110.767500, 162.090000 
52.549700, -112.579400, 123.855000 
52.355300, -115.332000, 28.860000 
51.400100, -114.034300, 188.453000 
53.927000, -114.376900, 31.976000 
53.244500, -116.238000, 71.820000 
56.532000, -117.993000, 47.650000 
50.173100, -112.718100, 29.960000 
54.897200, -117.708800, 20.660000 
51.015020, -114.026480, 165.520000 
54.494400, -115.957600, 143.410000 
54.334500, -110.310900, 147.320000 
49.358100, -110.548900, 28.340000 
55.720300, -119.406100, 81.380000 
55.858700, -113.841400, 143.250000 
51.130700, -114.009000, 37.275000 
55.714100, -118.830400, 101.640000 
54.510900, -115.511700, 164.570000 
50.704600, -110.844000, 97.300000 
53.757500, -113.149900, 100.984000 
56.717000, -113.378900, 29.210000 
54.650900, -114.528900, 48.242000 
49.689200, -112.942000, 127.330000 
51.607100, -110.282400, 53.940000 
50.597600, -111.881800, 28.400000 
52.180900, -112.647600, 22.993000 
55.199400, -116.221900, 94.060000 
54.338200, -114.060400, 99.151000 
54.101800, -114.292500, 45.600000 
50.697800, -111.531000, 133.870000 
53.537900, -117.085900, 24.380000 
53.550500, -113.358900, 924.323000 
56.818900, -118.570000, 39.550000 
58.555500, -118.915900, 31.837000 
54.127000, -110.486500, 79.350000 
55.644000, -114.659700, 60.300000 
58.194700, -116.350400, 2130.383000 
57.153300, -118.334500, 69.170000 
55.432500, -116.486000, 308.820000 
51.943400, -114.736000, 119.510000 
52.220900, -111.937300, 227.488000 
54.229000, -110.348600, 63.430000 
51.006900, -113.192800, 35.360000 
55.481900, -119.059200, 45.270000 
52.308200, -114.096500, 5.430000 
55.305700, -115.046100, 23.207000 
54.587200, -112.803100, 788.000000 
53.137600, -113.794100, 23.949000 
53.416800, -113.917700, 109.448000 
57.546300, -119.112600, 146.090000 
54.293100, -116.188300, 127.080000 
53.941500, -113.664600, 132.767000 
53.373100, -116.086000, 228.700000 
51.955400, -111.845300, 117.576000 
57.351700, -111.522200, 968.452000 
57.189700, -119.054800, 38.310000 
53.817200, -113.133600, 28.379000 
55.116400, -116.712300, 32.399000 
55.396400, -119.599700, 226.628000 
52.746800, -112.988000, 79.069000 
51.696900, -114.475000, 300.110000 
52.319300, -111.477600, 236.160000 
55.876700, -119.301100, 108.400000 
53.826700, -113.603300, 61.750000 
52.235700, -111.788100, 204.797000 
58.568700, -119.201500, 42.720000 
52.322800, -114.020800, 49.400000 
54.116200, -114.856400, 23.820000 
54.243400, -110.762300, 53.300000 
54.290800, -116.918700, 138.070000 
58.943200, -118.916800, 191.695000 
52.322800, -114.020800, 51.200000 
51.213400, -110.336100, 21.370000 
52.326500, -111.128600, 39.392000 
51.488700, -113.153900, 161.400000 
54.210700, -110.241900, 64.730000 
55.582700, -110.888800, 83.230000 
52.592000, -113.967900, 5.460000 
54.141800, -110.925300, 23.230000 
51.058900, -115.174500, 415.000000 
51.209800, -110.161100, 13.010000 
52.904700, -115.324700, 92.660000 
53.039700, -111.220000, 54.282000 
54.345400, -110.025800, 52.090000 
55.074200, -117.274200, 66.009000 
53.529649, -113.495611, 1.750000 
54.139800, -115.689100, 7.200000 
55.069600, -110.536100, 308.130000 
54.140000, -115.553900, 20.605000 
54.238200, -115.379700, 96.800000 
52.373700, -114.076000, 5.540000 
55.866700, -119.596700, 35.459000 
54.432500, -110.306400, 63.080000 
54.545300, -112.670600, 30.113000 
53.952600, -112.390400, 26.829000 
51.770100, -111.422000, 17.100000 
50.701100, -111.095600, 62.080000 
55.203600, -116.615600, 107.750000 
50.847000, -113.591000, 67.290000 
53.821500, -113.490400, 75.850000 
52.923100, -111.882500, 46.900000 
51.024500, -114.025000, 28.800000 
51.222500, -114.495600, 308.611000 
53.819400, -113.141900, 37.970000 
51.915300, -113.578100, 668.136000 
55.268600, -114.584700, 2758.240000 
50.963300, -112.288300, 59.900000 
54.043500, -117.420000, 102.160000 
51.407800, -113.668300, 70.770000 
51.984500, -114.743800, 30.419000 
59.063100, -118.875700, 293.755000 
50.061200, -110.723000, 23.430000 
52.366500, -112.734900, 12.650000 
52.199300, -114.564900, 52.160000 
56.964500, -117.007100, 215.410000 
54.138100, -111.908300, 208.228000 
52.083200, -112.207800, 1.340000 
58.518800, -117.119500, 14115.340000 
52.479300, -115.206900, 23.080000 
53.736200, -113.833900, 37.333000 
53.799100, -113.080700, 54.206000 
54.359600, -116.152900, 95.740000 
53.890700, -117.354000, 151.934000 
51.649800, -110.187200, 19.840000 
49.729139, -112.781105, 22.428000 
51.028800, -114.044800, 38.205000 
52.926800, -111.889500, 23.900000 
52.544800, -114.641600, 130.730000 
53.519600, -113.529000, 122.059000 
