50.994100, -113.958300, 3.690000 
55.208300, -118.793000, 12.333000 
52.309150, -113.809970, 0.265000 
58.500900, -117.146000, 0.957000 
50.747700, -114.494700, 0.427000 
53.048100, -113.921000, 2.218000 
52.308300, -113.550000, 5.357000 
51.191300, -113.940900, 2.212000 
54.130900, -115.546700, 1.764000 
55.725100, -119.399900, 0.260000 
52.553700, -111.694000, 0.374000 
53.227700, -114.988900, 83.900000 
53.572500, -113.360600, 24.738000 
53.952700, -113.078000, 0.181000 
53.413300, -117.570600, 385.922000 
52.959300, -115.893800, 1.200000 
53.571700, -113.349800, 11.249000 
50.086600, -110.716700, 182.357000 
53.593060, -116.390300, 82.700000 
54.596400, -110.395000, 0.100000 
50.982200, -113.974200, 0.303000 
50.845800, -113.586700, 66.610000 
53.570000, -113.611400, 0.290000 
54.572300, -115.522900, 1.194000 
54.524700, -116.794300, 0.652000 
56.377200, -117.175600, 261.930000 
54.923116, -112.861867, 334.690000 
53.841600, -113.097900, 190.720000 
55.071200, -118.691200, 63.367000 
53.204500, -116.811200, 1.000000 
54.952700, -119.195300, 0.552000 
52.758100, -114.111600, 1.200000 
52.226300, -115.177000, 1.200000 
54.833300, -118.646700, 0.183000 
52.776100, -115.660700, 1.200000 
53.343600, -113.526900, 1.838000 
53.541700, -113.391700, 0.001000 
53.582300, -113.588600, 115.307000 
51.570800, -114.851700, 99.438000 
55.996700, -118.533600, 0.682000 
54.588800, -115.862500, 0.015000 
55.913200, -115.150400, 0.052000 
53.250200, -115.555500, 0.230000 
55.993500, -113.480500, 0.225000 
51.915300, -113.578100, 0.382000 
53.902300, -115.189300, 1.200000 
58.555500, -118.915900, 0.100000 
55.432500, -116.486000, 35.000000 
55.041500, -119.631000, 1.073000 
54.772900, -110.579000, 0.004000 
51.000700, -113.965670, 7.790000 
54.238200, -115.379700, 161.280000 
53.571290, -113.355400, 1.981000 
55.029800, -118.744000, 91.704000 
51.400100, -114.034300, 8.414000 
53.501040, -113.489732, 17.919000 
50.963600, -113.976680, 0.055000 
53.402700, -117.599300, 10.397000 
59.063100, -118.875700, 0.744000 
51.010160, -113.964210, 4.530000 
53.282300, -113.542000, 0.017000 
53.221200, -114.993900, 1.630000 
51.526000, -113.880000, 0.571000 
53.340200, -113.538100, 1.002000 
51.789600, -114.702800, 10.618000 
53.504000, -113.450200, 1.763000 
54.284800, -115.698000, 0.396000 
