53.388600, -115.315800, 1.211000 
49.372800, -110.672500, 0.029000 
52.696100, -114.863800, 0.529000 
54.045900, -115.313700, 0.001000 
49.449200, -111.616700, 0.299000 
55.358300, -114.617200, 0.191000 
54.952700, -119.195300, 2.027000 
54.194400, -116.632200, 2.072000 
51.534800, -114.203700, 1.270000 
54.833300, -118.646700, 2.967000 
53.541700, -113.391700, 3.258000 
52.758100, -114.111600, 2.532000 
53.746900, -113.164500, 2.052000 
50.747700, -114.494700, 0.257000 
52.553700, -111.694000, 0.083000 
53.546800, -113.734800, 3.031000 
52.226300, -115.177000, 2.010000 
53.245000, -115.674300, 0.808000 
53.952700, -113.078000, 0.063000 
53.572500, -113.360600, 2.062000 
54.572300, -115.522900, 1.718000 
54.596400, -110.395000, 0.542000 
55.335900, -119.223000, 0.148000 
54.524700, -116.794300, 1.565000 
52.776100, -115.660700, 3.204000 
50.647500, -113.772000, 0.209000 
53.181200, -115.762500, 0.451000 
55.725100, -119.399900, 0.401000 
52.959300, -115.893800, 3.280000 
49.305200, -114.000300, 1.044000 
53.048100, -113.921000, 3.308000 
55.996700, -118.533600, 0.601000 
51.570800, -114.851700, 0.343000 
53.795900, -113.099600, 1.882000 
53.288500, -110.018300, 0.422000 
54.423300, -117.760400, 1.588000 
53.652000, -116.099200, 0.911000 
51.191300, -113.940900, 0.362000 
53.344000, -114.305000, 3.082000 
51.965500, -114.753600, 0.439000 
56.380600, -116.795000, 0.988000 
52.146300, -115.330000, 1.610000 
54.923116, -112.861867, 1.200000 
53.804200, -113.082400, 6.844000 
52.308300, -113.550000, 13.164000 
57.003300, -111.466100, 14.100000 
57.040500, -111.619200, 52.219000 
53.733200, -113.175000, 0.231000 
53.543100, -117.797900, 1.581000 
54.427200, -116.884300, 1.396000 
56.981400, -111.475800, 1.052000 
55.489100, -119.750800, 0.131000 
57.054200, -111.917200, 0.174000 
54.510900, -115.511700, 1.794000 
53.902300, -115.189300, 0.574000 
55.393100, -110.738300, 0.006000 
52.035300, -115.137700, 2.745000 
55.041500, -119.631000, 2.240000 
55.199400, -116.221900, 0.163000 
52.588100, -111.206100, 0.056000 
51.915300, -113.578100, 1.294000 
54.772900, -110.579000, 0.229000 
53.757500, -113.149900, 0.771000 
57.351700, -111.522200, 7.138000 
53.544400, -113.366200, 0.120000 
53.740700, -113.023100, 2.166000 
51.526000, -113.880000, 3.234000 
53.557500, -116.547200, 0.762000 
54.284800, -115.698000, 5.855000 
52.228400, -114.397700, 2.379000 
52.674300, -111.311600, 0.064000 
58.555500, -118.915900, 0.963000 
53.550500, -113.358900, 2.188000 
53.550690, -113.349600, 9.685000 
53.616600, -115.711100, 1.395000 
50.963600, -113.976680, 1.995000 
53.745000, -110.810800, 0.148000 
53.170200, -114.975000, 0.247000 
54.420500, -110.213100, 0.058000 
51.400100, -114.034300, 1.018000 
52.656700, -111.311900, 0.012000 
52.869000, -115.101000, 0.912000 
55.833000, -119.470000, 0.001000 
53.581600, -113.599100, 8.503000 
55.069600, -110.536100, 1.554000 
53.091100, -111.768600, 0.096000 
57.546300, -119.112600, 1.193000 
51.696900, -114.475000, 2.212000 
53.373100, -116.086000, 1.033000 
53.530040, -113.402010, 1.754000 
52.172000, -114.599000, 0.061000 
53.286400, -110.017800, 0.011000 
58.501200, -117.145600, 35.000000 
52.904700, -115.324700, 1.080000 
