51.402600, -112.918100, 21.940000 
54.370800, -116.874800, 169.372000 
54.855000, -118.521900, 24.716000 
52.210100, -113.274300, 157.473000 
50.653300, -111.166100, 133.670000 
56.930900, -115.252200, 111.330000 
51.620900, -114.483500, 64.400000 
53.428700, -115.125800, 502.260000 
53.374300, -114.527900, 134.811000 
55.585600, -117.891600, 45.020000 
49.936700, -111.406500, 87.510000 
51.501500, -112.643700, 91.354000 
53.876200, -117.149000, 134.698000 
52.091000, -112.761500, 69.250000 
52.544800, -114.545200, 79.700000 
52.690300, -112.210000, 24.600000 
52.359300, -113.715200, 763.235000 
52.155700, -110.893800, 96.669000 
54.541800, -117.884100, 20.152000 
56.233200, -113.896400, 86.030000 
53.388600, -115.315800, 196.400000 
55.603900, -119.347800, 228.540000 
52.519400, -110.085200, 82.488000 
51.991800, -110.928600, 37.390000 
56.556900, -119.363900, 135.090000 
53.928400, -116.717200, 53.160000 
52.465000, -110.121000, 79.109000 
53.706600, -117.241000, 212.590000 
50.220300, -112.444200, 586.600000 
56.458600, -119.914300, 529.910000 
58.615900, -119.015700, 24.444000 
52.442900, -111.080500, 224.729000 
53.254000, -114.437900, 36.880000 
52.475700, -111.441400, 19.300000 
52.450400, -110.851900, 266.586000 
54.031100, -116.875700, 20.680000 
52.424800, -110.364700, 74.610000 
54.033400, -117.756900, 130.600000 
54.716400, -116.260900, 436.590000 
53.583000, -116.842000, 272.600000 
59.641800, -118.307800, 206.070000 
58.568700, -119.061500, 32.652000 
51.239700, -115.564600, 300.700000 
57.042500, -111.905000, 68.310000 
52.268400, -113.351800, 21.945000 
55.943900, -119.923100, 48.500000 
58.761500, -118.690400, 91.937000 
50.536900, -112.031500, 78.340000 
52.537600, -111.645900, 55.992000 
56.098600, -119.288100, 22.600000 
49.030800, -111.052700, 99.120000 
52.999100, -112.971000, 130.860000 
52.355700, -110.322500, 54.190000 
54.130600, -115.231400, 655.000000 
52.217300, -112.307300, 20.180000 
50.314700, -111.968400, 92.630000 
56.347100, -119.190500, 80.210000 
54.760400, -113.959500, 29.860000 
52.359300, -111.339200, 21.690000 
50.700700, -111.022200, 156.610000 
53.141200, -114.327900, 122.239000 
56.313200, -111.636200, 280.516000 
50.889600, -113.406800, 29.238000 
52.333700, -111.059400, 149.610000 
52.501200, -111.700100, 35.111000 
49.980300, -111.760100, 342.710000 
52.470100, -114.346400, 100.902000 
52.679300, -110.155200, 40.590000 
52.475700, -110.322500, 51.096000 
54.317700, -116.573000, 56.211000 
53.176000, -115.272300, 39.250000 
49.840300, -114.466800, 21.448000 
52.188200, -110.988300, 25.091000 
50.640600, -114.293200, 25.940000 
58.630400, -119.058200, 45.058000 
57.217500, -110.895000, 880.835000 
49.616400, -111.917300, 202.623000 
54.432500, -116.139700, 28.500000 
55.072800, -116.975700, 21.540000 
53.734200, -118.395600, 392.550000 
54.883700, -113.498300, 27.601000 
54.545400, -114.794200, 16.340000 
52.115800, -110.579400, 25.450000 
53.558600, -113.368000, 4152.000000 
51.482600, -113.300200, 207.142000 
55.178300, -117.509900, 20.599000 
50.700700, -112.654200, 31.234000 
50.013100, -112.611500, 68.640000 
52.628400, -110.136100, 41.720000 
53.272300, -114.725300, 53.039000 
53.566900, -118.022600, 156.330000 
53.539800, -113.397000, 62.250000 
53.952500, -113.113900, 106.500000 
56.051400, -119.589200, 192.580000 
52.381200, -112.199200, 452.926000 
52.969200, -116.692500, 61.450000 
56.284700, -116.113000, 60.900000 
52.621200, -112.211500, 1569.377000 
50.168300, -112.299800, 329.800000 
53.228700, -114.554100, 41.499000 
52.366500, -110.791600, 51.096000 
54.103500, -116.608000, 305.817000 
52.650300, -116.115300, 181.750000 
56.364200, -119.934300, 324.270000 
55.107500, -119.361400, 44.389000 
58.356600, -118.970800, 49.240000 
55.378300, -118.499700, 508.270000 
50.073300, -112.673700, 215.570000 
54.772900, -118.981500, 25.510000 
50.154700, -112.461500, 25.080000 
53.413300, -117.570600, 1590.970000 
57.003300, -111.466100, 25778.930000 
52.564700, -112.141400, 22961.000000 
54.833300, -118.646700, 545.370000 
56.380600, -116.795000, 3398.960000 
55.335900, -119.223000, 101.610000 
53.952700, -113.078000, 213.000000 
52.146300, -115.330000, 13291.800000 
50.647500, -113.772000, 2496.190000 
52.776100, -115.660700, 964.400000 
51.742300, -114.134500, 2933.200000 
53.722900, -113.174000, 360.180000 
53.746900, -113.164500, 165.800000 
51.570800, -114.851700, 8126.268000 
53.204500, -116.811200, 7928.130000 
53.652000, -116.099200, 976.934000 
54.007100, -119.104000, 2202.000000 
53.841600, -113.097900, 1605.510000 
52.959300, -115.893800, 157.160000 
53.288500, -110.018300, 28.343000 
52.758100, -114.111600, 263.400000 
54.423300, -117.760400, 567.860000 
57.040500, -111.619200, 83987.601000 
51.219500, -114.645400, 1854.270000 
52.463000, -114.346500, 60.470000 
53.541700, -113.391700, 4800.429000 
52.226300, -115.177000, 1696.400000 
53.181200, -115.762500, 2836.780000 
53.560000, -114.486200, 6137.150000 
56.377200, -117.175600, 1531.260000 
52.553700, -111.694000, 88.242000 
53.721700, -113.191700, 382.943000 
51.531700, -111.786100, 39187.000000 
53.733200, -113.175000, 49.911000 
53.718500, -113.183000, 0.096000 
52.940400, -114.832300, 214.380000 
49.713599, -112.796397, 0.106000 
49.305200, -114.000300, 11576.400000 
53.572500, -113.360600, 3.162000 
53.508500, -114.557100, 30531.830000 
53.448700, -114.449100, 12626.820000 
53.804200, -113.082400, 2.172000 
54.524700, -116.794300, 649.800000 
52.308300, -113.550000, 55.303000 
54.194400, -116.632200, 11175.600000 
50.805300, -110.034900, 16.700000 
53.344000, -114.305000, 16680.240000 
53.529100, -113.387500, 60.210000 
54.130900, -115.546700, 1662.300000 
53.733200, -113.486200, 29.850000 
53.245000, -115.674300, 33.600000 
54.596400, -110.395000, 2414.408000 
51.191300, -113.940900, 4329.400000 
53.048100, -113.921000, 211.300000 
55.725100, -119.399900, 526.750000 
55.071200, -118.691200, 1251.518000 
50.747700, -114.494700, 2182.700000 
58.500000, -119.416700, 519.060000 
53.795900, -113.099600, 98.120000 
51.965500, -114.753600, 3336.483000 
54.572300, -115.522900, 1335.800000 
51.534800, -114.203700, 421.400000 
51.039600, -114.559000, 9043.000000 
54.923116, -112.861867, 353.000000 
54.538100, -115.932300, 64.340000 
53.581600, -113.599100, 83.117000 
53.250200, -115.555500, 32.440000 
59.230700, -119.275900, 277.306000 
51.012800, -114.022000, 83.237000 
51.058900, -115.174500, 1745.000000 
51.696900, -114.475000, 173.520000 
50.471500, -111.606500, 100.680000 
55.913200, -115.150400, 22.990000 
55.489100, -119.750800, 876.470000 
55.248100, -114.514000, 0.130000 
59.067000, -118.875900, 504.025000 
52.327100, -112.718300, 636.300000 
55.268600, -114.584700, 2.332000 
52.588400, -113.161800, 23.883000 
53.557500, -116.547200, 1704.400000 
50.129400, -111.908400, 217.650000 
55.876700, -119.301100, 22.000000 
58.943200, -118.916800, 278.477000 
55.074200, -117.274200, 903.480000 
58.555500, -118.915900, 258.300000 
58.568700, -119.201500, 353.090000 
59.063100, -118.875700, 153.771000 
53.817200, -113.133600, 270.160000 
55.582700, -110.888800, 174.520000 
55.698300, -118.783300, 64.010000 
53.010600, -112.810000, 0.257000 
54.284800, -115.698000, 259.241000 
57.076100, -111.918900, 6.490000 
53.431000, -117.540600, 0.456000 
51.540900, -112.841700, 135.620000 
55.969400, -117.575600, 60.940000 
57.546300, -119.112600, 60.310000 
49.693900, -112.096200, 39.320000 
51.056600, -115.164300, 222.027000 
51.024500, -114.025000, 6.000000 
52.255700, -113.886000, 0.278000 
51.400100, -114.034300, 2768.600000 
53.531993, -113.364925, 7.920000 
54.772900, -110.579000, 633.392000 
52.412900, -114.407600, 72.400000 
53.472878, -113.616936, 0.012000 
50.269600, -112.893800, 48.950000 
52.122900, -110.570500, 85.450000 
51.962900, -111.016100, 21.066000 
55.481900, -119.059200, 3171.590000 
53.902300, -115.189300, 1.410000 
55.750300, -119.684300, 171.100000 
51.911800, -111.188100, 64.664000 
53.821500, -113.490400, 82.330000 
54.846700, -112.567500, 0.024000 
52.308300, -113.550000, 1.297000 
53.529649, -113.495611, 0.012000 
55.069600, -110.536100, 652.850000 
49.628100, -114.571900, 2396.400000 
53.550500, -113.358900, 1379.980000 
52.333700, -111.357300, 127.235000 
53.740700, -113.023100, 6971.100000 
53.645100, -114.130200, 3.550000 
50.061200, -110.723000, 124.607000 
51.052000, -114.010500, 0.010000 
52.421200, -110.388600, 49.577000 
53.560800, -113.415300, 81.500000 
52.402900, -111.736200, 20.360000 
52.904700, -115.324700, 9.660000 
54.185400, -116.210400, 2157.000000 
52.555700, -111.805300, 829.040000 
53.132300, -115.981700, 2809.600000 
55.040000, -115.475800, 45.783000 
52.766100, -114.285600, 128.046000 
53.861500, -114.756100, 23.620000 
51.526000, -113.880000, 1088.880000 
52.479300, -110.936100, 149.520000 
52.079300, -110.636400, 381.920000 
52.228400, -114.397700, 184.451000 
51.915300, -113.578100, 2536.481000 
51.649800, -110.187200, 69.001000 
53.582200, -113.544400, 0.001000 
49.725300, -112.790000, 0.006000 
54.427200, -116.884300, 2268.500000 
