53.181200, -115.762500, 12.075000 
51.219500, -114.645400, 15.280000 
51.570800, -114.851700, 247.772000 
52.226300, -115.177000, 33.510000 
51.191300, -113.940900, 135.303000 
52.758100, -114.111600, 3.461000 
53.204500, -116.811200, 221.213000 
55.725100, -119.399900, 13.170000 
51.039600, -114.559000, 307.200000 
49.305200, -114.000300, 43.650000 
53.746900, -113.164500, 0.945000 
54.833300, -118.646700, 13.293000 
52.146300, -115.330000, 287.170000 
54.194400, -116.632200, 72.150000 
53.733200, -113.486200, 1.541000 
50.747700, -114.494700, 120.216000 
57.003300, -111.466100, 44.040000 
52.776100, -115.660700, 1.755000 
54.427200, -116.884300, 33.690000 
51.526000, -113.880000, 17.303000 
53.132300, -115.981700, 97.430000 
57.546300, -119.112600, 0.344000 
54.185400, -116.210400, 54.380000 
53.557500, -116.547200, 8.344000 
