50.982200, -113.974200, 0.012000 
55.071200, -118.691200, 22.395000 
52.564700, -112.141400, 131.291000 
54.923116, -112.861867, 8.580000 
53.733200, -113.175000, 6.215000 
53.413300, -117.570600, 27.899000 
53.533000, -113.411500, 0.349000 
53.344000, -114.305000, 23.431000 
53.570000, -113.611400, 0.119000 
54.775000, -115.218600, 0.204000 
51.531700, -111.786100, 99.064000 
53.541700, -113.391700, 16.832000 
53.448700, -114.449100, 23.648000 
56.377200, -117.175600, 8.036000 
55.070600, -118.688800, 0.013000 
53.560000, -114.486200, 12.378000 
53.550500, -113.358900, 10.014000 
53.798900, -112.898400, 0.042000 
