54.923116, -112.861867, 10.710000 
52.564700, -112.141400, 25.435000 
53.795900, -113.099600, 0.776000 
56.377200, -117.175600, 3.956000 
53.344000, -114.305000, 9.590000 
55.071200, -118.691200, 7.062000 
53.413300, -117.570600, 8.000000 
53.721700, -113.191700, 9.993000 
53.541700, -113.391700, 162.843000 
51.039600, -114.559000, 60.000000 
53.560000, -114.486200, 9.093000 
53.841600, -113.097900, 20.800000 
53.508500, -114.557100, 38.341000 
53.448700, -114.449100, 15.856000 
53.288500, -110.018300, 2.226000 
57.040500, -111.619200, 1129.425000 
57.003300, -111.466100, 369.040000 
53.550500, -113.358900, 114.495000 
