56.098600, -119.288100, 1.520000 
53.388600, -115.315800, 7.279000 
59.641800, -118.307800, 2.952000 
52.553700, -111.694000, 4.357000 
54.833300, -118.646700, 4.973000 
51.570800, -114.851700, 1.939000 
52.226300, -115.177000, 37.019000 
53.204500, -116.811200, 26.371000 
55.996700, -118.533600, 2.892000 
53.288500, -110.018300, 1.275000 
53.652000, -116.099200, 11.611000 
53.413300, -117.570600, 27.100000 
53.245000, -115.674300, 2.123000 
51.191300, -113.940900, 3.434000 
55.725100, -119.399900, 9.591000 
49.305200, -114.000300, 29.205000 
53.795900, -113.099600, 0.973000 
53.048100, -113.921000, 6.433000 
52.308300, -113.550000, 0.001000 
53.546800, -113.734800, 1.016000 
50.747700, -114.494700, 18.772000 
54.923116, -112.861867, 5.547000 
58.500000, -119.416700, 7.245000 
51.965500, -114.753600, 357.590000 
55.071200, -118.691200, 9.358000 
53.746900, -113.164500, 0.140000 
53.722900, -113.174000, 0.009000 
52.146300, -115.330000, 114.830000 
51.534800, -114.203700, 0.249000 
56.380600, -116.795000, 0.247000 
51.039600, -114.559000, 2.400000 
55.358300, -114.617200, 0.101000 
54.194400, -116.632200, 16.728000 
53.952700, -113.078000, 3.287000 
52.776100, -115.660700, 3.191000 
53.733200, -113.175000, 0.119000 
56.377200, -117.175600, 10.620000 
53.181200, -115.762500, 26.001000 
52.959300, -115.893800, 6.360000 
51.219500, -114.645400, 1.918000 
57.040500, -111.619200, 31.447000 
55.335900, -119.223000, 3.754000 
53.541700, -113.391700, 3.173000 
54.572300, -115.522900, 14.628000 
50.647500, -113.772000, 2.885000 
57.003300, -111.466100, 14.715000 
54.524700, -116.794300, 0.108000 
54.423300, -117.760400, 2.884000 
52.758100, -114.111600, 2.644000 
54.596400, -110.395000, 13.238000 
51.400100, -114.034300, 5.608000 
57.546300, -119.112600, 0.036000 
51.222500, -114.495600, 0.048000 
52.904700, -115.324700, 0.468000 
53.550500, -113.358900, 2.479000 
53.721800, -113.192700, 0.001000 
53.132300, -115.981700, 20.446000 
58.555500, -118.915900, 5.252000 
54.284800, -115.698000, 10.486000 
55.074200, -117.274200, 3.208000 
59.063100, -118.875700, 0.240000 
51.915300, -113.578100, 3.585000 
54.185400, -116.210400, 8.010000 
53.740700, -113.023100, 11.200000 
53.557500, -116.547200, 0.106000 
50.269600, -112.893800, 0.586000 
55.876700, -119.301100, 2.810000 
49.628100, -114.571900, 5.451000 
57.054200, -111.917200, 1.416000 
54.427200, -116.884300, 14.070000 
52.095600, -114.799300, 0.064000 
51.526000, -113.880000, 28.922000 
55.489100, -119.750800, 12.413000 
55.913200, -115.150400, 0.318000 
55.481900, -119.059200, 23.298000 
53.543100, -117.797900, 0.484000 
56.981400, -111.475800, 7.665000 
55.393100, -110.738300, 0.018000 
54.510900, -115.511700, 0.368000 
53.902300, -115.189300, 0.231000 
53.250200, -115.555500, 22.844000 
51.696900, -114.475000, 1.529000 
52.588100, -111.206100, 0.361000 
