53.388600, -115.315800, 0.101000 
57.590100, -117.531700, 0.037000 
52.696100, -114.863800, 0.005000 
52.292200, -113.816900, 0.452000 
53.288500, -110.018300, 0.271000 
54.524700, -116.794300, 0.015000 
54.572300, -115.522900, 0.567000 
50.747700, -114.494700, 0.015000 
55.996700, -118.533600, 0.005000 
53.952700, -113.078000, 0.497000 
54.194400, -116.632200, 0.414000 
52.553700, -111.694000, 0.099000 
52.146300, -115.330000, 0.045000 
52.758100, -114.111600, 0.320000 
52.959300, -115.893800, 0.563000 
52.226300, -115.177000, 0.111000 
53.541700, -113.391700, 1.564000 
51.191300, -113.940900, 0.031000 
53.795900, -113.099600, 2.536000 
57.003300, -111.466100, 45.200000 
57.040500, -111.619200, 55.914000 
55.725100, -119.399900, 0.052000 
51.965500, -114.753600, 0.288000 
52.776100, -115.660700, 0.164000 
53.546800, -113.734800, 0.078000 
51.570800, -114.851700, 0.129000 
55.358300, -114.617200, 0.034000 
53.746900, -113.164500, 0.050000 
53.652000, -116.099200, 0.358000 
53.245000, -115.674300, 0.135000 
53.902300, -115.189300, 0.246000 
49.628100, -114.571900, 0.023000 
57.546300, -119.112600, 0.127000 
53.616600, -115.711100, 0.013000 
53.527200, -113.354800, 0.066000 
53.250200, -115.555500, 0.214000 
50.959200, -113.981200, 0.040000 
50.963600, -113.976680, 0.121000 
54.510900, -115.511700, 0.272000 
52.904700, -115.324700, 0.155000 
52.869000, -115.101000, 0.032000 
53.091100, -111.768600, 0.049000 
53.340200, -113.538100, 0.001000 
53.498700, -113.383100, 0.020000 
53.950900, -113.088100, 0.001000 
51.696900, -114.475000, 0.120000 
55.489100, -119.750800, 0.002000 
53.530040, -113.402010, 0.425000 
53.544400, -113.366200, 0.030000 
53.373100, -116.086000, 0.089000 
53.550500, -113.358900, 6.311000 
53.557500, -116.547200, 0.018000 
50.269600, -112.893800, 0.003000 
55.041500, -119.631000, 0.100000 
