55.160200, -118.818400, 36.376000 
49.789400, -112.126100, 29.400000 
50.086600, -110.716700, 2231.662000 
50.846700, -113.581170, 46.300000 
53.560000, -114.486200, 128.520000 
53.448700, -114.449100, 0.389000 
54.923116, -112.861867, 83.240000 
55.071200, -118.691200, 67.923000 
57.040500, -111.619200, 1831.623000 
53.804200, -113.082400, 1.233000 
53.204500, -116.811200, 6.935000 
53.841600, -113.097900, 2468.680000 
53.721700, -113.191700, 11.548000 
54.144400, -115.691700, 0.158000 
53.541700, -113.391700, 1.279000 
52.322100, -113.516600, 49.559000 
53.571700, -113.349800, 46.773000 
53.413300, -117.570600, 57.865000 
56.377200, -117.175600, 120.410000 
50.845800, -113.586700, 1315.111000 
50.597600, -111.881800, 13.494000 
53.628800, -113.307700, 61.000000 
53.719000, -113.205600, 11.010000 
53.319300, -113.518000, 1.089000 
51.012800, -114.022000, 326.803000 
50.912700, -114.011800, 60.352000 
51.075800, -115.338300, 5.540000 
52.308800, -113.790000, 33.800000 
53.725400, -113.193000, 506.280000 
49.705800, -112.755500, 1.650000 
53.721800, -113.192700, 159.957000 
53.394200, -113.570700, 0.038000 
52.266000, -113.808200, 1.000000 
51.026100, -113.387800, 3.050000 
49.693900, -112.096200, 3.868000 
53.560800, -113.415300, 205.400000 
