51.209800, -113.141000, 12.420000 
51.217000, -113.977700, 17.520000 
50.795100, -112.017800, 11.870000 
52.064400, -115.131800, 10.956000 
53.215900, -116.497000, 12.840000 
56.095100, -113.448600, 11.470000 
51.635300, -112.531400, 44.824000 
51.878900, -115.093200, 11.418000 
54.949300, -110.622600, 30.600000 
50.223900, -110.899700, 33.830000 
51.388100, -110.772500, 14.790000 
50.223900, -110.761900, 34.030000 
55.847500, -111.358600, 10.352000 
50.915100, -112.451700, 12.080000 
55.047300, -110.577800, 56.040000 
52.584630, -114.366953, 10.709000 
51.911800, -114.512900, 10.679000 
52.708400, -114.446600, 16.710000 
50.485900, -111.451200, 21.010000 
51.409800, -113.094600, 16.080000 
51.897200, -115.040200, 12.501000 
50.224000, -110.037500, 33.280000 
51.402400, -112.918100, 15.520000 
51.962900, -114.732100, 12.880000 
55.884400, -113.291000, 11.724000 
54.816000, -118.715600, 12.607000 
54.963600, -117.670700, 21.598000 
57.200900, -112.905700, 31.786000 
50.398600, -110.503300, 12.780000 
51.581600, -113.840400, 13.050000 
55.631500, -112.189600, 10.367000 
56.135000, -113.028300, 10.617000 
57.485900, -113.793100, 11.232000 
51.304300, -112.653700, 16.150000 
51.006200, -113.176000, 13.170000 
52.090000, -115.161600, 11.392000 
55.891800, -111.717900, 10.500000 
57.266800, -114.892000, 10.993000 
55.378300, -119.760600, 12.610000 
51.948100, -115.081600, 10.047000 
51.275400, -112.906500, 16.900000 
55.294800, -110.795100, 48.300000 
54.196200, -111.658400, 52.400000 
54.387000, -116.966700, 16.550000 
55.651800, -111.084400, 11.010000 
51.281700, -113.428000, 13.566000 
50.485900, -111.702200, 13.763000 
58.601100, -118.787200, 10.570000 
51.046200, -112.044500, 11.638000 
56.930900, -115.252200, 68.502000 
54.829200, -119.668600, 10.947000 
53.574200, -116.646900, 12.840000 
51.315900, -113.428500, 16.100000 
53.981500, -116.999800, 10.925000 
56.215000, -110.968100, 39.270000 
56.027200, -115.328300, 46.900000 
53.090400, -115.245000, 11.668000 
53.103200, -115.363400, 28.460000 
51.715300, -111.702200, 41.000000 
54.607200, -119.332000, 17.587000 
54.800000, -119.775600, 12.350000 
54.974300, -117.285800, 11.840000 
55.691200, -111.275900, 14.916000 
53.076000, -111.299800, 13.700000 
55.883900, -117.462000, 19.323000 
52.050100, -112.728300, 12.080000 
54.720000, -119.110600, 4.091000 
50.817000, -113.100200, 10.794000 
49.729200, -114.427200, 20.224000 
50.006500, -114.146000, 25.170000 
58.110400, -118.115600, 12.900000 
49.616400, -112.472000, 25.680000 
59.601800, -117.409700, 16.870000 
56.233200, -113.896400, 17.500000 
53.504050, -113.374400, 29.900000 
51.093400, -112.820100, 13.300000 
54.887200, -119.828100, 14.280000 
51.871800, -112.887600, 11.000000 
50.443500, -113.952200, 13.110000 
51.024500, -111.642800, 12.370000 
50.957700, -113.714500, 10.650000 
53.388600, -115.315800, 152.187000 
50.981000, -113.967800, 22.000000 
57.604400, -118.999800, 27.548000 
53.610600, -117.695900, 10.080000 
52.747000, -115.255600, 13.580000 
52.708400, -115.428900, 10.820000 
53.614300, -116.956500, 13.140000 
54.025400, -117.018400, 14.560000 
55.385700, -113.001600, 14.000000 
49.684600, -112.814600, 12.000000 
55.433300, -116.483200, 43.000000 
52.435700, -113.390400, 15.801000 
54.363300, -116.624000, 23.052000 
57.502800, -118.745700, 13.103000 
53.583000, -116.842000, 37.627000 
55.352900, -110.627800, 25.384000 
55.125000, -111.690600, 10.020000 
50.202700, -110.661300, 11.205000 
52.140800, -112.157200, 16.203000 
57.042500, -111.905000, 14.709000 
50.718600, -111.322200, 11.790000 
56.347100, -119.190500, 11.912000 
53.561500, -116.577900, 398.151000 
56.199000, -110.675100, 12.859000 
56.098600, -119.288100, 4.100000 
50.311200, -110.296600, 11.450000 
54.494400, -118.198900, 18.288000 
50.965900, -113.030200, 14.110000 
51.828100, -114.980700, 10.511000 
51.813600, -112.454200, 11.760000 
53.752300, -117.099300, 111.740000 
54.702500, -112.900400, 11.866000 
53.392300, -115.316900, 20.670000 
57.338900, -119.657100, 23.390000 
59.641800, -118.307800, 37.179000 
53.392300, -115.310800, 9.980000 
53.770600, -117.601400, 11.515000 
56.281800, -119.166800, 10.357000 
58.081200, -117.828800, 20.337000 
50.591500, -111.780300, 17.560000 
55.585600, -117.891600, 15.727000 
54.348900, -119.463300, 10.809000 
53.193400, -110.863100, 16.016000 
55.640300, -118.502800, 13.013000 
55.917500, -119.835200, 10.951000 
53.035900, -111.403600, 24.390000 
50.897000, -111.693700, 13.125000 
55.309200, -119.205800, 21.100000 
53.159500, -114.902800, 212.313000 
53.024700, -115.531100, 12.360000 
53.277000, -110.481000, 10.758000 
57.877200, -119.740900, 70.455000 
51.377000, -114.814600, 10.054000 
54.033400, -117.756900, 35.920000 
53.499300, -116.805300, 32.904000 
55.396500, -110.737300, 35.970000 
52.610400, -114.821800, 10.681000 
56.622700, -119.946500, 19.470000 
50.922300, -112.003700, 11.170000 
51.915400, -111.744500, 11.360000 
55.509300, -114.146900, 15.400000 
54.436200, -111.205100, 17.143000 
55.429200, -113.618100, 16.659000 
54.800000, -115.520600, 12.350000 
59.601800, -117.409700, 16.380000 
55.640300, -119.627000, 23.763000 
54.385300, -118.624900, 13.925000 
52.424800, -113.833200, 2052.700000 
50.994100, -113.958300, 215.490000 
54.239700, -118.593500, 20.000000 
52.941200, -118.043000, 46.769000 
55.208300, -118.793000, 12.349000 
50.632000, -114.240300, 27.500000 
52.963700, -111.364700, 10.000000 
58.727600, -111.136400, 13.016000 
55.452700, -117.259800, 42.000000 
55.416400, -117.304400, 41.000000 
53.925200, -112.736300, 18.400000 
54.263100, -118.576800, 0.664000 
54.343100, -118.595300, 0.664000 
52.424800, -113.869300, 836.600000 
53.175900, -115.271100, 159.100000 
52.435800, -113.851300, 4780.200000 
54.198400, -119.053700, 10.196000 
58.339500, -118.536800, 12.244000 
53.499900, -113.418000, 13.880000 
56.271846, -111.498890, 17.084000 
54.452300, -114.874300, 18.780000 
53.578344, -115.855642, 11.310000 
54.353900, -114.811100, 14.160000 
54.980400, -117.292000, 12.055000 
50.565900, -112.640300, 13.070000 
52.764900, -114.957500, 13.220000 
52.774000, -112.914300, 10.459000 
49.449200, -111.616700, 95.392000 
54.823200, -117.659000, 10.486000 
55.965300, -119.935100, 12.375000 
50.993800, -113.990000, 11.621000 
52.788400, -113.108500, 12.896000 
57.382700, -118.979400, 17.483000 
54.162360, -115.733900, 21.783000 
53.854300, -117.391200, 20.360000 
55.509200, -118.101900, 12.859000 
54.054200, -118.308700, 14.918000 
53.887000, -116.396900, 12.863000 
49.119100, -113.761500, 15.468000 
56.973300, -116.585000, 7.275000 
54.061800, -117.447300, 27.930000 
56.666700, -111.345100, 14.110000 
54.105400, -117.526500, 48.900000 
56.218700, -116.251300, 41.156000 
52.875700, -111.422500, 10.990000 
54.225300, -118.305200, 11.000000 
52.875700, -111.483300, 17.180000 
49.229200, -114.029100, 16.283000 
53.534300, -110.786600, 15.556000 
51.411700, -114.027000, 39.139000 
49.488900, -113.955100, 20.643000 
54.374400, -117.275900, 19.694000 
57.217500, -110.895000, 59.753000 
52.604900, -113.196300, 19.265000 
55.396400, -119.503100, 12.374000 
54.166900, -118.486900, 27.594000 
52.942400, -113.511100, 360.275000 
53.737500, -113.149000, 13.179000 
53.444100, -113.491800, 21.365000 
52.696100, -114.863800, 48.784000 
50.431200, -111.589200, 10.713000 
53.346200, -113.517200, 15.846000 
53.566900, -118.022600, 12.888000 
52.031800, -112.629500, 10.311000 
58.781600, -118.602700, 30.762000 
58.963400, -118.361500, 12.409000 
58.255700, -119.187300, 11.760000 
52.766700, -116.393000, 20.969000 
58.368300, -118.990000, 11.650000 
51.905300, -112.735300, 17.560000 
55.491170, -116.186500, 14.094000 
55.318300, -116.491800, 13.820000 
54.016200, -117.154000, 11.483000 
50.084400, -110.607000, 11.974000 
53.288900, -110.012000, 12.190000 
53.941500, -116.720100, 11.143000 
53.712300, -116.148900, 19.232000 
53.288500, -110.018300, 268.729000 
56.377200, -117.175600, 177.920000 
50.983000, -113.988400, 97.700000 
53.841600, -113.097900, 213.950000 
53.652000, -116.099200, 126.576000 
51.219500, -114.645400, 46.085000 
53.795900, -113.099600, 107.904000 
53.421300, -113.904400, 11.224000 
52.226300, -115.177000, 264.787000 
52.146300, -115.330000, 459.370000 
54.923116, -112.861867, 142.550000 
50.647500, -113.772000, 28.990000 
56.380600, -116.795000, 379.305000 
50.987300, -113.971000, 201.387000 
53.722900, -113.174000, 2.300000 
53.204500, -116.811200, 467.914000 
51.181625, -114.472100, 30.552000 
53.508500, -114.557100, 271.632000 
52.553700, -111.694000, 26.600000 
51.637200, -112.866000, 42.800000 
50.805300, -110.034900, 17.700000 
51.022770, -114.027660, 1244.166000 
53.245000, -115.674300, 108.479000 
57.040500, -111.619200, 7678.416000 
53.541700, -113.391700, 910.295000 
54.194400, -116.632200, 440.411000 
53.733200, -113.175000, 396.643000 
52.776100, -115.660700, 133.200000 
51.419100, -114.027000, 275.984000 
53.546800, -113.734800, 143.368000 
53.804200, -113.082400, 98.625000 
54.952700, -119.195300, 101.195000 
50.086600, -110.716700, 219.997000 
53.560000, -114.486200, 39.781000 
54.833300, -118.646700, 85.216000 
53.746900, -113.164500, 562.592000 
52.758100, -114.111600, 395.210000 
55.358300, -114.617200, 71.606000 
54.423300, -117.760400, 76.656000 
53.559400, -113.597500, 10.017000 
57.003300, -111.466100, 16599.030000 
54.572300, -115.522900, 231.575000 
53.529100, -113.387500, 65.492000 
53.227700, -114.988900, 566.740000 
52.308300, -113.550000, 433.893000 
55.996700, -118.533600, 79.106000 
54.130900, -115.546700, 27.178000 
54.524700, -116.794300, 261.561000 
50.845800, -113.586700, 96.473000 
53.478700, -113.482700, 18.100000 
58.500000, -119.416700, 72.210000 
53.593060, -116.390300, 390.100000 
49.713599, -112.796397, 1051.333000 
53.344000, -114.305000, 20.532000 
52.385800, -113.595000, 167.365000 
51.570800, -114.851700, 367.642000 
53.181200, -115.762500, 51.156000 
52.940400, -114.832300, 6.730000 
53.952700, -113.078000, 80.940000 
55.269500, -114.598300, 141.960000 
53.539700, -113.409200, 416.200000 
49.720100, -112.781900, 31.480000 
53.572500, -113.360600, 84.882000 
55.725100, -119.399900, 73.322000 
50.747700, -114.494700, 280.890000 
52.033030, -113.938910, 68.192000 
51.039600, -114.559000, 638.000000 
53.582300, -113.588600, 143.836000 
51.534800, -114.203700, 131.036000 
53.413300, -117.570600, 230.317000 
51.965500, -114.753600, 349.995000 
50.675600, -110.025000, 184.843000 
55.071200, -118.691200, 276.668000 
54.775000, -115.218600, 3.419000 
55.335900, -119.223000, 18.470000 
51.742300, -114.134500, 38.176000 
52.496000, -114.988000, 23.992000 
51.191300, -113.940900, 368.823000 
53.354600, -113.715000, 57.375000 
54.596400, -110.395000, 228.923000 
53.571700, -113.349800, 42.627000 
49.305200, -114.000300, 403.046000 
53.448700, -114.449100, 101.354000 
53.048100, -113.921000, 735.978000 
52.959300, -115.893800, 238.406000 
54.284800, -115.698000, 242.317000 
58.555500, -118.915900, 146.729000 
51.915300, -113.578100, 70.264000 
53.472878, -113.616936, 0.104000 
53.529649, -113.495611, 0.115000 
53.550500, -113.358900, 661.394000 
50.577200, -111.178100, 49.340000 
53.091100, -111.768600, 111.110000 
52.904700, -115.324700, 226.991000 
55.069600, -110.536100, 25.870000 
53.373100, -116.086000, 280.564000 
52.869000, -115.101000, 185.339000 
50.981270, -113.971610, 41.330000 
56.981400, -111.462500, 95.594000 
50.671900, -110.028900, 23.350000 
52.315900, -113.850000, 210.093000 
50.697800, -111.531000, 22.520000 
52.301100, -113.856100, 28.802000 
51.024500, -114.025000, 0.750000 
53.481700, -113.489000, 31.582000 
57.351700, -111.522200, 4941.016000 
53.527200, -113.354800, 474.047000 
51.001000, -114.061200, 179.899000 
50.959200, -113.981200, 361.987000 
57.076100, -111.918900, 30.333000 
57.298900, -111.503300, 3024.174000 
52.674300, -111.311600, 15.124000 
50.269600, -112.893800, 19.450000 
53.550690, -113.349600, 834.000000 
52.766100, -114.285600, 4.268000 
54.846700, -112.567500, 1.222000 
53.593600, -113.335600, 24.500000 
53.286400, -110.017800, 23.546000 
52.656700, -111.311900, 19.844000 
53.402700, -117.599300, 113.083000 
52.308300, -113.550000, 0.185000 
52.405800, -114.391900, 31.600000 
51.910600, -114.668100, 34.400000 
51.015020, -114.026480, 40.230000 
53.582200, -113.544400, 0.007000 
51.052000, -114.010500, 0.093000 
52.046500, -114.588800, 49.130000 
49.725300, -112.790000, 0.042000 
50.963600, -113.976680, 920.155000 
53.530040, -113.402010, 786.773000 
58.568700, -119.201500, 80.570000 
51.045078, -114.092040, 13.900000 
57.364000, -119.763000, 17.612000 
52.746800, -112.988000, 16.205000 
52.366500, -113.191800, 16.535000 
52.104400, -110.695000, 10.760000 
54.785300, -117.658000, 17.934000 
50.471500, -111.606500, 59.540000 
51.488700, -113.153900, 14.750000 
53.416800, -113.917700, 16.783000 
55.891100, -119.798600, 18.439000 
53.890700, -117.354000, 60.735000 
55.396400, -119.599700, 18.834000 
50.129400, -111.908400, 23.917000 
59.165100, -118.725800, 12.844000 
53.977100, -117.285100, 19.650000 
55.720300, -119.406100, 22.234000 
53.571300, -113.339300, 16.522000 
51.024190, -114.035300, 120.620000 
53.573900, -113.597100, 89.745000 
52.375200, -114.921600, 300.805000 
53.584100, -113.614400, 29.239000 
52.255700, -113.886000, 3.356000 
51.016000, -114.061400, 11.000000 
53.431000, -117.540600, 0.323000 
53.544400, -113.366200, 34.400000 
53.645100, -114.130200, 1.817000 
56.981400, -111.475800, 486.824000 
53.010600, -112.810000, 0.961000 
53.576230, -113.595660, 123.007000 
51.004250, -114.050900, 21.230000 
53.501040, -113.489732, 80.139000 
53.543100, -117.797900, 519.794000 
53.319800, -113.571800, 30.000000 
52.588100, -111.206100, 22.395000 
57.054200, -111.917200, 74.381000 
55.489100, -119.750800, 15.160000 
51.034710, -114.025600, 38.960000 
55.029800, -118.744000, 382.382000 
55.041500, -119.631000, 40.360000 
53.725400, -113.193000, 13.210000 
55.481900, -119.059200, 24.310000 
51.789600, -114.702800, 89.340000 
49.701943, -112.803037, 414.860000 
54.238200, -115.379700, 449.500000 
51.001700, -113.994000, 22.900000 
50.597600, -111.881800, 21.650000 
50.583700, -113.871100, 11.894000 
53.250200, -115.555500, 76.210000 
52.228400, -114.397700, 132.261000 
51.005290, -114.058570, 128.300000 
55.273300, -114.599700, 167.348000 
56.603400, -115.291400, 205.139000 
57.546300, -119.112600, 136.843000 
55.162300, -118.816600, 174.040000 
56.389600, -118.950300, 14.480000 
49.628100, -114.571900, 13.222000 
54.772900, -110.579000, 165.470000 
54.185400, -116.210400, 219.366000 
53.022700, -112.811400, 39.600000 
51.400100, -114.034300, 69.640000 
53.757500, -113.149900, 93.092000 
53.504000, -113.450200, 9.193000 
51.526000, -113.880000, 175.739000 
53.531993, -113.364925, 54.270000 
53.544350, -113.374010, 15.500000 
51.696900, -114.475000, 190.040000 
53.456206, -113.487312, 361.590000 
53.728270, -113.235520, 118.448000 
52.035300, -115.137700, 126.680000 
54.510900, -115.511700, 132.129000 
53.283800, -110.031900, 187.575000 
53.132300, -115.981700, 157.074000 
54.427200, -116.884300, 264.199000 
55.913200, -115.150400, 61.030000 
55.993500, -113.480500, 88.959000 
53.532000, -113.394000, 15.940000 
53.563200, -113.634800, 26.687000 
55.268600, -114.584700, 296.490000 
50.058200, -110.728200, 31.381000 
54.133300, -115.366600, 213.999000 
55.199400, -116.221900, 18.540000 
49.729139, -112.781105, 14.426000 
54.394900, -116.809000, 20.400000 
58.194700, -116.350400, 21.974000 
55.074200, -117.274200, 67.956000 
53.902300, -115.189300, 101.546000 
53.740700, -113.023100, 283.096000 
52.212400, -113.843700, 57.748000 
51.026100, -113.387800, 1.570000 
58.518800, -117.119500, 1194.370000 
54.139800, -115.689100, 79.100000 
54.587200, -112.803100, 32.600000 
53.616600, -115.711100, 128.579000 
53.170200, -114.975000, 22.737000 
53.745000, -110.810800, 13.636000 
53.817200, -113.133600, 31.086000 
55.432500, -116.486000, 97.050000 
51.295600, -114.014600, 138.200000 
53.557500, -116.547200, 81.907000 
59.063100, -118.875700, 33.332000 
51.222500, -114.495600, 21.966000 
53.571290, -113.355400, 23.120000 
55.876700, -119.301100, 10.800000 
53.547491, -113.529984, 15.528000 
53.506740, -113.396252, 42.485000 
53.670500, -115.762200, 16.050000 
51.075800, -115.338300, 2.700000 
56.904200, -117.633600, 26.630000 
51.010160, -113.964210, 13.502000 
53.908300, -118.816700, 16.700000 
51.012800, -114.022000, 120.085000 
51.000700, -113.965670, 12.960000 
52.327100, -112.718300, 14.540000 
50.912700, -114.011800, 22.265000 
