55.258300, -114.588300, 22.770000 
58.601100, -118.787200, 26.760000 
51.411700, -114.027600, 50.000000 
55.309200, -119.205800, 53.450000 
53.024700, -115.531100, 31.300000 
53.561500, -116.577900, 34.621000 
49.697836, -112.821799, 5.809000 
53.574200, -116.646900, 32.480000 
49.698011, -112.823139, 0.447000 
54.974300, -117.285800, 29.960000 
54.387000, -116.966700, 41.950000 
52.050100, -112.728300, 30.540000 
52.942400, -113.511100, 65.629000 
53.539800, -113.397000, 26.480000 
53.410600, -112.041500, 40.361000 
56.857000, -111.441500, 72.463000 
49.714900, -113.422100, 22.645000 
49.731100, -113.460100, 29.887000 
52.349900, -110.266600, 82.025000 
50.993800, -113.990000, 27.298000 
52.981500, -112.707700, 171.064000 
51.741900, -113.258100, 132.590000 
49.229200, -114.029100, 7.608000 
55.318300, -116.491800, 35.040000 
54.162360, -115.733900, 51.427000 
51.176500, -114.194900, 48.598000 
53.575400, -113.624100, 226.539000 
55.160200, -118.818400, 29.165000 
50.700700, -112.654200, 21.442000 
54.467300, -110.209200, 28.349000 
49.488900, -113.955100, 10.991000 
49.833300, -111.699800, 74.187000 
49.701100, -112.787800, 55.429000 
53.558800, -113.473700, 43.643000 
51.148400, -114.025100, 27.160000 
50.086600, -110.716700, 33.017000 
53.733200, -113.175000, 139.753000 
57.003300, -111.466100, 1071.820000 
53.560000, -114.486200, 450.256000 
57.040500, -111.619200, 3115.196000 
53.539700, -113.409200, 12.650000 
53.572500, -113.360600, 46.936000 
55.269500, -114.598300, 65.080000 
52.758100, -114.111600, 20.370000 
53.413300, -117.570600, 576.790000 
53.529100, -113.387500, 149.146000 
51.570800, -114.851700, 3.270000 
52.033030, -113.938910, 71.253000 
53.227700, -114.988900, 314.600000 
53.571700, -113.349800, 157.000000 
53.593060, -116.390300, 130.800000 
50.675600, -110.025000, 456.425000 
49.789400, -112.126100, 273.800000 
53.795900, -113.099600, 10.548000 
54.923116, -112.861867, 346.730000 
54.194400, -116.632200, 22.720000 
53.804200, -113.082400, 16.200000 
53.181200, -115.762500, 6.675000 
50.846700, -113.581170, 27.500000 
52.496000, -114.988000, 2.081000 
51.742300, -114.134500, 1.740000 
54.596400, -110.395000, 60.574000 
55.071200, -118.691200, 171.850000 
54.007100, -119.104000, 390.000000 
51.531700, -111.786100, 530.181000 
52.564700, -112.141400, 1290.684000 
51.219500, -114.645400, 3.277000 
52.385800, -113.595000, 43.100000 
52.308300, -113.550000, 481.752000 
50.845800, -113.586700, 52.290000 
51.965500, -114.753600, 15.383000 
53.722900, -113.174000, 0.069000 
52.146300, -115.330000, 13.120000 
56.380600, -116.795000, 13.557000 
53.048100, -113.921000, 22.103000 
49.305200, -114.000300, 20.577000 
53.448700, -114.449100, 797.683000 
49.713599, -112.796397, 4.837000 
53.344000, -114.305000, 1431.380000 
51.039600, -114.559000, 16.000000 
53.204500, -116.811200, 26.107000 
53.541700, -113.391700, 696.799000 
53.288500, -110.018300, 5.246000 
53.721700, -113.191700, 29.615000 
50.031100, -110.641000, 25.660000 
53.508500, -114.557100, 2864.323000 
56.377200, -117.175600, 269.310000 
53.841600, -113.097900, 283.030000 
53.089200, -116.805900, 18.400000 
53.066500, -117.404800, 55.490000 
51.024500, -114.025000, 39.800000 
55.432500, -116.486000, 258.100000 
50.583700, -113.871100, 20.738000 
53.721800, -113.192700, 26.161000 
50.991500, -114.030100, 23.573000 
52.766100, -114.285600, 1.052000 
53.550500, -113.358900, 118.866000 
58.194700, -116.350400, 18.036000 
51.052000, -114.010500, 0.032000 
53.582200, -113.544400, 0.002000 
49.725300, -112.790000, 0.015000 
53.571300, -113.339300, 58.014000 
57.218000, -111.027000, 21.000000 
55.268600, -114.584700, 23.324000 
53.725400, -113.193000, 57.510000 
53.559040, -113.693580, 25.842000 
54.587200, -112.803100, 6.640000 
58.518800, -117.119500, 93.380000 
51.068200, -115.136400, 224.321000 
53.943200, -113.596900, 135.000000 
49.701943, -112.803037, 41.440000 
54.238200, -115.379700, 100.600000 
53.651700, -113.265800, 91.138000 
49.784800, -112.151000, 5.050000 
58.501200, -117.145600, 194.000000 
53.529649, -113.495611, 0.040000 
57.351700, -111.522200, 22.317000 
50.597600, -111.881800, 28.060000 
53.862700, -110.639000, 23.539000 
53.728270, -113.235520, 41.995000 
51.154200, -114.187700, 43.553000 
54.284800, -115.698000, 22.004000 
53.565150, -113.364550, 32.430000 
51.789600, -114.702800, 98.354000 
53.740700, -113.023100, 64.500000 
55.757600, -118.696700, 194.310000 
51.020210, -114.019246, 27.928000 
53.581600, -113.599100, 50.175000 
53.347100, -110.838200, 261.780000 
55.736900, -117.185800, 113.400000 
54.772900, -110.579000, 40.246000 
55.029800, -118.744000, 1099.248000 
51.015020, -114.026480, 32.581000 
55.248100, -114.514000, 30.361000 
52.308300, -113.550000, 623.683000 
52.375200, -114.921600, 54.531000 
51.058900, -115.174500, 854.500000 
52.095600, -114.799300, 3.905000 
53.010600, -112.810000, 26.784000 
53.645100, -114.130200, 21.958000 
49.701000, -112.802700, 3.192000 
52.255700, -113.886000, 33.486000 
53.431000, -117.540600, 3.311000 
53.501040, -113.489732, 32.372000 
54.846700, -112.567500, 0.409000 
53.723500, -113.173800, 16.050000 
50.058200, -110.728200, 3.075000 
51.056600, -115.164300, 79.004000 
53.402700, -117.599300, 16.134000 
53.908300, -118.816700, 7.140000 
53.472878, -113.616936, 0.039000 
50.040920, -110.721904, 28.490000 
54.133300, -115.366600, 67.931000 
53.283800, -110.031900, 29.783000 
55.162300, -118.816600, 87.170000 
51.065300, -115.221100, 18.539000 
