54.596400, -110.395000, 0.034434 
53.413300, -117.570600, 0.005610 
53.560000, -114.486200, 0.004955 
57.040500, -111.619200, 0.014921 
53.344000, -114.305000, 0.037063 
53.529100, -113.387500, 0.013194 
53.448700, -114.449100, 0.012723 
56.377200, -117.175600, 0.004018 
53.541700, -113.391700, 0.016484 
54.923116, -112.861867, 0.005260 
53.508500, -114.557100, 0.066453 
54.775000, -115.218600, 0.000055 
54.144400, -115.691700, 0.000001 
53.795900, -113.099600, 0.004257 
51.068200, -115.136400, 0.000142 
55.432500, -116.486000, 0.000860 
54.772900, -110.579000, 0.011373 
55.248100, -114.514000, 0.000250 
53.550500, -113.358900, 0.011924 
53.581600, -113.599100, 0.000422 
