51.531700, -111.786100, 0.094789 
53.508500, -114.557100, 0.318400 
53.560000, -114.486200, 0.049300 
53.795900, -113.099600, 0.000511 
56.377200, -117.175600, 0.011236 
52.564700, -112.141400, 0.105123 
53.541700, -113.391700, 0.005746 
53.529100, -113.387500, 0.013533 
54.775000, -115.218600, 0.005671 
54.596400, -110.395000, 0.008139 
57.003300, -111.466100, 0.008300 
57.040500, -111.619200, 0.021173 
49.713599, -112.796397, 0.000046 
53.448700, -114.449100, 0.109700 
53.344000, -114.305000, 0.193500 
51.068200, -115.136400, 0.001168 
52.827500, -110.859600, 0.000033 
53.581600, -113.599100, 0.008063 
53.550500, -113.358900, 0.004072 
51.058900, -115.174500, 0.019950 
