53.476700, -113.468000, 0.003460 
53.413300, -117.570600, 0.024528 
54.775000, -115.218600, 0.000856 
57.040500, -111.619200, 0.229855 
53.533000, -113.411500, 0.003224 
53.593060, -116.390300, 0.062000 
53.529100, -113.387500, 0.417144 
53.541700, -113.391700, 0.076824 
54.923116, -112.861867, 0.010010 
57.003300, -111.466100, 0.034380 
53.448700, -114.449100, 0.392150 
53.560000, -114.486200, 0.034548 
53.571700, -113.349800, 0.000090 
53.579900, -113.576400, 0.125960 
50.992000, -114.059000, 0.001190 
53.508500, -114.557100, 0.017088 
53.227700, -114.988900, 0.001000 
56.377200, -117.175600, 0.007152 
53.344000, -114.305000, 0.152439 
53.581600, -113.599100, 0.003360 
54.133300, -115.366600, 0.067100 
55.432500, -116.486000, 0.002580 
55.029800, -118.744000, 0.058531 
51.068200, -115.136400, 0.000082 
53.550500, -113.358900, 0.025753 
51.058900, -115.174500, 0.014360 
