57.200900, -112.905700, 2.950000 
54.447400, -117.523700, 0.666000 
52.915800, -113.022500, 0.604000 
55.997300, -111.352400, 0.355000 
54.476100, -119.173900, 0.380000 
54.472500, -117.460800, 1.502000 
55.884400, -113.291000, 0.387000 
54.127000, -114.655800, 0.700000 
55.243600, -118.917800, 1.020000 
55.432800, -114.807200, 0.774000 
56.135000, -113.028300, 1.521000 
54.257200, -112.373600, 0.370000 
53.512300, -115.611900, 0.570000 
52.755600, -111.282200, 0.300000 
56.833400, -113.112100, 1.068000 
52.697500, -116.005000, 0.370000 
51.635300, -112.531400, 1.021000 
55.334700, -119.405300, 0.581000 
59.641800, -118.307800, 3.174000 
55.327500, -119.007800, 1.110000 
50.051800, -111.662400, 1.887000 
50.940600, -111.880600, 0.479000 
55.843900, -111.090000, 0.366000 
57.004500, -113.188600, 1.858000 
55.186400, -111.439100, 0.402000 
55.847500, -111.358600, 0.453000 
54.419600, -117.293100, 1.105000 
51.449700, -111.571700, 0.868000 
54.418100, -116.362000, 1.527000 
54.538100, -119.066400, 2.540000 
53.064700, -116.436900, 0.790000 
55.694100, -113.599400, 0.472000 
55.509300, -114.146900, 0.502000 
53.163100, -117.017800, 0.771000 
55.691200, -111.275900, 1.420000 
50.318700, -111.261700, 0.337000 
53.159500, -114.902800, 0.307000 
55.585600, -117.891600, 3.786000 
52.461400, -114.346900, 0.843000 
56.764300, -115.631800, 0.336000 
57.502800, -118.745700, 4.276000 
56.368500, -115.360700, 0.956000 
51.791800, -110.808900, 0.413000 
57.042500, -111.905000, 7.077000 
52.806800, -114.640400, 0.315000 
55.396500, -110.737300, 1.599000 
55.352900, -110.627800, 1.140000 
55.750400, -119.787600, 0.782000 
57.338900, -118.460000, 0.737000 
55.750400, -119.774500, 0.549000 
52.923200, -115.156100, 0.370000 
52.814000, -114.786000, 0.590000 
52.868400, -115.453300, 1.870000 
52.519400, -110.085200, 2.109000 
53.101200, -114.761900, 0.600000 
52.696000, -111.198200, 0.939000 
52.708400, -115.428900, 1.670000 
57.320900, -118.063600, 0.518000 
54.720000, -119.110600, 0.676000 
54.607200, -119.332000, 0.311000 
54.829200, -119.490000, 0.354000 
50.282400, -110.468900, 0.582000 
50.715500, -110.953700, 3.911000 
57.888400, -118.608700, 0.721000 
50.307500, -110.502500, 0.406000 
52.544800, -114.545200, 0.710000 
57.851600, -119.158100, 0.966000 
55.603900, -119.347800, 0.590000 
54.258200, -114.580800, 0.400000 
56.727900, -116.305700, 0.720000 
51.853600, -114.749900, 0.600000 
50.736800, -113.325700, 0.650000 
53.225100, -114.034600, 0.590000 
51.254200, -110.402700, 0.310000 
51.413400, -111.766500, 0.430000 
54.668900, -118.908300, 0.760000 
52.119200, -115.215400, 0.570000 
56.506100, -117.982800, 0.390000 
54.672800, -118.914700, 0.590000 
55.218300, -118.609100, 0.605000 
52.843100, -115.604700, 0.486000 
52.260900, -114.946900, 0.362000 
56.982800, -118.305800, 0.690000 
51.991800, -110.928600, 1.580000 
54.370800, -116.874800, 5.810000 
52.028200, -114.809600, 0.360000 
50.987900, -111.741500, 0.400000 
50.311200, -110.296600, 0.430000 
50.758700, -111.641500, 0.320000 
50.114700, -111.674500, 0.400000 
57.338900, -119.657100, 1.078000 
50.253200, -111.319200, 0.770000 
54.350500, -116.766800, 0.300000 
54.385300, -116.975100, 0.423000 
54.705300, -116.210400, 0.420000 
52.210100, -113.274300, 0.863000 
50.583900, -113.302700, 0.360000 
49.521900, -112.859000, 0.430000 
51.504500, -114.068500, 0.480000 
57.193700, -118.199700, 3.441000 
50.220300, -112.444200, 0.670000 
52.104400, -115.161600, 0.304000 
49.998300, -111.680100, 3.340000 
51.897200, -115.040200, 0.435000 
54.716400, -116.260900, 3.030000 
51.919000, -114.394600, 0.666000 
51.581600, -113.840400, 0.530000 
53.192300, -115.293900, 3.065000 
51.868200, -110.139700, 0.707000 
51.027000, -114.018600, 3.280000 
53.090400, -115.245000, 5.800000 
50.805800, -111.507500, 0.330000 
52.272200, -111.031700, 0.470000 
52.537600, -111.645900, 1.347000 
53.527000, -114.749700, 0.374000 
52.122900, -113.847000, 0.369000 
55.710300, -116.604200, 0.452000 
53.254000, -114.437900, 0.310000 
52.999100, -112.971000, 2.000000 
53.110500, -115.058300, 0.441000 
51.180450, -113.937280, 2.329000 
52.890400, -114.865000, 0.457000 
53.035900, -114.554100, 0.422000 
55.830300, -116.673400, 0.380000 
57.604400, -118.999800, 0.480000 
51.065100, -114.130500, 0.553000 
53.919700, -114.717800, 0.470000 
56.112800, -119.529000, 0.300000 
53.181200, -114.486800, 0.693000 
52.703800, -114.572500, 0.990000 
52.747000, -115.255600, 0.500000 
53.013900, -116.258600, 0.350000 
50.111100, -111.954000, 0.330000 
53.499300, -116.805300, 1.821000 
54.902000, -115.209200, 2.840000 
55.069400, -113.313900, 0.674000 
54.792900, -115.521700, 2.790000 
54.458200, -115.641400, 0.300000 
53.828700, -115.943300, 0.470000 
54.232500, -116.611500, 0.564000 
51.082500, -111.915600, 0.426000 
50.718600, -111.322200, 2.254000 
54.363300, -116.624000, 1.106000 
56.538600, -119.950600, 0.313000 
58.081200, -117.828800, 0.419000 
53.352200, -115.421100, 0.393000 
51.970000, -110.629400, 0.429000 
52.013600, -112.986700, 0.340000 
54.647300, -115.495800, 1.740000 
54.894400, -111.813900, 0.459000 
54.472500, -115.652800, 0.850000 
53.210400, -116.045800, 0.650000 
52.446500, -114.671600, 0.487000 
53.555900, -116.222800, 0.430000 
50.337100, -111.513600, 1.673000 
53.479400, -115.130800, 1.003000 
58.305400, -118.888000, 0.517000 
49.958300, -113.556600, 6.740000 
53.326800, -116.168000, 0.370000 
52.923200, -110.767700, 2.258000 
53.190400, -114.552300, 0.325000 
53.610600, -117.695900, 0.590000 
54.383000, -116.065700, 0.924000 
52.650400, -115.080800, 1.119000 
52.155700, -110.893800, 4.476000 
54.099600, -117.535500, 0.430000 
53.366700, -116.022500, 0.380000 
53.828700, -115.943000, 0.440000 
53.625000, -117.782300, 0.550000 
51.762600, -110.139700, 0.955000 
53.054000, -114.933300, 2.905000 
49.725600, -113.397600, 0.590000 
56.648300, -115.705700, 2.019000 
53.315900, -114.982200, 0.853000 
53.515900, -114.725300, 0.937000 
52.941600, -114.418200, 0.564000 
57.480800, -119.160100, 0.410000 
56.120400, -115.932700, 0.593000 
57.571700, -119.775100, 0.460000 
53.170400, -114.884200, 3.223000 
53.428700, -115.125800, 2.800000 
53.076000, -111.299800, 0.430000 
57.186200, -118.003300, 0.423000 
50.176700, -113.664900, 1.330000 
56.590200, -115.878400, 5.627000 
55.441300, -116.773800, 0.374000 
56.458600, -119.914300, 0.395000 
52.675900, -110.455200, 2.096000 
54.887200, -119.828100, 0.430000 
56.546600, -115.293500, 2.638000 
56.930900, -115.252200, 0.769000 
51.529700, -112.136700, 0.470000 
50.707900, -113.221600, 0.365000 
51.042300, -111.298100, 0.421000 
55.432800, -118.041700, 0.372000 
51.122600, -112.149500, 0.302000 
54.388400, -110.949300, 0.474000 
51.531300, -113.276300, 1.405000 
51.642600, -113.337700, 1.938000 
55.767500, -118.126400, 0.727000 
53.374300, -114.527900, 5.522000 
50.758700, -112.697800, 0.363000 
56.215000, -110.968100, 0.540000 
53.989000, -116.950100, 1.428000 
55.651800, -111.084400, 1.346000 
56.960600, -114.716900, 1.220000 
57.309200, -114.856300, 1.360000 
56.796900, -114.349300, 1.200000 
56.880600, -114.757200, 2.500000 
55.666900, -117.761600, 1.261000 
52.366300, -114.963000, 1.125000 
50.201900, -112.391700, 0.357000 
55.639400, -118.984300, 0.658000 
53.876200, -117.149000, 0.584000 
52.260500, -113.816600, 0.607000 
57.418900, -119.675000, 1.346000 
55.633700, -119.575000, 0.890000 
52.238900, -112.399300, 0.410000 
55.619600, -119.503300, 0.500000 
55.586800, -119.433800, 0.503000 
53.706600, -115.976300, 0.810000 
55.769300, -118.567800, 0.744000 
51.766200, -111.963700, 0.570000 
51.915400, -111.744500, 0.560000 
57.374300, -119.234900, 1.203000 
50.922300, -112.003700, 0.730000 
50.078300, -110.419700, 0.420000 
52.221100, -112.418700, 0.547000 
53.188700, -115.642200, 0.740000 
51.439000, -112.054500, 0.688000 
57.066100, -114.777500, 8.410000 
54.348900, -119.463300, 1.825000 
52.188200, -114.344100, 0.650000 
50.591500, -111.780300, 1.280000 
56.281800, -119.166800, 0.786000 
50.325800, -110.255600, 0.320000 
50.333200, -111.732800, 1.140000 
51.024500, -111.642800, 1.030000 
55.945800, -118.888600, 0.300000 
56.062200, -118.482500, 0.300000 
52.926700, -113.998900, 0.980000 
52.359300, -114.785700, 0.400000 
50.257800, -112.984500, 0.480000 
52.091000, -112.761500, 1.530000 
52.358000, -114.324100, 1.060000 
52.486400, -114.490000, 0.600000 
52.450400, -110.851900, 4.314000 
51.176900, -112.055300, 0.970000 
52.465000, -110.121000, 0.709000 
51.552500, -111.490600, 0.580000 
52.442900, -111.080500, 3.122000 
50.100300, -112.262000, 0.600000 
50.770500, -111.098100, 0.970000 
50.521800, -113.913200, 0.470000 
50.653300, -111.166100, 1.540000 
53.655600, -115.933200, 0.470000 
50.840800, -110.931200, 0.340000 
52.588400, -114.593500, 0.400000 
53.825100, -116.396900, 0.500000 
50.576700, -112.630300, 0.420000 
50.758700, -112.498100, 0.400000 
50.801900, -111.007800, 0.600000 
51.708200, -114.388800, 0.519000 
54.323400, -115.677500, 2.008000 
53.825000, -115.556700, 0.640000 
51.726200, -114.436000, 0.419000 
57.295300, -115.546100, 0.700000 
55.519900, -119.349500, 0.340000 
53.181200, -114.994400, 0.869000 
53.216900, -116.358700, 0.360000 
53.228700, -115.104400, 2.220000 
54.772300, -116.680400, 1.180000 
58.434000, -118.998400, 0.329000 
51.493300, -111.201400, 0.600000 
50.023900, -112.431900, 0.680000 
51.971000, -114.052700, 0.520000 
51.552600, -111.632500, 0.850000 
52.661200, -110.057700, 0.950000 
52.657600, -110.057700, 0.750000 
52.197100, -114.367700, 1.090000 
54.509700, -110.909900, 0.364000 
52.265500, -114.517800, 0.430000 
55.433300, -116.483200, 0.840000 
51.137900, -111.577600, 1.200000 
52.851400, -114.046900, 0.950000 
51.637100, -112.865800, 0.840000 
50.802300, -111.902000, 0.540000 
55.240100, -114.042800, 0.486000 
50.675000, -111.762200, 0.520000 
50.795100, -112.017800, 1.570000 
55.294800, -110.795100, 1.310000 
55.847900, -111.359500, 0.420000 
57.266800, -114.892000, 0.639000 
57.251800, -112.498500, 0.750000 
54.033400, -117.756900, 16.709000 
50.707900, -112.353400, 0.690000 
54.854500, -111.802000, 0.500000 
54.949300, -110.622600, 4.340000 
52.708400, -114.446600, 0.700000 
55.047300, -110.577800, 3.050000 
50.842300, -112.463400, 0.380000 
50.893400, -112.174000, 0.830000 
50.915100, -112.451700, 2.020000 
50.224000, -110.037500, 3.540000 
50.656800, -111.410100, 0.310000 
50.573100, -111.177500, 0.920000 
50.485900, -111.451200, 0.490000 
50.700700, -110.478000, 1.200000 
50.438700, -111.284800, 1.670000 
50.398600, -110.503300, 4.310000 
52.912000, -114.064600, 0.410000 
50.165800, -111.052800, 0.320000 
50.671500, -111.695300, 0.320000 
50.187600, -111.167000, 0.310000 
50.223900, -110.761900, 2.700000 
51.126200, -112.359500, 1.550000 
50.998700, -112.464500, 0.630000 
51.402600, -113.247400, 0.520000 
50.766500, -111.946400, 0.430000 
50.889400, -113.406800, 0.510000 
49.030800, -111.052700, 0.320000 
49.038100, -111.158900, 0.470000 
49.205300, -111.037700, 0.460000 
49.758300, -110.479100, 0.380000 
50.984300, -113.444300, 0.590000 
51.075100, -113.409300, 0.470000 
50.867900, -111.936700, 0.310000 
58.081200, -117.635600, 1.290000 
50.809500, -111.693700, 0.350000 
58.783200, -118.605600, 0.460000 
50.711500, -112.394000, 1.070000 
57.931900, -117.835000, 0.950000 
50.977000, -112.242800, 0.350000 
55.785800, -119.380300, 0.500000 
51.402600, -112.918100, 0.450000 
54.132200, -113.159900, 0.350000 
52.355700, -110.322500, 2.090000 
50.202700, -110.661300, 0.699000 
54.223000, -113.478600, 0.370000 
51.391800, -114.203500, 0.329000 
53.130400, -112.834300, 0.360000 
51.495900, -114.210100, 0.745000 
53.254000, -113.048200, 0.400000 
53.337800, -111.243900, 1.034000 
53.967600, -112.269100, 0.319000 
52.599300, -113.083800, 0.460000 
50.294200, -110.593500, 0.551000 
50.165300, -110.666200, 0.374000 
53.763400, -114.770000, 0.520000 
53.017500, -112.191400, 0.708000 
56.091600, -111.039700, 0.482000 
54.965100, -119.306800, 1.806000 
50.049200, -111.645900, 0.840000 
52.359300, -111.339200, 0.570000 
52.755700, -113.939100, 0.320000 
52.333700, -111.059400, 3.500000 
55.954200, -117.710800, 0.378000 
54.581700, -115.982900, 0.530000 
56.347100, -119.190500, 0.468000 
56.302200, -119.901200, 0.880000 
52.140800, -112.157200, 0.743000 
52.217300, -112.307300, 0.771000 
56.095100, -113.448600, 15.590000 
50.536900, -112.031500, 0.770000 
50.700700, -111.022200, 0.740000 
53.391400, -111.213900, 0.310000 
52.224500, -110.349700, 0.890000 
50.700600, -110.772500, 0.700000 
55.425600, -118.988600, 0.430000 
50.289400, -112.007500, 1.390000 
50.278300, -111.468400, 0.880000 
55.472800, -119.127200, 0.500000 
51.020700, -112.948400, 0.380000 
53.126800, -111.043000, 4.830000 
55.862200, -119.589200, 0.150000 
52.090700, -112.766700, 0.150000 
50.314700, -111.968400, 2.390000 
52.424800, -110.364700, 2.390000 
49.943900, -111.811500, 0.733000 
53.258000, -111.726400, 0.474000 
50.336800, -111.169800, 2.469000 
50.675000, -111.044400, 0.530000 
49.698011, -112.823139, 0.019000 
50.631500, -111.022200, 3.260000 
55.943900, -119.923100, 0.350000 
53.148600, -111.195000, 2.536000 
56.098600, -119.288100, 0.450000 
53.075900, -111.299700, 0.590000 
53.246800, -115.391700, 2.866000 
50.103900, -110.864700, 1.066000 
58.568700, -119.061500, 1.075000 
52.286500, -114.970800, 1.710000 
53.714300, -110.747300, 0.593000 
54.963600, -117.670700, 1.561000 
50.522300, -111.652300, 2.529000 
52.631900, -114.610300, 0.497000 
50.675000, -113.452200, 0.367000 
54.261700, -117.249400, 0.378000 
50.511400, -111.289400, 0.716000 
54.294400, -111.306700, 0.666000 
55.309200, -119.205800, 53.450000 
50.191900, -111.301800, 0.933000 
56.313200, -111.636200, 13.627000 
56.622700, -119.946500, 0.983000 
54.105300, -117.512800, 0.530000 
55.631500, -112.189600, 1.126000 
54.627000, -117.464200, 0.364000 
52.050100, -112.728300, 30.540000 
58.615900, -119.015700, 0.839000 
50.689500, -111.554800, 2.160000 
54.974300, -117.285800, 29.960000 
58.601100, -118.787200, 26.760000 
55.258300, -114.588300, 22.770000 
53.215900, -116.497000, 0.624000 
54.102500, -112.310200, 0.464000 
54.392500, -117.595400, 1.281000 
53.024700, -115.531100, 31.300000 
50.918700, -113.528500, 0.802000 
50.009200, -110.847500, 1.565000 
52.260900, -114.379900, 0.300000 
50.897000, -111.693700, 4.165000 
55.688200, -113.897000, 0.472000 
52.610400, -114.821800, 3.544000 
53.265100, -115.520000, 2.161000 
53.574200, -116.646900, 32.480000 
56.560600, -119.031700, 0.300000 
56.913500, -112.765900, 0.354000 
54.209200, -113.773700, 0.423000 
53.770600, -117.601400, 0.583000 
55.327600, -115.014200, 0.870000 
56.706200, -110.377600, 1.750000 
54.803600, -110.347500, 0.328000 
53.583000, -116.842000, 2.715000 
56.815400, -117.599500, 1.100000 
54.760400, -113.959500, 0.668000 
56.956900, -112.850800, 0.337000 
52.155700, -113.387700, 0.510000 
52.042900, -114.588800, 0.690000 
55.822600, -113.525900, 0.316000 
50.693200, -113.672900, 0.330000 
54.702500, -112.900400, 0.861000 
53.974300, -114.923900, 0.470000 
52.759300, -115.531900, 0.330000 
57.059400, -112.842800, 0.383000 
54.352500, -111.150000, 0.566000 
50.047200, -113.556900, 0.374000 
56.302200, -112.309400, 0.391000 
51.739900, -113.351900, 0.750000 
55.093800, -113.623700, 0.302000 
53.020800, -112.949800, 0.407000 
53.607000, -116.703700, 0.349000 
54.416000, -115.636200, 18.590000 
55.823000, -110.792300, 0.414000 
55.949600, -110.624000, 0.458000 
49.098600, -111.476400, 0.383000 
57.877200, -119.740900, 0.332000 
54.528700, -117.464200, 2.075000 
55.265600, -114.607800, 0.361000 
54.687300, -117.588700, 0.529000 
54.949200, -112.304700, 0.644000 
52.326500, -114.515200, 0.986000 
50.583900, -112.132500, 0.690000 
50.002600, -111.695600, 1.954000 
53.727000, -115.607500, 0.700000 
54.541800, -110.408400, 0.502000 
56.199000, -110.675100, 0.576000 
55.254700, -118.930800, 1.600000 
56.233200, -113.896400, 2.100000 
51.780900, -114.572400, 0.490000 
56.134800, -113.201300, 1.839000 
52.559300, -115.213000, 0.880000 
51.795400, -110.033300, 1.298000 
56.613100, -112.849000, 1.035000 
50.006500, -114.146000, 0.940000 
54.541800, -117.884100, 1.778000 
49.569200, -112.149200, 1.400000 
54.350500, -116.766800, 0.439000 
50.165900, -110.089100, 1.357000 
58.550400, -117.426700, 1.000000 
56.407900, -110.929200, 0.729000 
55.385700, -113.001600, 0.100000 
56.546200, -115.251500, 4.200000 
55.684000, -115.094500, 0.502000 
50.609400, -113.706700, 0.750000 
52.522800, -116.380000, 1.400000 
50.553600, -113.553000, 0.360000 
50.957700, -113.714500, 0.450000 
54.454400, -119.091700, 2.730000 
50.936300, -113.783200, 0.370000 
55.254700, -118.917800, 0.810000 
53.843400, -112.979700, 0.600000 
56.891000, -112.671500, 0.446000 
56.542200, -119.365300, 0.350000 
52.115700, -110.983100, 1.145000 
50.443500, -113.952200, 0.520000 
56.236700, -119.075000, 0.430000 
52.690300, -112.210000, 0.481000 
54.548100, -117.411400, 0.480000 
51.501500, -112.643700, 2.180000 
56.198300, -118.656300, 0.350000 
56.232300, -119.074400, 0.420000 
56.243400, -119.068000, 0.650000 
50.397600, -113.925500, 0.470000 
52.966800, -111.131600, 0.321000 
54.436100, -118.743800, 0.700000 
53.428700, -116.722200, 0.800000 
58.761500, -118.690400, 0.658000 
52.806700, -116.210000, 2.100000 
54.130600, -115.231400, 0.820000 
54.612500, -118.214300, 2.402000 
54.523500, -113.846300, 0.356000 
56.280700, -116.119100, 5.700000 
54.387000, -116.966700, 41.950000 
58.754000, -118.973200, 0.840000 
50.485900, -111.702200, 2.890000 
53.706600, -117.241000, 0.860000 
56.924300, -115.909600, 3.600000 
51.691800, -112.224000, 0.351000 
49.936700, -111.406500, 2.300000 
55.993100, -119.771100, 0.430000 
49.697836, -112.821799, 0.466000 
53.388600, -115.315800, 3.830000 
55.265600, -114.601400, 0.700000 
50.889500, -111.184200, 0.800000 
53.997000, -111.569200, 0.982000 
54.944400, -118.828100, 0.856000 
50.860700, -111.126500, 3.700000 
50.013100, -112.393100, 2.587000 
52.545700, -114.106000, 0.760000 
52.730400, -114.112900, 0.300000 
54.385300, -118.624900, 1.915000 
54.290800, -118.493200, 1.047000 
50.173400, -112.395600, 0.791000 
54.352500, -118.587100, 1.044000 
52.468400, -110.046100, 0.334000 
50.085600, -111.589000, 0.453000 
51.719000, -112.390100, 0.331000 
53.799800, -116.092200, 0.670000 
52.035300, -113.112200, 0.453000 
52.919400, -113.835000, 0.350000 
50.046300, -112.477200, 1.265000 
50.002300, -112.873400, 1.236000 
53.499900, -113.418000, 0.430000 
55.771100, -119.308900, 0.300000 
55.378300, -118.499700, 0.600000 
50.994100, -113.958300, 0.400000 
52.766700, -116.393000, 1.059000 
55.771100, -119.471100, 0.920000 
53.363200, -111.879500, 0.579000 
52.621200, -112.211500, 0.685000 
53.279500, -111.587000, 1.280000 
56.440600, -119.775700, 0.660000 
55.800300, -118.225300, 0.310000 
54.485300, -118.778300, 0.650000 
55.782200, -119.367200, 1.820000 
54.171500, -112.197600, 1.040000 
56.051400, -119.589200, 0.590000 
54.461800, -111.780100, 0.520000 
54.189000, -112.109800, 0.600000 
53.854300, -117.391200, 0.640000 
54.159800, -112.203800, 0.350000 
54.359700, -119.138900, 0.530000 
55.356400, -118.750600, 0.490000 
56.095100, -118.758700, 0.310000 
56.251400, -119.960600, 0.329000 
51.135900, -114.144900, 0.599000 
49.488900, -113.955100, 8.756000 
52.088200, -115.689400, 0.392000 
54.119800, -116.273100, 1.060000 
51.599900, -115.356900, 0.568000 
52.362900, -114.599300, 0.670000 
58.368300, -118.990000, 0.970000 
58.255700, -119.187300, 0.640000 
49.229200, -114.029100, 6.110000 
50.889400, -114.761800, 1.000000 
53.577900, -116.599000, 1.200000 
54.265300, -116.342000, 0.560000 
51.464500, -114.467900, 0.376000 
52.042800, -114.958800, 4.249000 
53.727000, -114.631700, 0.549000 
50.314700, -112.967800, 0.694000 
53.690700, -115.717500, 0.491000 
53.174000, -114.554100, 0.949000 
53.195900, -111.911200, 0.555000 
54.359700, -118.756300, 0.840000 
52.608500, -114.186200, 0.320000 
51.053400, -111.689000, 0.384000 
52.479300, -111.567800, 0.729000 
49.907500, -112.227600, 0.642000 
54.785400, -115.540800, 0.275000 
58.568700, -119.334300, 0.500000 
56.519000, -115.517800, 0.420000 
53.432300, -115.168900, 0.881000 
49.714900, -113.422100, 2.413000 
57.877300, -118.416500, 0.661000 
53.484800, -115.607600, 0.540000 
54.836500, -115.387800, 0.046000 
54.567300, -115.527500, 0.661000 
55.501900, -118.543100, 0.276000 
52.381200, -112.199200, 4.406000 
50.831400, -110.865000, 1.033000 
52.973900, -116.872200, 0.307000 
52.963200, -114.634600, 1.060000 
55.585600, -119.451700, 1.400000 
54.170700, -114.367500, 0.360000 
53.714800, -113.190000, 0.462000 
50.227500, -113.255100, 0.506000 
53.575400, -113.624100, 136.115000 
56.666700, -111.345100, 11.430000 
52.875700, -111.422500, 0.860000 
52.875700, -111.483300, 0.300000 
54.255800, -116.778100, 0.811000 
50.556100, -114.236300, 1.610000 
51.900900, -112.502600, 0.398000 
51.176500, -114.194900, 6.048000 
51.148400, -114.025100, 3.494000 
53.558800, -113.473700, 6.007000 
51.411700, -114.027000, 13.817000 
52.397600, -114.208500, 0.960000 
49.434500, -110.545200, 0.540000 
55.523900, -119.380300, 0.323000 
55.745800, -119.620300, 0.680000 
55.276400, -118.699200, 1.062000 
55.338300, -118.872800, 1.062000 
57.217500, -110.895000, 9.400000 
50.598700, -114.264300, 0.450000 
54.301700, -118.649900, 0.350000 
52.661200, -110.496900, 0.360000 
52.679300, -110.155200, 2.640000 
49.449200, -113.848500, 2.110000 
52.686800, -110.428000, 0.520000 
50.482200, -112.588700, 0.400000 
55.407500, -119.226700, 0.450000 
50.427500, -112.462300, 0.400000 
57.488000, -119.168900, 1.640000 
51.359000, -112.418700, 0.662000 
50.616800, -111.485300, 2.720000 
50.565900, -112.640300, 0.800000 
53.294000, -115.972500, 0.777000 
54.312600, -113.263200, 0.378000 
53.767000, -117.497000, 0.711000 
54.467300, -110.209200, 13.813000 
54.273400, -110.751000, 4.669000 
53.723400, -116.533700, 0.710000 
56.857000, -111.441500, 32.681000 
54.169000, -115.762200, 9.545000 
52.492800, -115.295100, 0.750000 
52.942400, -113.511100, 2.537000 
51.900900, -111.608400, 0.961000 
51.624500, -111.863100, 0.316000 
52.384800, -114.539300, 0.345000 
53.527000, -113.387700, 1.880000 
49.731100, -113.460100, 12.038000 
56.242200, -117.325200, 5.750000 
52.628400, -110.136100, 0.570000 
51.741700, -112.469200, 0.363000 
55.833100, -119.058900, 0.405000 
55.829400, -119.052200, 0.688000 
54.243300, -116.899800, 0.610000 
55.733200, -119.411300, 1.749000 
52.475700, -110.322500, 0.724000 
56.495700, -115.604300, 6.389000 
56.517000, -116.045500, 4.371000 
56.491400, -115.397500, 2.486000 
52.366500, -110.791600, 0.797000 
56.527900, -115.311500, 0.812000 
49.709466, -112.781685, 0.571000 
53.719800, -116.309700, 0.700000 
51.428100, -115.061600, 0.600000 
52.886800, -110.440200, 0.548000 
56.284700, -116.113000, 1.800000 
50.431200, -111.589200, 3.401000 
52.696000, -110.442400, 0.560000 
55.311200, -118.836800, 0.380000 
52.696000, -110.442400, 0.300000 
52.706700, -110.548000, 0.610000 
50.640600, -114.293200, 1.490000 
52.677900, -110.436100, 0.600000 
52.677600, -110.427600, 0.600000 
52.685100, -110.430200, 0.340000 
52.685100, -110.430200, 0.320000 
52.692200, -110.427600, 0.360000 
52.692300, -110.430200, 0.340000 
52.696000, -110.436100, 0.410000 
52.685100, -110.448400, 0.390000 
58.717000, -118.784300, 2.470000 
52.692300, -110.442400, 0.520000 
56.548000, -115.211900, 0.470000 
52.852200, -110.475800, 0.300000 
52.866800, -110.475800, 0.530000 
54.321800, -117.155700, 0.300000 
54.874700, -118.854800, 0.420000 
55.689500, -119.669100, 0.840000 
52.503000, -113.435200, 0.324000 
56.708100, -114.602600, 0.580000 
52.706700, -112.499200, 1.342000 
54.205400, -114.317400, 0.559000 
54.205400, -114.317400, 0.624000 
56.737200, -114.390700, 0.874000 
51.804600, -113.570000, 0.340000 
52.688700, -110.460300, 0.300000 
54.612800, -116.228500, 0.333000 
49.700200, -112.794000, 1.165000 
53.328700, -114.943100, 0.840000 
53.128600, -115.199100, 1.350000 
53.041300, -114.449600, 0.306000 
50.631900, -111.011300, 1.696000 
50.723300, -112.789100, 0.590000 
50.155700, -114.453300, 1.506000 
56.358900, -115.358300, 0.568000 
56.344300, -115.358300, 1.222000 
49.871400, -112.417500, 0.307000 
49.871200, -112.338900, 0.518000 
54.685600, -118.772100, 0.382000 
53.870700, -116.166400, 0.430000 
55.587700, -119.359800, 0.330000 
52.585700, -116.036700, 0.648000 
54.830200, -118.652600, 0.564000 
50.335000, -112.687700, 0.552000 
51.222600, -114.642900, 1.156000 
50.087600, -112.282900, 0.383000 
53.114100, -115.208200, 0.327000 
52.401200, -114.591500, 0.340000 
54.365500, -118.591300, 1.380000 
53.703000, -117.234900, 0.420000 
55.689500, -115.926900, 2.850000 
52.925000, -114.475800, 0.312000 
58.781600, -118.602700, 0.910000 
52.634000, -110.089600, 1.308000 
51.046700, -114.069900, 1.380000 
52.506800, -114.508400, 0.390000 
51.600900, -111.231500, 0.410000 
56.486500, -114.120400, 0.360000 
53.639000, -110.629000, 0.359000 
53.936200, -113.499600, 0.740000 
55.160200, -118.818400, 19.143000 
50.593000, -111.492000, 0.890000 
56.481100, -115.144600, 0.390000 
53.477900, -111.936300, 0.500000 
53.960500, -112.303900, 0.320000 
53.427000, -112.075100, 0.320000 
54.330400, -116.557800, 0.365000 
54.623400, -118.192200, 0.526000 
53.176000, -115.272300, 0.770000 
51.046500, -114.070600, 1.916000 
52.113600, -113.193200, 0.340000 
51.046700, -114.069900, 0.870000 
51.046700, -114.069900, 0.770000 
54.353900, -114.811100, 1.011000 
54.103500, -116.608000, 2.187000 
54.452800, -116.856300, 0.977000 
54.045300, -116.265200, 0.424000 
54.292700, -116.408800, 0.413000 
56.097000, -118.461700, 0.510000 
56.097000, -118.435700, 0.990000 
56.126100, -118.461700, 0.430000 
56.126100, -118.461700, 0.400000 
57.741100, -118.974300, 0.370000 
54.452300, -114.874300, 1.740000 
52.941200, -118.043000, 7.003000 
56.937100, -113.480800, 0.884000 
58.695200, -114.005000, 3.091000 
55.483600, -115.394000, 0.437000 
57.546100, -119.106200, 0.548000 
58.483700, -114.498900, 2.038000 
57.066400, -118.029400, 0.506000 
55.714000, -115.898300, 1.436000 
58.727600, -111.136400, 11.528000 
52.478300, -111.743500, 2.016000 
52.293900, -110.691400, 0.411000 
50.475400, -111.587400, 0.530000 
56.315200, -118.938300, 0.390000 
52.115800, -110.579400, 1.031000 
51.145200, -112.507900, 0.464000 
53.768900, -117.573700, 1.373000 
55.554200, -119.760200, 0.320000 
58.356600, -118.970800, 0.960000 
50.999600, -113.850900, 0.350000 
53.548500, -116.141700, 0.350000 
56.530900, -119.321400, 0.510000 
56.529800, -119.302400, 1.300000 
56.608300, -119.381300, 0.300000 
52.493200, -114.318100, 0.300000 
52.371900, -114.347600, 0.400000 
54.954100, -115.218400, 0.390000 
53.237800, -114.601800, 0.644000 
54.321800, -110.018700, 1.513000 
52.863400, -113.532200, 0.417000 
53.477900, -116.124000, 0.490000 
56.459200, -119.974600, 0.520000 
54.310500, -118.365600, 0.420000 
58.494400, -118.673600, 2.760000 
54.710600, -117.142800, 0.395000 
56.267100, -119.164000, 2.126000 
56.274300, -119.177100, 0.540000 
55.106900, -119.332200, 1.565000 
53.943500, -116.783700, 0.329000 
53.804800, -116.859700, 0.615000 
55.103300, -119.325900, 0.767000 
53.775700, -116.822300, 0.418000 
55.525600, -118.797100, 1.080000 
55.237900, -114.947300, 0.720000 
55.725100, -119.406300, 0.467000 
55.675000, -119.359800, 0.841000 
55.733200, -119.411300, 0.467000 
55.725100, -119.399500, 1.749000 
52.221200, -110.501800, 1.090000 
51.326800, -110.165300, 2.260000 
51.341500, -110.147900, 1.220000 
50.097000, -112.503900, 0.657000 
57.219100, -118.769300, 0.700000 
53.950000, -113.100000, 0.337000 
57.382700, -118.979400, 0.387000 
53.154100, -116.460300, 0.377000 
56.106100, -119.714300, 0.448000 
55.223300, -115.056500, 4.220000 
55.194800, -111.424400, 0.357000 
55.234400, -115.062800, 1.920000 
53.437500, -115.466200, 0.333000 
49.004700, -112.210400, 0.685000 
51.509300, -114.455600, 1.025000 
50.993800, -113.990000, 13.898000 
54.525200, -118.670400, 2.370000 
52.820300, -114.765800, 0.560000 
56.197600, -116.144500, 1.270000 
50.509600, -111.318200, 0.497000 
54.045300, -117.697100, 0.356000 
53.768900, -112.166400, 0.541000 
49.947800, -112.270800, 0.636000 
54.438200, -119.676100, 0.414000 
54.903200, -115.205800, 2.530000 
52.808600, -116.210200, 2.100000 
53.928900, -116.833000, 0.425000 
52.257500, -111.555500, 0.544000 
52.226500, -111.558900, 0.518000 
51.353500, -112.282000, 0.411000 
51.339000, -112.468700, 0.383000 
52.257500, -111.567300, 0.492000 
56.528300, -116.218500, 1.720000 
51.042700, -114.053800, 1.170000 
51.042700, -114.053800, 0.880000 
50.624800, -111.588500, 0.960000 
56.489800, -115.883200, 0.323000 
52.750400, -110.042200, 0.591000 
51.979200, -111.061000, 0.420000 
56.548000, -115.953600, 0.680000 
52.255600, -111.582600, 0.315000 
49.119100, -113.761500, 0.359000 
52.153800, -115.321800, 2.680000 
53.410600, -112.041500, 2.445000 
56.574800, -115.072100, 0.733000 
56.568300, -115.075200, 0.529000 
56.542900, -115.141500, 0.667000 
56.575600, -115.095300, 0.359000 
56.591700, -115.106000, 0.442000 
56.575600, -115.081800, 0.560000 
52.188500, -110.127000, 1.130000 
52.181300, -110.031800, 0.520000 
52.137500, -113.477800, 0.520000 
52.200000, -113.233300, 0.570000 
56.446200, -115.883200, 0.456000 
51.905300, -112.735300, 1.280000 
50.067500, -112.621200, 0.520000 
53.834000, -117.912400, 6.016000 
52.401200, -114.017900, 0.560000 
54.957600, -119.199100, 0.506000 
51.484500, -110.414400, 0.305000 
53.914400, -117.573700, 0.302000 
53.987100, -117.351500, 0.607000 
53.539800, -113.397000, 26.480000 
50.218600, -111.829700, 0.500000 
50.000300, -113.710400, 0.620000 
52.779300, -115.377100, 0.860000 
55.849600, -111.346000, 0.720000 
52.153800, -111.653700, 0.301000 
50.611500, -112.500700, 0.400000 
55.835000, -117.348700, 0.680000 
55.626800, -119.223800, 0.540000 
55.969000, -119.803200, 0.490000 
54.801500, -119.205100, 0.430000 
50.683000, -111.548000, 0.630000 
55.320300, -118.762000, 1.860000 
52.250300, -110.585300, 0.450000 
52.210300, -110.496000, 1.000000 
52.181200, -110.525600, 1.390000 
58.017600, -119.479100, 1.020000 
54.465400, -113.221600, 0.636000 
50.169400, -112.501500, 1.375000 
54.883700, -113.498300, 0.751000 
54.690800, -115.704500, 0.715000 
55.494700, -116.320000, 0.490000 
54.317700, -116.573000, 2.881000 
55.491100, -118.082400, 1.161000 
54.162360, -115.733900, 2.108000 
49.701100, -112.787800, 1.860000 
54.145400, -117.482600, 3.260000 
53.792300, -114.613000, 1.012000 
52.097300, -114.755700, 0.494000 
52.188200, -110.988300, 1.595000 
49.616400, -111.917300, 7.396000 
55.382000, -111.760100, 0.881000 
54.640000, -115.780400, 0.450000 
55.458400, -116.165600, 1.210000 
55.491170, -116.186500, 0.330000 
50.700700, -112.654200, 21.442000 
53.736200, -113.833900, 0.350000 
53.657900, -116.666800, 0.740000 
55.072800, -116.975700, 3.170000 
52.349900, -110.266600, 6.241000 
51.828200, -111.774200, 0.570000 
51.686200, -110.666900, 0.420000 
49.911100, -112.404500, 0.450000 
49.820000, -112.494500, 0.402000 
56.218700, -116.251300, 1.380000 
54.127000, -117.520400, 3.590000 
52.846800, -114.185700, 1.047000 
50.398600, -112.847300, 0.370000 
53.778100, -117.552900, 1.389000 
49.903900, -111.332300, 0.475000 
54.432500, -116.139700, 0.490000 
49.833300, -111.699800, 7.928000 
52.475700, -111.700100, 0.462000 
52.981500, -112.707700, 12.604000 
51.741900, -113.258100, 10.750000 
54.545400, -114.794200, 0.290000 
58.354000, -119.145400, 1.089000 
52.890700, -110.252700, 0.910000 
52.830300, -116.272200, 1.200000 
53.323600, -116.995400, 0.300000 
52.685000, -110.430000, 0.320000 
53.022200, -116.520800, 0.530000 
52.958200, -114.679900, 0.370000 
52.969200, -116.692500, 2.570000 
52.969300, -110.092700, 0.370000 
54.141200, -112.958800, 0.350000 
54.178700, -117.328400, 4.110000 
56.006700, -118.390800, 0.330000 
55.363900, -119.831100, 0.620000 
53.918400, -117.297000, 0.600000 
56.223300, -119.570800, 0.400000 
52.681000, -110.184000, 0.630000 
52.989300, -114.157900, 0.330000 
52.918200, -110.566900, 0.380000 
54.137600, -116.392000, 0.320000 
53.346200, -113.517200, 19.913000 
53.847000, -114.619400, 0.572000 
53.484800, -115.607600, 0.577000 
52.031800, -112.629500, 0.850000 
52.180900, -113.083200, 0.312000 
50.987900, -114.464300, 0.363000 
53.305100, -115.691100, 0.652000 
53.523200, -115.464700, 0.363000 
53.483200, -115.526400, 0.581000 
53.385100, -115.612800, 0.971000 
50.073300, -112.673700, 0.810000 
50.154700, -112.461500, 4.000000 
56.364200, -119.934300, 2.420000 
55.504200, -118.945300, 0.370000 
55.338100, -118.536700, 1.550000 
50.168300, -112.299800, 2.400000 
50.311700, -112.515100, 0.480000 
52.688700, -110.442000, 2.260000 
52.788400, -112.489800, 0.390000 
52.792000, -112.562700, 0.751000 
50.060300, -112.299800, 0.310000 
50.013100, -112.611500, 1.230000 
51.559000, -112.612600, 0.320000 
55.254700, -119.458100, 0.420000 
56.578600, -119.058300, 0.426000 
53.779500, -118.486200, 4.533000 
52.383300, -115.066700, 0.750000 
54.407200, -117.626800, 1.153000 
54.438200, -119.148800, 2.630000 
53.977900, -116.751200, 1.480000 
55.318300, -116.491800, 35.040000 
52.322900, -114.707700, 0.558000 
55.618300, -119.613900, 0.541000 
54.054200, -118.308700, 0.909000 
55.771200, -115.548700, 3.631000 
53.958000, -118.772800, 0.965000 
54.508900, -117.354500, 0.873000 
52.180900, -110.361600, 0.730000 
51.813700, -113.621800, 0.530000 
51.624500, -112.952600, 0.660000 
51.700900, -112.852000, 0.520000 
53.026900, -114.766400, 0.370000 
50.671500, -112.596500, 1.020000 
52.512000, -114.394900, 0.320000 
52.759300, -114.125200, 0.350000 
53.590480, -116.172680, 0.450000 
52.915900, -114.006000, 0.410000 
50.093100, -110.732800, 0.648000 
56.244200, -119.075000, 0.420000 
51.930100, -113.538800, 0.350000 
50.838700, -110.843600, 0.340000 
52.748400, -115.513900, 0.520000 
50.220500, -112.444200, 0.560000 
49.936700, -111.737300, 0.312000 
56.535000, -115.016900, 6.238000 
56.271846, -111.498890, 1.251000 
56.007600, -113.402800, 2.290000 
49.980300, -111.760100, 0.308000 
55.950000, -110.601900, 0.627000 
54.305300, -119.289100, 0.353000 
56.888200, -114.536100, 0.383000 
56.411400, -118.440600, 0.737000 
54.374400, -117.275900, 0.486000 
56.036800, -115.641500, 0.489000 
56.076700, -119.648100, 0.307000 
54.752900, -115.439200, 3.527000 
52.788400, -113.108500, 0.307000 
54.105400, -117.526500, 3.630000 
56.433300, -118.929700, 0.306000 
56.342300, -110.585600, 0.495000 
54.800000, -115.520600, 5.001000 
54.807300, -115.413300, 2.898000 
55.385600, -119.921400, 0.613000 
52.601300, -115.221600, 0.500000 
49.594700, -111.905900, 1.716000 
55.341900, -119.850600, 0.743000 
57.087200, -112.899500, 0.311000 
53.745000, -110.723900, 0.519000 
54.439700, -116.962600, 0.953000 
53.541700, -113.391700, 283.590000 
53.421300, -113.904400, 3.578000 
53.227700, -114.988900, 217.400000 
52.776100, -115.660700, 4.570000 
52.322100, -113.516600, 0.435000 
53.181200, -115.762500, 6.675000 
51.637200, -112.866000, 3.780000 
52.463000, -114.346500, 1.830000 
53.952700, -113.078000, 0.970000 
51.022770, -114.027660, 0.331000 
53.593060, -116.390300, 110.500000 
53.539700, -113.409200, 12.650000 
53.571700, -113.349800, 132.100000 
52.959300, -115.893800, 8.510000 
52.033030, -113.938910, 54.168000 
51.219500, -114.645400, 3.277000 
49.789400, -112.126100, 0.570000 
54.144400, -115.691700, 0.760000 
53.795900, -113.099600, 10.538000 
52.564700, -112.141400, 423.512000 
54.923116, -112.861867, 155.410000 
50.647500, -113.772000, 3.890000 
54.179100, -115.806000, 0.885000 
50.805300, -110.034900, 4.900000 
53.245000, -115.674300, 1.760000 
53.546800, -113.734800, 0.961000 
53.804200, -113.082400, 12.162000 
53.746900, -113.164500, 1.880000 
54.194400, -116.632200, 22.720000 
55.358300, -114.617200, 0.594000 
54.833300, -118.646700, 9.081000 
53.413300, -117.570600, 354.952000 
54.572300, -115.522900, 17.860000 
55.070600, -118.688800, 0.258000 
51.531700, -111.786100, 140.738000 
54.524700, -116.794300, 2.616000 
53.572500, -113.360600, 13.781000 
55.269500, -114.598300, 44.860000 
51.570800, -114.851700, 2.817000 
55.996700, -118.533600, 3.153000 
53.529100, -113.387500, 54.229000 
55.335900, -119.223000, 2.230000 
51.742300, -114.134500, 1.740000 
55.071200, -118.691200, 95.174000 
54.007100, -119.104000, 49.380000 
54.596400, -110.395000, 60.574000 
50.675600, -110.025000, 6.025000 
52.496000, -114.988000, 2.081000 
50.846700, -113.581170, 27.500000 
51.191300, -113.940900, 15.932000 
53.048100, -113.921000, 22.103000 
49.305200, -114.000300, 17.780000 
51.965500, -114.753600, 15.364000 
51.039600, -114.559000, 16.000000 
53.448700, -114.449100, 231.294000 
49.713599, -112.796397, 1.235000 
50.845800, -113.586700, 9.383000 
52.940400, -114.832300, 4.507000 
55.725100, -119.399900, 1.641000 
50.747700, -114.494700, 6.830000 
52.308300, -113.550000, 83.101000 
53.344000, -114.305000, 113.965000 
54.130900, -115.546700, 7.691000 
57.003300, -111.466100, 713.310000 
53.776000, -113.088600, 6.179000 
53.533000, -113.411500, 0.617000 
53.733200, -113.175000, 39.714000 
57.040500, -111.619200, 664.832000 
50.086600, -110.716700, 12.976000 
53.288500, -110.018300, 5.246000 
53.560000, -114.486200, 130.561000 
53.508500, -114.557100, 830.557000 
56.380600, -116.795000, 13.328000 
53.722900, -113.174000, 0.069000 
52.146300, -115.330000, 13.100000 
53.721700, -113.191700, 7.153000 
54.423300, -117.760400, 2.658000 
53.204500, -116.811200, 26.107000 
53.652000, -116.099200, 1.029000 
53.841600, -113.097900, 97.870000 
58.500000, -119.416700, 6.360000 
53.354600, -113.715000, 0.825000 
52.226300, -115.177000, 4.600000 
52.758100, -114.111600, 20.370000 
51.534800, -114.203700, 1.545000 
56.377200, -117.175600, 149.130000 
54.952700, -119.195300, 7.443000 
53.833100, -113.108900, 0.380000 
52.553700, -111.694000, 1.819000 
53.132300, -115.981700, 1.917000 
55.248100, -114.514000, 4.884000 
51.926500, -114.542700, 0.702000 
52.035300, -115.137700, 3.502000 
51.400100, -114.034300, 14.803000 
53.022700, -112.811400, 0.316000 
53.757500, -113.149900, 2.422000 
54.427200, -116.884300, 7.670000 
51.696900, -114.475000, 4.990000 
55.913200, -115.150400, 1.185000 
51.526000, -113.880000, 1.174000 
54.284800, -115.698000, 22.004000 
53.728270, -113.235520, 15.432000 
53.456206, -113.487312, 0.620000 
54.772900, -110.579000, 40.246000 
54.185400, -116.210400, 14.150000 
52.581200, -113.971000, 0.365000 
50.194700, -110.479700, 0.630000 
52.046500, -114.588800, 0.571000 
51.209800, -110.161100, 0.220000 
53.635900, -112.019200, 0.600000 
49.784800, -112.151000, 0.797000 
53.607000, -112.592700, 0.380000 
52.843200, -111.722800, 0.740000 
54.560100, -111.770600, 0.550000 
53.537900, -111.785100, 1.050000 
55.876700, -117.612400, 1.220000 
52.412900, -114.407600, 0.530000 
55.969400, -117.575600, 1.010000 
52.719300, -113.617900, 0.260000 
53.109200, -114.981300, 0.280000 
49.976800, -112.042900, 1.470000 
53.546200, -113.676000, 0.600000 
53.537000, -113.847800, 0.750000 
53.472200, -115.100000, 1.290000 
53.883400, -110.041100, 1.230000 
50.904300, -113.308500, 1.080000 
50.227500, -113.548200, 1.000000 
54.025400, -110.681200, 0.380000 
54.359600, -116.152900, 0.370000 
55.873200, -112.145400, 0.420000 
52.779800, -113.629900, 0.290000 
52.923200, -115.107500, 0.860000 
50.151100, -113.562100, 0.380000 
53.155900, -112.326700, 1.550000 
49.088900, -112.582300, 0.150000 
55.247500, -116.641600, 1.060000 
52.555700, -111.805300, 0.420000 
52.402900, -111.736200, 0.970000 
56.036800, -113.782500, 0.490000 
55.644000, -114.659700, 1.930000 
51.770100, -111.422000, 0.430000 
52.926800, -111.889500, 0.690000 
49.725300, -112.790000, 0.015000 
54.897200, -117.708800, 0.720000 
54.101800, -114.292500, 1.200000 
55.858700, -113.841400, 0.350000 
55.513100, -113.475000, 0.560000 
53.039700, -111.220000, 1.650000 
53.943200, -113.596900, 95.000000 
53.826700, -113.603300, 1.862000 
54.293100, -116.188300, 3.862000 
53.333300, -113.534500, 1.556000 
53.555000, -113.477400, 0.555000 
55.866700, -119.596700, 0.822000 
53.559040, -113.693580, 0.821000 
53.651700, -113.265800, 5.525000 
52.028360, -113.954260, 2.717000 
51.407800, -113.668300, 1.630000 
53.584100, -113.614400, 0.632000 
50.963300, -112.288300, 1.380000 
53.645100, -114.130200, 3.527000 
53.571300, -113.339300, 17.722000 
50.701100, -111.095600, 1.430000 
50.676800, -110.018000, 0.820000 
53.565150, -113.364550, 1.219000 
51.052400, -113.994700, 3.922000 
50.026580, -110.665700, 7.726000 
51.020210, -114.019246, 12.701000 
53.573220, -113.316410, 0.939000 
53.582200, -113.544400, 0.002000 
51.052000, -114.010500, 0.032000 
49.878996, -112.774388, 0.360000 
49.790600, -112.131400, 0.808000 
51.168600, -114.210900, 0.985000 
50.991500, -114.030100, 0.440000 
50.991700, -114.030300, 0.273000 
53.506900, -113.373400, 0.255000 
51.056600, -115.164300, 2.432000 
55.736900, -117.185800, 9.093000 
51.065300, -115.221100, 6.333000 
55.757600, -118.696700, 13.369000 
53.319800, -113.571800, 2.802000 
54.796400, -117.658000, 0.782000 
52.457600, -114.419100, 1.545000 
54.785300, -117.658000, 3.009000 
50.977000, -111.683100, 0.653000 
52.166500, -113.256300, 0.654000 
51.890100, -114.359100, 1.000000 
51.682500, -111.293600, 1.427000 
57.200800, -118.819200, 2.902000 
49.852100, -111.665000, 3.026000 
55.494700, -119.289500, 0.468000 
50.838700, -111.520100, 0.671000 
52.515700, -113.173800, 1.983000 
52.079300, -110.636400, 1.220000 
52.104400, -110.695000, 3.453000 
57.299000, -118.228900, 0.318000 
51.911800, -111.188100, 2.782000 
52.774000, -113.520700, 0.230000 
50.737400, -112.084900, 0.770000 
50.518700, -111.910900, 0.682000 
50.704300, -111.155300, 0.797000 
54.162500, -112.841800, 0.330000 
51.995400, -110.827200, 2.203000 
52.421200, -110.388600, 1.571000 
53.861500, -114.756100, 0.440000 
54.290800, -116.918700, 0.350000 
52.479300, -110.936100, 4.460000 
59.623400, -117.727200, 0.646000 
54.334500, -110.310900, 0.410000 
55.714100, -118.830400, 0.360000 
51.959000, -110.767500, 0.470000 
51.333400, -110.667500, 0.500000 
52.366500, -112.734900, 0.570000 
55.698300, -118.783300, 0.510000 
50.675000, -110.049200, 0.766000 
52.122900, -110.570500, 3.618000 
53.941500, -113.664600, 0.339000 
53.416800, -113.917700, 0.727000 
53.719800, -113.596300, 0.622000 
51.488700, -113.153900, 2.430000 
53.821500, -113.490400, 4.080000 
57.189700, -119.054800, 0.930000 
57.346400, -119.099000, 0.350000 
55.305700, -115.046100, 0.309000 
53.137600, -113.794100, 0.946000 
56.964500, -117.007100, 0.560000 
53.796100, -111.941900, 0.852000 
53.850600, -112.190600, 0.869000 
52.790700, -114.130700, 0.406000 
51.962900, -111.016100, 0.924000 
55.396400, -119.599700, 2.486000 
55.328700, -119.388000, 0.399000 
50.129400, -111.908400, 2.910000 
53.766900, -112.203100, 0.602000 
50.198300, -112.119200, 0.443000 
53.977100, -117.285100, 2.963000 
58.568700, -119.201500, 0.640000 
52.322800, -114.020800, 1.190000 
52.104500, -113.077400, 0.430000 
52.872000, -113.629900, 0.400000 
53.345100, -114.743600, 0.470000 
50.059200, -112.039500, 0.585000 
53.643300, -111.426700, 0.756000 
53.890700, -117.354000, 3.271000 
55.767500, -119.380300, 3.543000 
52.479300, -115.206900, 0.779000 
54.138100, -111.908300, 0.682000 
52.544800, -114.641600, 0.449000 
55.720300, -119.094700, 0.410000 
51.893700, -114.400400, 0.474000 
52.319300, -111.477600, 2.103000 
52.549700, -112.579400, 0.316000 
52.480900, -114.870200, 0.312000 
51.955400, -111.845300, 0.395000 
52.333700, -111.357300, 4.447000 
52.446500, -111.272700, 0.316000 
51.977300, -111.173400, 0.655000 
52.220900, -111.937300, 0.723000 
52.235700, -111.788100, 0.671000 
52.326500, -111.128600, 1.830000 
55.116400, -116.712300, 2.732000 
58.943200, -118.916800, 4.596000 
54.443600, -112.583200, 2.253000 
54.538100, -115.932300, 1.036000 
54.494400, -115.957600, 1.982000 
55.720300, -119.406100, 0.525000 
59.005100, -119.033200, 0.314000 
57.364000, -119.763000, 0.338000 
59.067000, -118.875900, 3.184000 
59.230700, -119.275900, 4.359000 
58.975900, -119.118700, 0.548000 
55.268600, -114.584700, 3.732000 
51.007900, -114.051300, 1.537000 
55.074200, -117.274200, 1.073000 
53.576900, -113.570600, 1.139000 
55.993500, -113.480500, 3.099000 
54.394900, -116.809000, 2.277000 
55.199400, -116.221900, 0.410000 
58.194700, -116.350400, 2.886000 
52.327100, -112.718300, 3.700000 
53.670500, -115.762200, 1.260000 
56.904200, -117.633600, 1.010000 
53.347100, -110.838200, 15.449000 
57.218000, -111.027000, 3.360000 
53.723500, -113.173800, 5.671000 
54.133300, -115.366600, 3.576000 
50.058200, -110.728200, 3.075000 
53.908300, -118.816700, 1.480000 
53.719000, -113.205600, 0.759000 
52.228400, -114.397700, 2.966000 
52.212400, -113.843700, 1.449000 
53.902300, -115.189300, 1.500000 
51.189400, -113.937800, 1.006000 
53.740700, -113.023100, 14.200000 
57.298900, -111.503300, 11.092000 
52.255700, -113.886000, 6.942000 
53.593600, -113.335600, 0.360000 
53.863100, -113.393900, 0.390000 
52.766100, -114.285600, 1.052000 
51.915300, -113.578100, 1.810000 
58.518800, -117.119500, 5.310000 
53.799100, -113.080700, 5.733000 
54.587200, -112.803100, 1.060000 
53.567200, -113.599300, 0.521000 
49.362300, -113.511500, 0.357000 
51.798200, -114.098000, 0.444000 
53.498600, -113.387900, 0.367000 
53.332300, -113.524100, 3.880000 
49.693900, -112.096200, 10.510000 
55.162300, -118.816600, 1.550000 
55.041500, -119.631000, 3.556000 
53.394200, -113.570700, 0.100000 
57.546300, -119.112600, 0.580000 
54.588800, -115.862500, 1.754000 
53.798900, -112.898400, 1.710000 
49.628100, -114.571900, 1.987000 
53.283800, -110.031900, 15.269000 
55.481900, -119.059200, 8.400000 
50.061200, -110.723000, 0.910000 
55.029800, -118.744000, 93.960000 
54.510900, -115.511700, 10.390000 
53.725400, -113.193000, 5.230000 
53.721800, -113.192700, 3.213000 
51.789600, -114.702800, 4.768000 
54.238200, -115.379700, 13.400000 
49.701943, -112.803037, 2.830000 
51.030750, -113.399500, 0.322000 
53.557500, -116.547200, 12.100000 
55.432500, -116.486000, 186.200000 
55.040000, -115.475800, 2.554000 
51.004210, -113.989400, 0.394000 
59.063100, -118.875700, 1.776000 
51.058900, -115.174500, 34.500000 
53.817200, -113.133600, 0.582000 
53.576280, -113.317500, 0.759000 
55.489100, -119.750800, 1.880000 
58.555500, -118.915900, 3.047000 
53.250200, -115.555500, 3.941000 
51.060740, -113.995090, 0.504000 
50.583700, -113.871100, 20.738000 
50.597600, -111.881800, 28.060000 
51.222500, -114.495600, 7.111000 
53.581600, -113.599100, 34.721000 
49.723497, -112.785116, 0.443000 
55.876700, -119.301100, 1.100000 
51.099300, -112.639000, 1.900000 
57.361200, -119.754000, 0.740000 
53.960200, -116.460000, 1.010000 
54.829600, -118.647000, 2.110000 
54.288500, -116.978000, 0.410000 
52.719000, -115.708000, 0.750000 
57.188000, -118.248900, 0.660000 
54.483500, -118.100000, 0.690000 
49.975700, -114.130000, 0.300000 
54.043500, -117.420000, 1.500000 
56.373300, -119.922800, 0.360000 
51.935300, -112.079200, 0.410000 
55.125900, -117.838000, 1.410000 
50.817600, -110.448000, 0.440000 
55.450900, -113.923000, 0.450000 
52.058000, -114.908000, 1.620000 
51.068200, -115.136400, 147.485000 
53.862700, -110.639000, 0.533000 
53.481700, -113.489000, 1.290000 
51.015020, -114.026480, 22.386000 
53.010600, -112.810000, 3.834000 
53.550500, -113.358900, 57.277000 
54.257800, -110.831500, 0.875000 
53.431000, -117.540600, 0.541000 
55.814900, -119.365000, 0.320000 
53.244500, -116.238000, 1.000000 
50.697800, -111.531000, 8.170000 
50.704600, -110.844000, 2.250000 
51.444300, -114.527000, 0.350000 
52.355300, -115.332000, 0.660000 
50.693800, -114.330000, 0.990000 
51.943400, -114.736000, 2.760000 
53.470500, -116.496100, 1.570000 
53.472878, -113.616936, 0.039000 
53.402700, -117.599300, 10.431000 
58.447100, -119.238300, 4.642000 
50.577200, -111.178100, 3.500000 
52.308300, -113.550000, 496.593000 
49.789000, -112.134440, 8.398000 
55.338500, -119.219200, 0.306000 
50.671900, -110.028900, 1.010000 
51.316900, -113.390300, 0.450000 
54.926900, -111.936100, 0.322000 
56.981400, -111.462500, 2.779000 
49.801900, -113.104700, 0.300000 
50.040920, -110.721904, 28.490000 
49.725296, -112.798487, 1.997000 
50.443600, -110.882500, 1.110000 
55.706400, -118.772800, 0.350000 
54.846700, -112.567500, 0.392000 
57.076100, -111.918900, 13.201000 
50.269600, -112.893800, 5.090000 
57.351700, -111.522200, 21.971000 
53.373100, -116.086000, 1.000000 
51.006900, -113.192800, 2.080000 
52.869000, -115.101000, 1.750000 
51.024500, -114.025000, 9.920000 
53.628800, -113.307700, 2.725000 
51.154200, -114.187700, 9.017000 
51.028800, -114.044800, 4.874000 
53.519600, -113.529000, 2.863000 
53.819400, -113.141900, 2.830000 
52.904700, -115.324700, 0.830000 
55.582700, -110.888800, 4.240000 
52.315900, -113.850000, 0.707000 
55.069600, -110.536100, 13.630000 
53.529649, -113.495611, 0.040000 
50.847000, -113.591000, 5.430000 
53.091100, -111.768600, 1.820000 
