53.288500, -110.018300, 0.016000 
54.572300, -115.522900, 0.032000 
54.194400, -116.632200, 0.163000 
53.245000, -115.674300, 0.107000 
51.742300, -114.134500, 0.098000 
52.959300, -115.893800, 1.169000 
52.776100, -115.660700, 0.903000 
52.758100, -114.111600, 0.467000 
49.720100, -112.781900, 5.996000 
53.559200, -113.388800, 0.006000 
55.725100, -119.399900, 0.002000 
51.191300, -113.940900, 0.236000 
51.965500, -114.753600, 0.130000 
56.380600, -116.795000, 0.800000 
57.003300, -111.466100, 539.072000 
57.040500, -111.619200, 19.506000 
50.982200, -113.974200, 0.083000 
53.570000, -113.611400, 0.016000 
51.570800, -114.851700, 0.028000 
53.795900, -113.099600, 0.659000 
53.804200, -113.082400, 8.816000 
53.541700, -113.391700, 1.367000 
53.181200, -115.762500, 0.001000 
52.553700, -111.694000, 0.002000 
51.696900, -114.475000, 0.056000 
54.185400, -116.210400, 0.225000 
51.400100, -114.034300, 0.182000 
54.427200, -116.884300, 0.220000 
53.132300, -115.981700, 1.149000 
52.035300, -115.137700, 0.010000 
54.510900, -115.511700, 0.078000 
53.340200, -113.538100, 0.007000 
49.628100, -114.571900, 0.100000 
55.489100, -119.750800, 0.002000 
59.063100, -118.875700, 0.005000 
51.000700, -113.965670, 0.262000 
53.950900, -113.088100, 0.002000 
53.902300, -115.189300, 0.190000 
50.959200, -113.981200, 0.207000 
53.527200, -113.354800, 0.517000 
50.963600, -113.976680, 0.263000 
53.530040, -113.402010, 0.275000 
54.974300, -117.285800, 0.586000 
53.388600, -115.315800, 0.518000 
50.653300, -111.166100, 0.015000 
53.499900, -113.418000, 0.050000 
54.285000, -115.698200, 0.115000 
55.175000, -118.785400, 0.097000 
53.301700, -110.012600, 0.062000 
53.504100, -113.373300, 0.001000 
56.411700, -110.937600, 0.123000 
53.190400, -115.223500, 0.020000 
56.390700, -116.875400, 0.476000 
56.113500, -111.829300, 0.896000 
57.335400, -111.755600, 26.014000 
53.573700, -113.348400, 0.017000 
