50.675600, -110.025000, 0.445000 
53.559200, -113.388800, 0.002000 
55.725100, -119.399900, 0.100000 
51.191300, -113.940900, 0.100000 
56.380600, -116.795000, 1.020000 
50.982200, -113.974200, 0.003000 
53.570000, -113.611400, 0.002000 
51.570800, -114.851700, 13.700000 
53.795900, -113.099600, 0.166000 
53.804200, -113.082400, 0.319000 
53.541700, -113.391700, 0.445000 
54.524700, -116.794300, 11.206000 
58.555500, -118.915900, 0.100000 
51.526000, -113.880000, 0.100000 
51.400100, -114.034300, 0.435000 
51.000700, -113.965670, 0.523000 
57.351700, -111.522200, 0.403000 
50.967800, -113.969900, 0.001000 
59.641800, -118.307800, 2.383000 
53.737500, -113.149000, 0.136000 
52.942400, -113.511100, 93.783000 
55.208300, -118.793000, 0.003000 
55.175000, -118.785400, 0.089000 
56.411700, -110.937600, 0.001000 
