53.733200, -113.175000, 0.005000 
53.288500, -110.018300, 0.119000 
50.747700, -114.494700, 0.559000 
54.952700, -119.195300, 0.666000 
54.572300, -115.522900, 0.159000 
54.596400, -110.395000, 1.163000 
55.335900, -119.223000, 1.633000 
50.647500, -113.772000, 0.105000 
54.194400, -116.632200, 2.359000 
53.245000, -115.674300, 0.338000 
53.746900, -113.164500, 0.954000 
51.742300, -114.134500, 1.271000 
50.675600, -110.025000, 0.059000 
52.959300, -115.893800, 3.064000 
52.776100, -115.660700, 1.090000 
52.758100, -114.111600, 1.453000 
52.226300, -115.177000, 2.434000 
53.559200, -113.388800, 0.141000 
55.725100, -119.399900, 0.554000 
52.308300, -113.550000, 0.363000 
51.191300, -113.940900, 2.962000 
49.305200, -114.000300, 1.493000 
51.965500, -114.753600, 1.935000 
53.652000, -116.099200, 1.173000 
54.423300, -117.760400, 6.322000 
57.003300, -111.466100, 1428.091000 
57.040500, -111.619200, 73.628000 
50.982200, -113.974200, 0.048000 
53.570000, -113.611400, 0.069000 
51.570800, -114.851700, 0.332000 
53.795900, -113.099600, 4.581000 
53.804200, -113.082400, 0.704000 
53.541700, -113.391700, 7.751000 
53.181200, -115.762500, 0.034000 
54.833300, -118.646700, 0.871000 
54.524700, -116.794300, 0.535000 
52.553700, -111.694000, 0.005000 
54.130900, -115.546700, 0.050000 
53.550500, -113.358900, 22.615430 
58.555500, -118.915900, 0.356000 
51.526000, -113.880000, 0.379000 
51.696900, -114.475000, 0.807000 
54.772900, -110.579000, 1.256000 
54.185400, -116.210400, 3.446000 
51.400100, -114.034300, 1.038000 
53.757500, -113.149900, 0.194000 
54.427200, -116.884300, 1.332000 
53.132300, -115.981700, 1.581000 
52.035300, -115.137700, 1.705000 
54.510900, -115.511700, 0.502000 
53.319300, -113.518000, 3.431000 
55.481900, -119.059200, 0.098000 
55.041500, -119.631000, 0.429000 
49.628100, -114.571900, 0.067000 
57.546300, -119.112600, 1.042000 
53.250200, -115.555500, 0.187000 
55.489100, -119.750800, 0.039000 
53.581600, -113.599100, 1.530000 
53.571290, -113.355400, 1.489000 
53.557500, -116.547200, 1.392000 
59.063100, -118.875700, 0.057000 
53.817200, -113.133600, 0.092000 
51.000700, -113.965670, 1.506000 
53.950900, -113.088100, 0.028000 
53.670500, -115.762200, 0.027000 
51.010160, -113.964210, 1.693000 
53.902300, -115.189300, 0.985000 
53.550690, -113.349600, 10.410370 
52.674300, -111.311600, 0.105000 
57.298900, -111.503300, 4.572000 
53.286400, -110.017800, 0.219000 
52.656700, -111.311900, 0.321000 
54.420500, -110.213100, 0.048000 
55.582700, -110.888800, 0.486000 
55.069600, -110.536100, 3.092000 
57.351700, -111.522200, 0.358000 
50.959200, -113.981200, 0.992000 
53.527200, -113.354800, 1.788000 
50.967800, -113.969900, 0.095000 
53.544400, -113.366200, 0.143000 
53.543100, -117.797900, 0.204000 
52.588100, -111.206100, 0.143000 
50.963600, -113.976680, 4.672000 
53.530040, -113.402010, 4.742000 
50.129400, -111.908400, 0.125000 
57.590100, -117.531700, 0.647000 
53.159500, -114.902800, 0.220000 
54.974300, -117.285800, 0.581000 
53.388600, -115.315800, 1.456000 
50.653300, -111.166100, 0.169000 
56.215000, -110.968100, 0.245000 
59.641800, -118.307800, 0.081000 
53.499900, -113.418000, 0.654000 
51.086830, -114.043150, 0.624000 
53.288900, -110.012000, 3.610000 
53.596200, -113.332100, 1.630000 
53.566800, -113.365000, 0.702000 
52.639900, -111.273500, 0.767000 
54.285000, -115.698200, 0.847000 
49.080000, -112.050000, 1.245000 
52.380000, -114.140000, 1.240000 
53.504100, -113.373300, 0.012000 
56.193600, -110.950600, 0.768000 
55.527900, -110.873800, 0.017000 
56.411700, -110.937600, 0.491000 
53.190400, -115.223500, 0.206000 
56.390700, -116.875400, 0.472000 
52.298600, -114.201500, 0.016000 
56.113500, -111.829300, 4.873000 
53.542800, -113.361400, 0.029000 
57.335400, -111.755600, 27.538000 
53.573700, -113.348400, 0.245000 
