53.288500, -110.018300, 0.626000 
50.747700, -114.494700, 0.353000 
54.952700, -119.195300, 0.735000 
54.572300, -115.522900, 0.177000 
54.596400, -110.395000, 0.155000 
55.335900, -119.223000, 0.565000 
50.647500, -113.772000, 0.014000 
54.194400, -116.632200, 1.162000 
53.245000, -115.674300, 0.331000 
53.746900, -113.164500, 3.598000 
51.742300, -114.134500, 0.595000 
50.675600, -110.025000, 1.209000 
52.959300, -115.893800, 2.213000 
52.776100, -115.660700, 0.749000 
52.758100, -114.111600, 3.019000 
52.226300, -115.177000, 2.011000 
55.725100, -119.399900, 0.756000 
51.191300, -113.940900, 1.612000 
49.305200, -114.000300, 1.619000 
51.965500, -114.753600, 0.879000 
53.652000, -116.099200, 1.054000 
54.423300, -117.760400, 1.820000 
57.003300, -111.466100, 224.582000 
57.040500, -111.619200, 62.289000 
51.570800, -114.851700, 0.073000 
53.795900, -113.099600, 0.157000 
53.541700, -113.391700, 1.186000 
54.833300, -118.646700, 0.989000 
54.524700, -116.794300, 0.916000 
52.553700, -111.694000, 0.071000 
54.130900, -115.546700, 0.052000 
58.555500, -118.915900, 0.087000 
51.526000, -113.880000, 0.254000 
51.696900, -114.475000, 0.216000 
54.772900, -110.579000, 0.281000 
54.185400, -116.210400, 0.907000 
51.400100, -114.034300, 0.294000 
53.757500, -113.149900, 2.758000 
54.427200, -116.884300, 1.124000 
53.132300, -115.981700, 2.356000 
52.035300, -115.137700, 1.070000 
54.510900, -115.511700, 0.569000 
51.078650, -114.017660, 2.806000 
55.041500, -119.631000, 0.015000 
57.546300, -119.112600, 0.529000 
53.250200, -115.555500, 0.219000 
52.327100, -112.718300, 0.934000 
53.902300, -115.189300, 0.777000 
52.674300, -111.311600, 0.040000 
57.351700, -111.522200, 0.622000 
53.530040, -113.402010, 0.478000 
50.129400, -111.908400, 0.203000 
57.590100, -117.531700, 0.331000 
53.159500, -114.902800, 2.268000 
55.309200, -119.205800, 0.164000 
53.024700, -115.531100, 0.237000 
53.574200, -116.646900, 0.237000 
53.866900, -110.644900, 0.191000 
54.416000, -115.636200, 0.190000 
54.974300, -117.285800, 0.358000 
52.050100, -112.728300, 0.237000 
58.601100, -118.787200, 0.174000 
54.387000, -116.966700, 0.198000 
53.388600, -115.315800, 0.508000 
50.653300, -111.166100, 0.330000 
50.336800, -111.169800, 0.261000 
59.641800, -118.307800, 0.132000 
54.285000, -115.698200, 1.028000 
55.713300, -118.771000, 0.203000 
54.979700, -118.772700, 0.126000 
56.193600, -110.950600, 0.073000 
55.527900, -110.873800, 0.064000 
53.190400, -115.223500, 0.003000 
56.390700, -116.875400, 0.294000 
56.113500, -111.829300, 2.688000 
53.573700, -113.348400, 0.532000 
