53.733200, -113.175000, 0.048000 
53.288500, -110.018300, 2.990000 
50.747700, -114.494700, 14.371000 
54.952700, -119.195300, 2.752000 
53.952700, -113.078000, 0.006000 
54.572300, -115.522900, 1.825000 
54.596400, -110.395000, 50.316000 
55.335900, -119.223000, 1.121000 
50.647500, -113.772000, 0.007000 
54.194400, -116.632200, 3.319000 
53.245000, -115.674300, 1.649000 
53.746900, -113.164500, 16.694000 
51.742300, -114.134500, 3.562000 
52.959300, -115.893800, 10.058000 
52.776100, -115.660700, 4.239000 
52.758100, -114.111600, 20.137000 
52.226300, -115.177000, 8.543000 
53.559200, -113.388800, 0.304000 
55.725100, -119.399900, 5.719000 
52.308300, -113.550000, 3.765000 
49.713599, -112.796397, 0.262000 
51.191300, -113.940900, 5.688000 
51.965500, -114.753600, 4.054000 
53.652000, -116.099200, 0.972000 
54.423300, -117.760400, 0.348000 
57.003300, -111.466100, 272.977000 
57.040500, -111.619200, 59.573000 
50.982200, -113.974200, 0.080000 
51.570800, -114.851700, 0.173000 
53.795900, -113.099600, 3.791000 
53.541700, -113.391700, 8.966000 
53.181200, -115.762500, 0.455000 
54.833300, -118.646700, 3.001000 
54.524700, -116.794300, 12.700000 
52.553700, -111.694000, 0.715000 
53.550500, -113.358900, 26.510740 
58.555500, -118.915900, 4.089000 
51.526000, -113.880000, 6.667000 
54.772900, -110.579000, 33.216000 
54.185400, -116.210400, 3.026000 
51.400100, -114.034300, 0.214000 
54.427200, -116.884300, 5.013000 
53.132300, -115.981700, 13.477000 
53.728270, -113.235520, 103.853000 
54.510900, -115.511700, 6.544000 
53.283800, -110.031900, 193.306000 
53.319300, -113.518000, 1.875000 
49.701943, -112.803037, 225.496000 
55.041500, -119.631000, 0.136000 
49.628100, -114.571900, 0.829000 
57.546300, -119.112600, 4.230000 
53.250200, -115.555500, 5.763000 
51.222500, -114.495600, 2.382000 
53.557500, -116.547200, 0.337000 
59.063100, -118.875700, 0.520000 
53.817200, -113.133600, 1.865000 
51.000700, -113.965670, 2.521000 
52.327100, -112.718300, 4.458000 
53.670500, -115.762200, 0.014000 
51.010160, -113.964210, 3.192000 
55.074200, -117.274200, 2.842000 
53.902300, -115.189300, 4.771000 
53.740700, -113.023100, 25.044000 
53.550690, -113.349600, 13.906800 
52.674300, -111.311600, 0.373000 
50.671900, -110.028900, 1.953000 
57.351700, -111.522200, 149.856000 
50.959200, -113.981200, 1.450000 
53.527200, -113.354800, 2.304000 
53.544400, -113.366200, 5.581000 
56.981400, -111.475800, 18.962000 
53.543100, -117.797900, 8.238000 
52.588100, -111.206100, 7.792000 
55.393100, -110.738300, 0.222000 
57.054200, -111.917200, 0.372000 
50.963600, -113.976680, 7.943000 
53.530040, -113.402010, 7.678000 
50.129400, -111.908400, 2.148000 
52.104400, -110.695000, 0.183000 
53.159500, -114.902800, 0.017000 
55.309200, -119.205800, 0.383000 
53.024700, -115.531100, 0.546000 
53.574200, -116.646900, 0.546000 
53.866900, -110.644900, 0.492000 
54.416000, -115.636200, 0.439000 
54.974300, -117.285800, 1.973000 
52.050100, -112.728300, 0.548000 
58.601100, -118.787200, 0.404000 
54.387000, -116.966700, 0.458000 
53.388600, -115.315800, 2.549000 
50.653300, -111.166100, 7.560000 
56.215000, -110.968100, 1.880000 
50.336800, -111.169800, 0.527000 
59.641800, -118.307800, 0.771000 
52.963700, -111.364700, 0.885000 
49.449200, -111.616700, 2.397000 
49.372800, -110.672500, 0.096000 
53.444100, -113.491800, 0.013000 
53.288900, -110.012000, 0.010000 
50.632000, -114.240300, 2.614000 
56.272700, -110.938200, 1.122000 
53.579500, -113.316800, 0.299000 
53.566800, -113.365000, 27.634000 
52.639900, -111.273500, 39.871000 
54.285000, -115.698200, 5.185000 
52.646000, -111.278000, 4.492000 
55.250000, -116.290000, 2.827000 
53.250500, -113.049900, 1.011000 
49.080000, -112.050000, 9.152000 
52.380000, -114.140000, 9.121000 
55.175000, -118.785400, 0.100000 
53.504100, -113.373300, 0.014000 
55.713300, -118.771000, 0.474000 
54.979700, -118.772700, 0.299000 
56.193600, -110.950600, 0.077000 
55.527900, -110.873800, 16.678000 
52.635200, -111.263900, 3.136000 
56.411700, -110.937600, 12.209000 
53.190400, -115.223500, 0.142000 
56.390700, -116.875400, 1.633000 
52.298600, -114.201500, 0.049000 
56.113500, -111.829300, 5.376000 
53.542800, -113.361400, 1.258000 
57.335400, -111.755600, 497.585000 
53.573700, -113.348400, 3.569000 
