55.996700, -118.533600, 515.724000 
53.539700, -113.409200, 357.900000 
56.377200, -117.175600, 946.607000 
53.833100, -113.108900, 16.650000 
53.344000, -114.305000, 14162.970000 
53.733200, -113.175000, 1705.894000 
53.288500, -110.018300, 63.326000 
52.146300, -115.330000, 257.419000 
50.747700, -114.494700, 414.086000 
54.952700, -119.195300, 771.469000 
53.421300, -113.904400, 47.312000 
53.952700, -113.078000, 123.445000 
54.572300, -115.522900, 245.080000 
54.596400, -110.395000, 5409.533000 
55.335900, -119.223000, 28.144000 
50.647500, -113.772000, 49.831000 
54.194400, -116.632200, 852.420000 
53.245000, -115.674300, 402.380000 
53.746900, -113.164500, 34.040000 
53.718500, -113.183000, 0.320000 
54.144400, -115.691700, 42.000000 
49.789400, -112.126100, 47.719000 
54.179100, -115.806000, 43.950000 
52.564700, -112.141400, 9633.593000 
51.531700, -111.786100, 9635.402000 
54.007100, -119.104000, 2145.100000 
54.775000, -115.218600, 10.680000 
51.742300, -114.134500, 369.510000 
52.496000, -114.988000, 273.106000 
50.675600, -110.025000, 15.771000 
53.529100, -113.387500, 136.234000 
52.322100, -113.516600, 38.094000 
53.571700, -113.349800, 21.935000 
52.959300, -115.893800, 686.080000 
52.463000, -114.346500, 341.950000 
51.637200, -112.866000, 79.423000 
52.776100, -115.660700, 301.880000 
52.758100, -114.111600, 855.960000 
52.226300, -115.177000, 623.820000 
58.500000, -119.416700, 43.350000 
53.089200, -116.805900, 69.816000 
53.559200, -113.388800, 0.298000 
52.940400, -114.832300, 233.191000 
55.725100, -119.399900, 237.580000 
52.308300, -113.550000, 2169.832000 
49.713599, -112.796397, 14.572000 
51.191300, -113.940900, 718.087000 
53.733200, -113.486200, 1.244000 
49.305200, -114.000300, 289.900000 
51.039600, -114.559000, 259.200000 
51.965500, -114.753600, 229.747000 
56.380600, -116.795000, 206.633000 
53.722900, -113.174000, 1.800000 
53.721700, -113.191700, 1602.130000 
53.841600, -113.097900, 638.310000 
53.652000, -116.099200, 49.755000 
54.423300, -117.760400, 686.421000 
57.003300, -111.466100, 11692.637000 
57.040500, -111.619200, 13931.800000 
53.560000, -114.486200, 4255.060000 
53.508500, -114.557100, 26510.970000 
53.448700, -114.449100, 11892.960000 
52.385800, -113.595000, 15.888000 
50.989700, -113.993800, 14.428000 
51.181625, -114.472100, 1.755000 
51.022770, -114.027660, 48.040000 
52.033030, -113.938910, 17.067000 
53.227700, -114.988900, 33.900000 
53.593060, -116.390300, 64.656000 
51.570800, -114.851700, 38.960000 
55.070600, -118.688800, 0.479000 
50.846700, -113.581170, 258.320000 
55.071200, -118.691200, 854.345000 
53.795900, -113.099600, 768.600000 
53.804200, -113.082400, 298.239000 
53.413300, -117.570600, 787.465000 
50.845800, -113.586700, 1203.000000 
53.727300, -113.087100, 1.850000 
53.541700, -113.391700, 1594.812000 
53.181200, -115.762500, 570.293000 
51.219500, -114.645400, 338.228000 
50.805300, -110.034900, 2719.972000 
54.833300, -118.646700, 114.150000 
54.524700, -116.794300, 545.660000 
52.553700, -111.694000, 68.377000 
54.130900, -115.546700, 174.122000 
53.204500, -116.811200, 117.556000 
51.086700, -114.008800, 31.054000 
50.086600, -110.716700, 3106.673000 
53.550500, -113.358900, 1840.287000 
51.526000, -113.880000, 96.507000 
51.696900, -114.475000, 1906.741000 
55.248100, -114.514000, 26.110000 
53.531993, -113.364925, 288.800000 
54.772900, -110.579000, 3022.325000 
54.185400, -116.210400, 926.880000 
51.400100, -114.034300, 574.790000 
53.757500, -113.149900, 50.317000 
51.984500, -114.743800, 20.278000 
51.926500, -114.542700, 54.891000 
54.427200, -116.884300, 645.350000 
53.132300, -115.981700, 66.550000 
55.913200, -115.150400, 401.908000 
52.035300, -115.137700, 226.477000 
54.510900, -115.511700, 910.730000 
53.283800, -110.031900, 56.353000 
50.061200, -110.723000, 8.201000 
55.481900, -119.059200, 42.287000 
51.789600, -114.702800, 12.939000 
54.238200, -115.379700, 216.700000 
53.725400, -113.193000, 609.700000 
55.029800, -118.744000, 145.388000 
55.041500, -119.631000, 450.505000 
53.505652, -113.412963, 33.743000 
49.628100, -114.571900, 63.716000 
57.546300, -119.112600, 203.870000 
55.040000, -115.475800, 186.340000 
50.597600, -111.881800, 39.319000 
50.583700, -113.871100, 129.031000 
55.489100, -119.750800, 285.024000 
53.581600, -113.599100, 1253.785000 
55.876700, -119.301100, 102.695000 
51.222500, -114.495600, 1050.150000 
53.557500, -116.547200, 615.638000 
59.063100, -118.875700, 143.460000 
51.058900, -115.174500, 2765.120000 
52.327100, -112.718300, 1611.950000 
56.904200, -117.633600, 34.540000 
53.670500, -115.762200, 250.283000 
53.723500, -113.173800, 123.232000 
53.908300, -118.816700, 40.930000 
50.058200, -110.728200, 634.481000 
54.133300, -115.366600, 40.941000 
53.527700, -113.392600, 18.100000 
55.074200, -117.274200, 97.348000 
58.194700, -116.350400, 18.196000 
55.199400, -116.221900, 222.500000 
55.993500, -113.480500, 227.946000 
53.799100, -113.080700, 259.765000 
58.518800, -117.119500, 260.581000 
54.139800, -115.689100, 16.000000 
54.587200, -112.803100, 4.400000 
53.902300, -115.189300, 90.140000 
53.740700, -113.023100, 796.466000 
52.212400, -113.843700, 34.962000 
52.228400, -114.397700, 536.340000 
51.189400, -113.937800, 221.545000 
52.766100, -114.285600, 49.100000 
53.593600, -113.335600, 45.030000 
57.298900, -111.503300, 575.000000 
49.797800, -113.043600, 5.030000 
53.345800, -111.251900, 21.610000 
50.040920, -110.721904, 264.864000 
50.664700, -113.784200, 13.020000 
50.443600, -110.882500, 35.660000 
49.801900, -113.104700, 27.330000 
49.677359, -112.862698, 2.300000 
53.608100, -111.264400, 8.360000 
53.622800, -115.869400, 12.720000 
50.269600, -112.893800, 88.883000 
53.652200, -113.716400, 14.200000 
54.846700, -112.567500, 101.199000 
52.308300, -113.550000, 498.927000 
58.447100, -119.238300, 297.051000 
58.460300, -115.238300, 211.204000 
53.402700, -117.599300, 61.573000 
50.577200, -111.178100, 261.829000 
52.869000, -115.101000, 85.054000 
50.671900, -110.028900, 59.673000 
52.904700, -115.324700, 54.944000 
55.582700, -110.888800, 62.328000 
53.091100, -111.768600, 419.667000 
55.069600, -110.536100, 859.941000 
53.373100, -116.086000, 183.830000 
51.006900, -113.192800, 255.127000 
57.351700, -111.522200, 648.844000 
53.519600, -113.529000, 209.580000 
51.024500, -114.025000, 32.800000 
52.315900, -113.850000, 57.839000 
50.847000, -113.591000, 149.733000 
53.819400, -113.141900, 102.045000 
54.043500, -117.420000, 270.765000 
56.031400, -117.976100, 24.639000 
49.975700, -114.130000, 164.176000 
55.125900, -117.838000, 33.897000 
52.058000, -114.908000, 147.624000 
52.983100, -112.189800, 95.309000 
51.935300, -112.079200, 33.011000 
54.288500, -116.978000, 68.583000 
54.829600, -118.647000, 312.628000 
54.402000, -112.553000, 22.287000 
51.099300, -112.639000, 167.378000 
53.960200, -116.460000, 138.467000 
54.483500, -118.100000, 85.876000 
57.188000, -118.248900, 62.489000 
51.360600, -111.745900, 71.517000 
55.450900, -113.923000, 82.805000 
50.697800, -111.531000, 163.276000 
50.704600, -110.844000, 80.365000 
51.943400, -114.736000, 337.666000 
54.094600, -112.306000, 22.651000 
53.470500, -116.496100, 82.664000 
50.693800, -114.330000, 227.615000 
52.355300, -115.332000, 117.952000 
52.755200, -110.747000, 42.611000 
51.444300, -114.527000, 167.575000 
53.244500, -116.238000, 262.756000 
51.068200, -115.136400, 477.817000 
53.862700, -110.639000, 24.000000 
52.479300, -115.206900, 138.069000 
53.431000, -117.540600, 0.254000 
53.010600, -112.810000, 0.952000 
52.255700, -113.886000, 2.099000 
53.645100, -114.130200, 1.557000 
51.407800, -113.668300, 146.227000 
50.963300, -112.288300, 140.969000 
50.676800, -110.018000, 39.461000 
50.701100, -111.095600, 108.211000 
53.066500, -117.404800, 77.590000 
54.293100, -116.188300, 217.605000 
53.826700, -113.603300, 100.758000 
53.039700, -111.220000, 87.262000 
55.866700, -119.596700, 126.144000 
54.839400, -118.658900, 75.962000 
54.285600, -115.711100, 86.904000 
54.140000, -115.553900, 60.232000 
51.065300, -115.221100, 5.424000 
53.501040, -113.489732, 47.861000 
52.375200, -114.921600, 18.320000 
53.303500, -113.577500, 29.505000 
55.969400, -117.575600, 72.605000 
52.412900, -114.407600, 24.122000 
53.691700, -113.614400, 25.052000 
53.109200, -114.981300, 37.965000 
52.752900, -114.445400, 49.563000 
51.890100, -114.495200, 59.597000 
52.119300, -114.684100, 52.491000 
52.035400, -114.612700, 40.422000 
52.046500, -114.588800, 125.123000 
52.002900, -114.597700, 31.588000 
52.581200, -113.971000, 29.730000 
53.937900, -116.660900, 38.116000 
53.767000, -116.751200, 37.263000 
51.878900, -114.666100, 30.656000 
51.813700, -114.536800, 125.932000 
53.006800, -110.995000, 100.697000 
50.194700, -110.479700, 64.712000 
50.187500, -110.476900, 47.833000 
50.205800, -110.476900, 43.020000 
53.601900, -111.628700, 776.589000 
53.057500, -111.097200, 29.636000 
53.152300, -111.076600, 46.270000 
50.716700, -112.983300, 49.883000 
55.141900, -118.464400, 43.329000 
52.843200, -111.722800, 482.530000 
52.970400, -111.689500, 25.825000 
53.607000, -112.592700, 166.225000 
53.537900, -111.785100, 295.423000 
53.635900, -112.019200, 280.123000 
55.931200, -112.047000, 162.934000 
54.687300, -111.944600, 79.838000 
54.658200, -111.622300, 23.090000 
51.209800, -110.161100, 222.489000 
51.213400, -110.336100, 31.766000 
52.308200, -114.096500, 129.502000 
52.322800, -114.020800, 72.028000 
51.649800, -110.187200, 110.000000 
52.926800, -111.889500, 181.922000 
52.923100, -111.882500, 20.829000 
51.770100, -111.422000, 189.430000 
51.791700, -111.536400, 177.219000 
52.555700, -111.805300, 116.600000 
52.402900, -111.844500, 39.304000 
56.036800, -113.782500, 125.900000 
52.402900, -111.736200, 117.000000 
55.644000, -114.659700, 504.300000 
55.513100, -113.475000, 258.504000 
55.858700, -113.841400, 162.963000 
54.897200, -117.708800, 390.598000 
54.218200, -110.712000, 72.933000 
54.101800, -114.292500, 109.604000 
55.225700, -114.493000, 67.678000 
55.247500, -116.641600, 244.231000 
54.359600, -116.152900, 60.281000 
54.116200, -114.856400, 21.800000 
54.229000, -110.348600, 54.135000 
54.432500, -110.306400, 40.805000 
54.210700, -110.241900, 79.298000 
54.174300, -110.298300, 53.081000 
54.243400, -110.762300, 28.532000 
54.025400, -110.681200, 343.496000 
54.056020, -110.357560, 38.586000 
54.113300, -110.564600, 44.546000 
54.221800, -110.584200, 259.572000 
54.105400, -113.442700, 59.707000 
54.479800, -110.332600, 28.784000 
53.277900, -110.034300, 72.028000 
53.883400, -110.041100, 542.206000 
53.821500, -110.035000, 24.060000 
50.227500, -113.548200, 111.757000 
50.937000, -113.292700, 45.314000 
50.231100, -113.519600, 29.069000 
50.151100, -113.562100, 20.977000 
52.912000, -110.682700, 21.493000 
52.908400, -112.435300, 69.214000 
53.155900, -112.326700, 417.944000 
52.366800, -112.136500, 41.343000 
54.298200, -112.824300, 67.908000 
56.091500, -111.817800, 163.981000 
55.991165, -112.032320, 148.527000 
55.869500, -112.001200, 264.902000 
55.924000, -111.896500, 69.185000 
55.873200, -112.145400, 53.387000 
52.923200, -115.107500, 158.503000 
52.779800, -113.629900, 211.447000 
52.774000, -113.520700, 146.408000 
52.719300, -113.617900, 129.049000 
52.857600, -113.320700, 30.083000 
53.345100, -114.743600, 57.141000 
52.872000, -113.629900, 192.955000 
52.868400, -113.666300, 70.139000 
52.734000, -113.162900, 109.433000 
52.104500, -113.077400, 93.457000 
52.592000, -113.967900, 141.256000 
52.322800, -114.020800, 338.762000 
52.373700, -114.076000, 75.168000 
58.568700, -119.201500, 23.500000 
55.985900, -119.955800, 22.059000 
55.767500, -119.588100, 64.600000 
54.138100, -111.908300, 128.809000 
53.890700, -117.354000, 188.589000 
50.198300, -112.119200, 50.168000 
55.728600, -119.775000, 78.717000 
55.640300, -119.568600, 22.100000 
55.641700, -119.635000, 40.379000 
53.850600, -112.190600, 48.421000 
55.396400, -119.599700, 70.999000 
50.100300, -111.988100, 31.843000 
53.956700, -111.172600, 146.844000 
53.796100, -111.941900, 199.193000 
51.540900, -114.103800, 153.200000 
55.483900, -118.970000, 66.945000 
54.203300, -116.848300, 120.881000 
53.766900, -112.203100, 134.141000 
50.129400, -111.908400, 422.183000 
52.244400, -114.735500, 20.638000 
52.621200, -114.827900, 114.287000 
54.494400, -115.957600, 69.540000 
53.927000, -114.376900, 22.004000 
54.650900, -114.528900, 74.549000 
54.338200, -114.060400, 108.112000 
55.913200, -114.482200, 54.496000 
54.078900, -113.346000, 29.578000 
54.221700, -112.905000, 38.015000 
54.403300, -112.528900, 24.244000 
54.443600, -112.583200, 112.357000 
54.068900, -112.184200, 44.220000 
54.206900, -112.409700, 33.469000 
54.545300, -112.670600, 59.719000 
54.530800, -112.920000, 57.483000 
53.908900, -113.172500, 88.857000 
55.116400, -116.712300, 83.551000 
52.544800, -110.713600, 82.155000 
58.943200, -118.916800, 37.786000 
59.067000, -118.875900, 88.707000 
58.975900, -119.118700, 44.801000 
59.165100, -118.725800, 112.504000 
59.117900, -118.654500, 87.471000 
58.997900, -118.797500, 126.974000 
59.005100, -119.033200, 46.280000 
59.219800, -119.268700, 116.326000 
59.095900, -118.576100, 87.390000 
57.364000, -119.763000, 113.767000 
57.360000, -119.749000, 55.275000 
57.368100, -119.729400, 47.065000 
57.382500, -119.778400, 84.293000 
57.318100, -119.860100, 89.908000 
52.632000, -112.945400, 21.177000 
52.746800, -112.988000, 31.022000 
52.588400, -113.161800, 65.670000 
52.144400, -115.535000, 28.964000 
52.180900, -112.647600, 163.396000 
52.198500, -112.638000, 123.631000 
52.166400, -112.658600, 99.986000 
52.549700, -112.579400, 85.810000 
51.893700, -114.400400, 375.766000 
52.402900, -114.707700, 180.857000 
52.480900, -114.870200, 95.717000 
52.395700, -115.188900, 23.830000 
52.199300, -114.564900, 34.268000 
52.544800, -114.641600, 84.807000 
52.319300, -111.477600, 401.337000 
52.235700, -111.788100, 148.500000 
52.220900, -111.937300, 131.804000 
51.955400, -111.845300, 138.247000 
52.326500, -111.128600, 97.950000 
51.977300, -111.173400, 126.129000 
52.064500, -111.298700, 174.379000 
52.446500, -111.272700, 99.522000 
52.515700, -113.173800, 814.602000 
52.450100, -113.167900, 147.556000 
49.871100, -112.913700, 139.307000 
52.490000, -113.034400, 30.952000 
52.366500, -113.191800, 56.723000 
52.515700, -113.366300, 30.987000 
51.748200, -113.592100, 67.948000 
52.104400, -110.695000, 528.239000 
52.028200, -110.564700, 63.806000 
51.977300, -110.486900, 37.117000 
52.264500, -110.570500, 107.334000 
54.294500, -114.887800, 28.798000 
50.737400, -112.084900, 242.322000 
50.542200, -112.204700, 25.390000 
54.162500, -112.841800, 84.625000 
50.704300, -111.155300, 416.076000 
50.518700, -111.910900, 46.732000 
50.838700, -111.520100, 125.256000 
50.977000, -111.683100, 59.760000 
50.922300, -111.391500, 40.833000 
51.300700, -112.042600, 28.063000 
57.299000, -118.228900, 118.187000 
52.166500, -113.256300, 102.488000 
54.796400, -117.658000, 30.988000 
52.286500, -114.123200, 39.248000 
54.785300, -117.658000, 313.897000 
52.457600, -114.419100, 59.775000 
57.200800, -118.819200, 67.058000 
55.891100, -119.798600, 29.666000 
55.494700, -119.289500, 32.454000 
54.290800, -116.918700, 99.022000 
51.488700, -113.153900, 731.375000 
53.104800, -111.556500, 70.638000 
53.719800, -113.596300, 40.797000 
53.416800, -113.917700, 112.201000 
53.941500, -113.664600, 17.314000 
53.137600, -113.794100, 30.526000 
53.179500, -111.779500, 43.780000 
57.189700, -119.054800, 342.932000 
53.821500, -113.490400, 151.684000 
56.731500, -115.478100, 33.833000 
56.964500, -117.007100, 22.463000 
53.949000, -113.285400, 108.347000 
57.157300, -115.122000, 52.553000 
55.938600, -117.239400, 39.926000 
52.366500, -112.734900, 482.177000 
56.957000, -115.350900, 24.936000 
51.213400, -111.030000, 85.654000 
56.058600, -118.161700, 50.353000 
56.582500, -118.118100, 105.188000 
51.591800, -110.750000, 62.493000 
49.689200, -112.942000, 62.877000 
57.153300, -118.334500, 75.987000 
56.818900, -118.570000, 45.954000 
54.127000, -110.486500, 59.228000 
51.333400, -110.667500, 88.501000 
51.959000, -110.767500, 158.475000 
55.698300, -118.783300, 38.256000 
56.532000, -117.993000, 65.488000 
54.334500, -110.310900, 105.949000 
56.982800, -118.305800, 71.345000 
51.773700, -114.222900, 42.301000 
51.425100, -110.513800, 50.592000 
56.691400, -118.771700, 80.636000 
56.727900, -116.305700, 99.127000 
56.069400, -119.877200, 66.510000 
56.506100, -117.982800, 183.577000 
56.069400, -118.247000, 89.957000 
51.413400, -111.766500, 71.717000 
51.254200, -110.402700, 55.796000 
50.220300, -112.444200, 173.167000 
49.521900, -112.859000, 174.118000 
51.620900, -114.483500, 128.622000 
52.068200, -114.546800, 92.026000 
51.919000, -114.394600, 364.245000 
51.897200, -115.040200, 73.262000 
52.093600, -115.143800, 167.387000 
52.104400, -115.161600, 149.772000 
51.777200, -114.897900, 38.673000 
51.791700, -114.915700, 33.959000 
53.035800, -115.965300, 19.603000 
53.912600, -116.745100, 75.923000 
54.029000, -116.769800, 30.694000 
54.047000, -116.887900, 12.463000 
54.319700, -116.718100, 35.450000 
54.207000, -117.169300, 29.956000 
54.385300, -116.975100, 209.297000 
54.345300, -116.880900, 55.187000 
54.350500, -116.766800, 56.885000 
57.338900, -119.657100, 613.510000 
57.349400, -118.670600, 103.249000 
57.193700, -118.199700, 63.509000 
57.418900, -118.942600, 161.646000 
57.502800, -118.745700, 150.787000 
57.338900, -118.460000, 282.013000 
55.676800, -111.113700, 34.640000 
55.720400, -111.347300, 103.320000 
54.381800, -111.238700, 29.962000 
55.713800, -111.263100, 115.885000 
55.352900, -110.627800, 461.717000 
55.451200, -110.853100, 72.044000 
55.396500, -110.737300, 108.966000 
55.691200, -111.275900, 213.982000 
54.436200, -111.205100, 123.738000 
54.447300, -111.318700, 25.945000 
55.694100, -113.599400, 33.992000 
55.520400, -113.781100, 33.562000 
55.509300, -114.146900, 44.786000 
55.640400, -114.536400, 35.516000 
55.585600, -117.891600, 481.463000 
53.159500, -114.902800, 45.640000 
54.647200, -119.332000, 96.485000 
54.836400, -119.145800, 98.238000 
54.872800, -119.361100, 105.286000 
54.829200, -119.490000, 168.918000 
54.607200, -119.332000, 15.408000 
54.720000, -119.110600, 89.930000 
54.803600, -119.796400, 34.731000 
54.829200, -119.668600, 26.464000 
54.956400, -119.445600, 50.517000 
54.876400, -119.286100, 30.551000 
55.494700, -119.412800, 45.456000 
52.544800, -114.545200, 104.319000 
52.184500, -114.737900, 50.631000 
53.103200, -115.363400, 29.811000 
53.159500, -114.205700, 56.094000 
52.814000, -114.786000, 196.110000 
52.923200, -115.156100, 61.747000 
52.140800, -115.060200, 22.485000 
52.708400, -115.428900, 87.662000 
53.101200, -114.761900, 101.400000 
51.649800, -114.501300, 52.100000 
53.257600, -115.507800, 31.936000 
53.610600, -117.695900, 164.784000 
53.625000, -117.782300, 57.895000 
54.450800, -117.228100, 68.523000 
53.909800, -115.787800, 67.568000 
53.828700, -115.943000, 167.039000 
53.366700, -116.022500, 49.809000 
53.326800, -116.168000, 69.861000 
49.616400, -112.472000, 23.230000 
49.958300, -113.556600, 67.286000 
53.076000, -111.299800, 30.798000 
53.777900, -115.974200, 32.992000 
53.777900, -115.769200, 74.541000 
54.130700, -115.765300, 62.929000 
54.887200, -119.828100, 45.115000 
55.061900, -119.388100, 35.286000 
55.061900, -119.337000, 24.931000 
55.032800, -119.745000, 24.997000 
55.018300, -119.413600, 24.931000 
55.047200, -119.828100, 24.997000 
55.032800, -119.699200, 24.931000 
55.032800, -119.623900, 24.997000 
55.010800, -119.865000, 47.840000 
54.901900, -119.891700, 28.039000 
54.985600, -119.828100, 25.164000 
57.480800, -119.160100, 47.581000 
55.979700, -119.426100, 45.216000 
57.399800, -119.513100, 37.678000 
57.418900, -119.561200, 57.842000 
51.065100, -114.130500, 63.402000 
51.180450, -113.937280, 47.275000 
53.013900, -116.258600, 302.105000 
52.703800, -114.572500, 52.152000 
50.901600, -110.480800, 117.607000 
51.500600, -113.804400, 27.080000 
50.805800, -111.507500, 144.207000 
52.064400, -114.271400, 234.998000 
52.020800, -110.891900, 31.389000 
52.253600, -114.295300, 35.332000 
53.564700, -116.719200, 79.995000 
51.027000, -114.018600, 4.212000 
52.122900, -113.847000, 100.941000 
52.999100, -112.971000, 25.244000 
54.130600, -119.218900, 122.928000 
54.459900, -119.717000, 69.187000 
54.152600, -110.931500, 30.379000 
56.088100, -119.934800, 24.737000 
56.538600, -119.950600, 129.219000 
51.213300, -111.355600, 170.057000 
52.013600, -112.986700, 149.161000 
54.894400, -111.813900, 297.026000 
55.069400, -113.313900, 277.037000 
53.499300, -116.805300, 409.655000 
50.718600, -111.322200, 39.674000 
51.082500, -111.915600, 130.029000 
54.527200, -112.926100, 46.399000 
51.620800, -112.069400, 125.934000 
54.152500, -111.588600, 119.309000 
55.782200, -112.034400, 24.200000 
54.734400, -112.638900, 108.840000 
53.440800, -111.000500, 27.015000 
54.923600, -114.111400, 48.170000 
55.026700, -112.185100, 61.236000 
54.967700, -113.936500, 47.500000 
53.686900, -116.776400, 28.287000 
57.004500, -113.188600, 767.944000 
54.763600, -114.302800, 80.353000 
52.334100, -113.674200, 122.107000 
57.485900, -113.793100, 90.130000 
50.863600, -111.847200, 85.845000 
51.300800, -112.041700, 25.244000 
55.418300, -111.411700, 111.442000 
54.560100, -112.399900, 93.778000 
55.186400, -111.439100, 196.093000 
51.449700, -111.571700, 193.897000 
54.257200, -112.373600, 284.229000 
54.345300, -112.905000, 57.224000 
54.798600, -114.203400, 47.954000 
54.375200, -110.402100, 59.501000 
56.033100, -119.489400, 29.587000 
54.855000, -118.521900, 82.041000 
52.235800, -113.377700, 50.644000 
51.639000, -112.407800, 23.207000 
50.940600, -111.880600, 128.168000 
54.447400, -117.523700, 187.600000 
50.867800, -111.796900, 43.566000 
55.843900, -111.090000, 94.688000 
53.415200, -110.857100, 75.393000 
56.135000, -113.028300, 20.745000 
51.943400, -112.077500, 63.797000 
51.609700, -112.623300, 46.881000 
54.536100, -117.111400, 133.504000 
56.891000, -112.671500, 333.174000 
54.708900, -113.448100, 89.733000 
54.548100, -117.411400, 125.512000 
56.134800, -113.201300, 229.416000 
55.174700, -114.241100, 39.530000 
53.968500, -110.458900, 48.825000 
52.599200, -113.973100, 65.797000 
54.985700, -111.789200, 24.457000 
55.597300, -111.770600, 132.200000 
49.485000, -111.218200, 25.537000 
51.961400, -112.370000, 71.520000 
55.121400, -114.159100, 103.789000 
55.643900, -111.924200, 25.900000 
53.997000, -111.569200, 121.094000 
50.698800, -111.458000, 52.941000 
54.130600, -115.231400, 192.525000 
51.264200, -112.381900, 57.972000 
54.685600, -117.414400, 165.535000 
54.523500, -113.846300, 39.315000 
54.612500, -118.214300, 191.902000 
53.215900, -116.497000, 150.157000 
54.102500, -112.310200, 226.300000 
54.627000, -117.464200, 139.698000 
54.814400, -113.605600, 32.451000 
50.828700, -111.791400, 36.045000 
55.631500, -112.189600, 299.500000 
54.261700, -117.249400, 32.233000 
55.136500, -113.794500, 61.324000 
51.570600, -111.357100, 58.797000 
54.452400, -116.966400, 27.041000 
55.949600, -110.624000, 124.701000 
55.876700, -110.880600, 42.800000 
52.821100, -112.440600, 41.900000 
55.891800, -111.717900, 156.500000 
54.510600, -117.501800, 166.475000 
54.974500, -112.140200, 28.800000 
53.868700, -110.202400, 28.106000 
52.155600, -113.529700, 328.337000 
56.956900, -112.850800, 186.557000 
54.352500, -111.150000, 112.142000 
54.702500, -112.900400, 215.119000 
52.797900, -112.371400, 141.312000 
53.946900, -110.794600, 57.705000 
53.770600, -117.601400, 222.761000 
54.209200, -113.773700, 109.549000 
56.913500, -112.765900, 179.601000 
51.706400, -112.386200, 39.615000 
54.760400, -113.959500, 76.251000 
52.941900, -114.043400, 85.031000 
55.125000, -111.690600, 25.400000 
53.583000, -116.842000, 653.408000 
54.803600, -110.347500, 23.074000 
55.152800, -112.974700, 67.487000 
56.986100, -113.032800, 38.022000 
54.949200, -112.304700, 69.900000 
54.528700, -117.464200, 235.085000 
53.916400, -114.707900, 24.688000 
56.199000, -110.675100, 77.337000 
56.302200, -112.309400, 119.644000 
55.093800, -113.623700, 123.880000 
50.047200, -113.556900, 156.857000 
49.098600, -111.476400, 138.274000 
55.823000, -110.792300, 192.695000 
56.083300, -112.515100, 59.200000 
49.448100, -111.396900, 20.801000 
51.733100, -111.640300, 82.686000 
52.958300, -111.238400, 97.496000 
50.511400, -111.289400, 166.926000 
56.622700, -119.946500, 429.011000 
54.294400, -111.306700, 103.251000 
50.191900, -111.301800, 176.314000 
54.745300, -112.126900, 47.923000 
53.714300, -110.747300, 229.677000 
51.460600, -112.652800, 79.613000 
51.468800, -112.609800, 32.572000 
51.468100, -112.688100, 31.260000 
51.665300, -112.323200, 20.600000 
51.715300, -111.702200, 46.545000 
54.206700, -116.766700, 225.550000 
53.706600, -117.241000, 49.330000 
51.971600, -112.630300, 66.434000 
51.315900, -113.428500, 161.382000 
52.202900, -112.677300, 35.988000 
52.613900, -112.805800, 339.619000 
52.544700, -112.902200, 146.279000 
51.691800, -112.224000, 320.227000 
51.225200, -113.612600, 87.155000 
52.517600, -114.346500, 44.167000 
54.896300, -118.487000, 54.674000 
55.993100, -119.771100, 82.619000 
55.265600, -114.601400, 342.394000 
54.037600, -116.698500, 88.619000 
53.388600, -115.315800, 217.890000 
55.146800, -114.517100, 21.092000 
54.350500, -116.766800, 79.438000 
55.698000, -118.137100, 92.654000 
50.544700, -113.991300, 26.409000 
50.006500, -114.146000, 30.953000 
50.496700, -113.403600, 42.942000 
50.397600, -113.925500, 108.451000 
50.677900, -113.715700, 25.754000 
56.556900, -119.363900, 65.651000 
50.553600, -113.553000, 21.097000 
50.957700, -113.714500, 25.405000 
53.706600, -115.976300, 62.002000 
52.598500, -114.400200, 105.032000 
50.521800, -113.913200, 48.912000 
50.653300, -111.166100, 273.620000 
50.576700, -112.630300, 74.503000 
50.704200, -111.160300, 112.330000 
50.158400, -112.136500, 29.117000 
52.926700, -113.998900, 27.200000 
51.024500, -111.642800, 85.100000 
51.552500, -111.490600, 246.058000 
51.176900, -112.055300, 139.596000 
51.915100, -113.373700, 82.989000 
52.358000, -114.324100, 148.342000 
52.091000, -112.761500, 51.230000 
51.684400, -111.851300, 23.690000 
51.637100, -112.865800, 67.669000 
52.743400, -114.113400, 116.599000 
52.851400, -114.046900, 23.447000 
51.137900, -111.577600, 31.460000 
52.010000, -113.601400, 33.134000 
55.781200, -114.307200, 83.150000 
52.265500, -114.517800, 38.815000 
52.193500, -112.771900, 67.070000 
53.825000, -115.556700, 152.976000 
53.216900, -116.358700, 27.435000 
55.245100, -119.689000, 26.745000 
54.772300, -116.680400, 90.160000 
55.519900, -119.349500, 41.706000 
52.260500, -113.816600, 150.418000 
55.639400, -118.984300, 28.667000 
52.366300, -114.963000, 275.814000 
55.666900, -117.761600, 30.836000 
55.651800, -111.084400, 47.871000 
55.432800, -118.041700, 28.510000 
52.829600, -113.910900, 90.253000 
56.930900, -115.252200, 71.011000 
55.883900, -117.462000, 21.381000 
49.729200, -114.427200, 57.953000 
55.767500, -118.126400, 58.047000 
55.800300, -117.813800, 42.983000 
55.145600, -114.118900, 50.282000 
54.388400, -110.949300, 56.105000 
55.640300, -118.502800, 52.320000 
55.917500, -119.835200, 82.206000 
53.385100, -110.034700, 1.318000 
52.221100, -112.418700, 41.595000 
53.210800, -110.201900, 54.285000 
56.731500, -115.611500, 149.931000 
52.370000, -115.061700, 52.745000 
55.819300, -118.998300, 56.787000 
54.348900, -119.463300, 115.747000 
55.586800, -119.433800, 38.445000 
52.399300, -115.020500, 258.336000 
55.471000, -110.720700, 57.311000 
57.418900, -119.675000, 20.482000 
54.552500, -111.305300, 29.004000 
57.374300, -119.234900, 58.189000 
57.303800, -114.973000, 61.001000 
53.756800, -110.101300, 65.288000 
55.769300, -118.567800, 221.337000 
54.033400, -117.756900, 94.367000 
54.965100, -119.306800, 119.886000 
56.091600, -111.039700, 211.802000 
52.140800, -112.157200, 121.048000 
56.347100, -119.190500, 22.402000 
55.954200, -117.710800, 142.629000 
55.895000, -118.317500, 21.746000 
50.165300, -110.666200, 24.228000 
50.707600, -110.485200, 31.273000 
50.202700, -110.661300, 179.692000 
50.336700, -110.135000, 476.789000 
50.294200, -110.593500, 458.015000 
50.191100, -110.259400, 205.385000 
52.464700, -110.664400, 65.408000 
53.337800, -111.243900, 321.056000 
53.178600, -112.537000, 50.357000 
53.562800, -112.328500, 145.840000 
53.967600, -112.269100, 77.401000 
53.036000, -111.665600, 23.703000 
53.391400, -111.213900, 52.276000 
52.719200, -111.500600, 74.819000 
52.090700, -112.766700, 183.620000 
55.862200, -119.589200, 206.815000 
56.098600, -119.288100, 118.132000 
55.945800, -119.805300, 33.004000 
55.943900, -119.923100, 43.198000 
52.268400, -113.351800, 79.939000 
50.955100, -112.697800, 80.082000 
51.002300, -112.884200, 43.401000 
50.995000, -112.801700, 107.303000 
50.965900, -113.030200, 89.449000 
51.037000, -113.196300, 23.153000 
51.013400, -112.907600, 50.685000 
51.013400, -113.152700, 21.587000 
51.115100, -112.960100, 76.933000 
51.122600, -113.164300, 35.994000 
51.217000, -113.977700, 111.086000 
51.006200, -113.176000, 81.497000 
51.020700, -112.948400, 223.074000 
50.278300, -111.468400, 165.906000 
50.289400, -112.007500, 144.679000 
50.220300, -111.549000, 21.904000 
50.274700, -111.847600, 76.255000 
50.238300, -111.939500, 33.017000 
50.438700, -111.284800, 613.540000 
50.413200, -111.755900, 20.582000 
50.485900, -111.451200, 71.945000 
50.536800, -112.031500, 41.910000 
50.656800, -111.410100, 139.685000 
50.671500, -111.695300, 196.895000 
50.998700, -112.464500, 57.527000 
51.126200, -112.359500, 277.595000 
51.304300, -112.653700, 187.840000 
51.275400, -112.906500, 98.942000 
51.402400, -112.918100, 327.327000 
51.075100, -112.231200, 32.873000 
51.042300, -112.254500, 28.983000 
51.060700, -112.412000, 26.157000 
51.118700, -112.505300, 28.407000 
51.147800, -112.621100, 73.855000 
51.129700, -114.767900, 59.326000 
51.151500, -112.703700, 47.709000 
51.177600, -112.785100, 42.801000 
51.322600, -112.542000, 61.445000 
51.307900, -112.712600, 24.520000 
51.406200, -112.347600, 140.020000 
50.675000, -111.762200, 122.951000 
50.802300, -111.902000, 231.977000 
50.795100, -112.017800, 343.089000 
50.893400, -112.174000, 205.184000 
50.842300, -112.463400, 111.019000 
50.915100, -112.451700, 756.287000 
50.627900, -111.965600, 151.340000 
50.635100, -112.237600, 22.148000 
50.700700, -112.110300, 46.835000 
50.707900, -112.353400, 55.091000 
50.711500, -112.394000, 277.099000 
50.755100, -111.786200, 22.904000 
50.809500, -111.693700, 160.157000 
50.867900, -111.936700, 162.727000 
50.860700, -112.035100, 109.679000 
50.864300, -112.353400, 94.107000 
50.977000, -112.242800, 131.643000 
50.889400, -113.406800, 346.711000 
51.264300, -113.205200, 45.006000 
51.380700, -113.229600, 137.460000 
51.402600, -113.247400, 159.141000 
50.984300, -113.444300, 32.117000 
51.075100, -113.409300, 164.952000 
51.078700, -113.537700, 33.464000 
51.177000, -113.438500, 53.659000 
51.264300, -113.403500, 84.904000 
51.359000, -113.352900, 41.779000 
50.103900, -112.700900, 42.900000 
49.038100, -111.158900, 27.722000 
49.205300, -111.037700, 163.940000 
49.358100, -111.375000, 33.565000 
49.758300, -110.479100, 87.481000 
57.840900, -117.867800, 25.483000 
57.931900, -117.835000, 378.572000 
58.081200, -117.635600, 193.943000 
57.808400, -118.093900, 59.545000 
58.030100, -118.399800, 22.966000 
56.222300, -112.706800, 67.351000 
54.567300, -111.976300, 23.096000 
54.854500, -111.802000, 50.895000 
54.949300, -110.622600, 33.610000 
54.970900, -110.750100, 26.598000 
54.985700, -110.737300, 22.733000 
55.047300, -110.577800, 79.122000 
55.102000, -110.507600, 21.592000 
55.112900, -110.853100, 28.219000 
55.149300, -111.090900, 31.699000 
55.240100, -114.042800, 89.118000 
55.232900, -110.698700, 42.122000 
55.218400, -111.316200, 190.115000 
55.309300, -110.480100, 33.916000 
55.294800, -110.795100, 102.626000 
55.305700, -113.715500, 69.648000 
57.266800, -114.892000, 124.443000 
57.251800, -112.498500, 20.086000 
57.240900, -112.620700, 55.556000 
57.542900, -112.226600, 42.321000 
51.304300, -112.970900, 20.408000 
51.409800, -113.094600, 501.334000 
50.740700, -112.324500, 181.274000 
52.777600, -114.234300, 142.052000 
50.096700, -111.110000, 26.074000 
50.165800, -110.841900, 22.117000 
50.165800, -111.052800, 180.896000 
50.187500, -111.052800, 20.985000 
50.187600, -111.167000, 118.536000 
50.223900, -110.761900, 111.873000 
50.223900, -110.899700, 50.754000 
50.224000, -110.037500, 381.522000 
50.398600, -110.503300, 318.731000 
50.573100, -111.177500, 320.834000 
50.700700, -110.478000, 243.498000 
50.700600, -110.772500, 135.838000 
55.363900, -119.760600, 46.471000 
55.443900, -119.522500, 33.024000 
55.378300, -119.760600, 57.464000 
55.418300, -119.773300, 23.252000 
52.574000, -115.393600, 22.662000 
55.280000, -119.098100, 29.085000 
52.217300, -112.307300, 55.328000 
56.095100, -113.448600, 736.927000 
50.700700, -111.022200, 83.495000 
50.314700, -111.968400, 53.779000 
50.631500, -111.022200, 64.328000 
52.599300, -113.083800, 22.172000 
52.701200, -113.266000, 30.426000 
53.763400, -114.770000, 85.594000 
52.272000, -114.290200, 40.062000 
52.606500, -115.014400, 21.669000 
54.223000, -113.478600, 128.923000 
53.254000, -113.048200, 149.539000 
51.239700, -115.564600, 196.720000 
50.784300, -113.667400, 57.189000 
50.755100, -112.162300, 89.927000 
51.766200, -111.963700, 165.793000 
52.020900, -112.402800, 61.748000 
50.922300, -112.003700, 279.885000 
55.619600, -119.503300, 134.296000 
53.837900, -113.933100, 99.662000 
52.934000, -114.022100, 41.614000 
52.908400, -114.088800, 86.920000 
55.771100, -119.828100, 31.240000 
50.591500, -111.780300, 62.678000 
50.078300, -110.419700, 209.073000 
53.188700, -115.642200, 235.000000 
51.439000, -112.054500, 59.947000 
51.359000, -112.360100, 189.561000 
51.784500, -113.402700, 82.836000 
51.531300, -113.276300, 477.204000 
51.642600, -113.337700, 579.197000 
53.374300, -114.527900, 144.944000 
53.363200, -114.456300, 21.253000 
50.817000, -113.100200, 149.775000 
50.707900, -113.221600, 37.408000 
50.835100, -112.799000, 58.757000 
51.122600, -112.149500, 24.082000 
51.038600, -111.864000, 79.583000 
51.046200, -112.044500, 50.369000 
51.042300, -111.298100, 20.904000 
49.958300, -111.030000, 37.171000 
50.456800, -110.181600, 41.984000 
50.565900, -110.210200, 112.631000 
50.755100, -110.310200, 89.709000 
53.876200, -117.149000, 95.776000 
53.937900, -116.900400, 40.745000 
53.228700, -115.104400, 159.429000 
54.323400, -115.677500, 65.930000 
54.276200, -115.690000, 17.800000 
51.726200, -114.436000, 60.052000 
51.697300, -114.536800, 133.965000 
51.569800, -113.964100, 25.196000 
54.509700, -110.909900, 168.493000 
52.640400, -113.252100, 88.203000 
55.574700, -118.815800, 183.661000 
52.435700, -113.390400, 811.687000 
55.433300, -116.483200, 76.167000 
52.727800, -113.270100, 108.446000 
52.359300, -114.785700, 75.484000 
53.825100, -116.396900, 68.480000 
51.366200, -112.771200, 30.529000 
51.093400, -112.820100, 116.045000 
52.275700, -114.218800, 24.933000 
52.017300, -113.148800, 50.633000 
51.271400, -112.829200, 21.098000 
51.962900, -113.734300, 24.697000 
51.635400, -112.792600, 50.767000 
51.871800, -112.887600, 77.203000 
51.751800, -113.864600, 40.306000 
52.522800, -116.380000, 38.835000 
52.475700, -111.441400, 24.313000 
52.439300, -110.316400, 39.020000 
51.737300, -112.561700, 70.336000 
54.560100, -113.841100, 24.314000 
55.087300, -113.141000, 39.982000 
54.352600, -110.517800, 27.475000 
56.613100, -112.849000, 250.352000 
56.502900, -116.750400, 29.556000 
58.110400, -118.115600, 94.058000 
56.233200, -113.896400, 114.802000 
56.513900, -115.606000, 20.625000 
55.887600, -112.125700, 22.312000 
55.293900, -112.897500, 24.997000 
55.542000, -113.430800, 55.086000 
55.585700, -112.963500, 37.567000 
55.625700, -114.374200, 41.517000 
55.785900, -112.982900, 27.938000 
56.098700, -111.824500, 22.884000 
58.128400, -118.382100, 40.481000 
55.774800, -113.774700, 33.051000 
58.550400, -117.426700, 49.693000 
55.385700, -113.001600, 101.093000 
49.521900, -112.139500, 23.167000 
50.711900, -111.057400, 36.498000 
54.436100, -118.743800, 45.661000 
53.428700, -116.722200, 20.125000 
52.319200, -115.580000, 24.330000 
53.635900, -116.931800, 43.608000 
52.493600, -115.935000, 110.006000 
52.806700, -116.210000, 20.087000 
51.777300, -113.195400, 22.349000 
50.616800, -112.845300, 29.103000 
50.675000, -113.087500, 42.706000 
55.196500, -112.570400, 41.598000 
50.485900, -111.702200, 325.702000 
50.689500, -111.554800, 162.060000 
52.610400, -114.821800, 409.821000 
50.009200, -110.847500, 127.413000 
50.897000, -111.693700, 261.917000 
50.522300, -111.652300, 294.330000 
50.103900, -110.864700, 102.021000 
55.432900, -111.219800, 43.221000 
56.313200, -111.636200, 111.080000 
50.777100, -113.397000, 59.356000 
50.675000, -113.452200, 86.285000 
52.875700, -110.458600, 25.503000 
52.675900, -110.515800, 35.584000 
54.268900, -111.143600, 181.658000 
57.877200, -119.740900, 176.642000 
49.652800, -111.231900, 95.247000 
52.024500, -112.778700, 28.210000 
52.111800, -112.731200, 31.736000 
53.561500, -116.577900, 58.555000 
50.707900, -110.813900, 432.909000 
50.299100, -112.185400, 224.679000 
52.079300, -111.012200, 449.269000 
53.523200, -114.879200, 56.440000 
56.560600, -119.031700, 144.424000 
53.392300, -115.316900, 37.610000 
53.392300, -115.310800, 142.810000 
52.042900, -114.588800, 409.490000 
53.974300, -114.923900, 194.230000 
53.213700, -114.714000, 47.900000 
53.026900, -114.766400, 29.793000 
52.439300, -114.304600, 128.180000 
52.759300, -115.531900, 134.270000 
49.816400, -112.070100, 18.300000 
52.522900, -111.634000, 17.700000 
49.791100, -112.557000, 4.100000 
49.761900, -113.394800, 11.200000 
50.693200, -113.672900, 58.971000 
51.388100, -110.772500, 57.740000 
51.209800, -113.141000, 24.890000 
52.362900, -113.534900, 53.190000 
50.223900, -113.513800, 22.250000 
50.627800, -111.287500, 154.890000 
50.693100, -111.322200, 199.200000 
53.897900, -116.067500, 71.460000 
53.788700, -115.564200, 35.490000 
53.727000, -115.607500, 95.960000 
52.130100, -110.116900, 29.830000 
56.276930, -119.875770, 50.022000 
54.963600, -117.670700, 326.289000 
52.344800, -114.262400, 36.563000 
54.978300, -117.708800, 37.592000 
52.279300, -114.129100, 25.273000 
52.162900, -114.576800, 37.044000 
58.685100, -118.669200, 28.174000 
52.966800, -111.131600, 28.475000 
53.032300, -111.293600, 20.650000 
50.165900, -110.089100, 98.834000 
52.250100, -115.042200, 27.109000 
54.454400, -119.091700, 78.528000 
53.512300, -115.611900, 51.971000 
54.538100, -119.066400, 48.050000 
56.833400, -113.112100, 241.057000 
55.847500, -111.358600, 70.188000 
57.200900, -112.905700, 619.513000 
55.996800, -110.822600, 56.800000 
59.641800, -118.307800, 125.270000 
51.813600, -112.454200, 28.834000 
54.418100, -116.362000, 171.986000 
52.337200, -114.195300, 3.840000 
54.232500, -116.611500, 201.865000 
54.363300, -116.624000, 80.012000 
58.728700, -118.005300, 64.256000 
54.792900, -115.521700, 238.000000 
53.872500, -116.085000, 50.170000 
54.458200, -115.641400, 154.120000 
53.828700, -115.943300, 182.900000 
54.647300, -115.495800, 20.470000 
58.081200, -117.828800, 100.437000 
51.970000, -110.629400, 91.273000 
55.651200, -116.386000, 137.041000 
52.903500, -114.698900, 38.453000 
51.868200, -110.139700, 178.156000 
53.090400, -115.245000, 146.282000 
53.023200, -114.850900, 98.458000 
53.254000, -114.437900, 342.102000 
53.181200, -114.486800, 205.618000 
52.848900, -114.620300, 93.719000 
52.890400, -114.865000, 149.032000 
55.683900, -119.393300, 32.813000 
52.715600, -110.621400, 25.651000 
55.830300, -116.673400, 42.257000 
52.941600, -114.418200, 67.076000 
59.601800, -117.409700, 55.010000 
56.458600, -119.914300, 67.597000 
54.844900, -115.332400, 44.126000 
58.683300, -118.670000, 133.818000 
58.073200, -118.762000, 136.692000 
58.305400, -118.888000, 140.549000 
50.337100, -111.513600, 33.353000 
53.479400, -115.130800, 146.619000 
52.650400, -115.080800, 367.633000 
51.865400, -110.585600, 51.589000 
57.320900, -118.063600, 180.475000 
53.173900, -114.884600, 143.579000 
57.851600, -119.158100, 284.436000 
50.271200, -110.376900, 204.471000 
50.395000, -110.353900, 98.310000 
50.307500, -110.502500, 181.773000 
50.282400, -110.468900, 104.316000 
50.507600, -110.325200, 50.385000 
50.453200, -110.204700, 28.429000 
50.318700, -111.261700, 208.859000 
50.340400, -111.302000, 207.485000 
50.267600, -111.330600, 325.424000 
53.134000, -115.678900, 139.943000 
53.148700, -115.746100, 141.357000 
52.541200, -115.170800, 66.223000 
52.439300, -115.044700, 42.821000 
52.512000, -115.044700, 75.706000 
52.464700, -115.007500, 49.782000 
52.515700, -115.327200, 88.848000 
52.526400, -115.916900, 33.874000 
52.461400, -114.346900, 143.761000 
52.570100, -114.533200, 41.621000 
53.064700, -116.436900, 123.929000 
52.850300, -116.465800, 142.848000 
53.039400, -116.406400, 356.096000 
53.163100, -117.017800, 147.108000 
51.377000, -114.814600, 336.460000 
52.806800, -114.640400, 46.727000 
52.712000, -114.573800, 94.403000 
57.042500, -111.905000, 122.598840 
51.838900, -114.980700, 48.134000 
51.806100, -114.998500, 35.823000 
51.773600, -114.874300, 47.243000 
51.824000, -110.948800, 55.734000 
53.752300, -117.099300, 119.380000 
50.758700, -111.641500, 146.953000 
55.713100, -119.672200, 56.106000 
51.581600, -113.840400, 38.600000 
50.583900, -113.302700, 64.563000 
53.225100, -114.034600, 48.353000 
50.736800, -113.325700, 136.224000 
52.119200, -115.215400, 68.709000 
55.603900, -119.347800, 149.450000 
52.028200, -114.809600, 30.903000 
54.087500, -115.770200, 61.986000 
52.843100, -115.604700, 340.098000 
52.479300, -114.178200, 62.650000 
52.260900, -114.946900, 46.795000 
50.296700, -112.433700, 27.912000 
52.628400, -114.882100, 22.995000 
52.545700, -114.106000, 155.231000 
50.013100, -112.393100, 41.329000 
51.719000, -112.390100, 114.660000 
52.774000, -114.501000, 12.000000 
52.766800, -114.489100, 54.400000 
52.730400, -114.525400, 7.600000 
49.088900, -112.414800, 19.200000 
52.206500, -113.465200, 3.790000 
49.467200, -110.779100, 5.100000 
54.385300, -118.624900, 30.914000 
53.097500, -113.193900, 76.607000 
54.760100, -113.815800, 153.000000 
54.672900, -114.212800, 10.000000 
54.654500, -114.092500, 12.000000 
54.763700, -113.938300, 19.000000 
53.283200, -115.324400, 3.000000 
52.608500, -114.186200, 111.280000 
58.368300, -118.990000, 287.230000 
58.255700, -119.187300, 74.719000 
58.059200, -118.287500, 108.318000 
50.889400, -114.761800, 192.700000 
51.198900, -114.820200, 16.500000 
51.118600, -114.732700, 15.600000 
49.229200, -114.029100, 217.686000 
49.488900, -113.955100, 310.984000 
52.088200, -115.689400, 78.307000 
51.135900, -114.144900, 116.591000 
51.599900, -115.356900, 154.925000 
51.815100, -115.296600, 175.156000 
51.635300, -115.139200, 189.898000 
51.606100, -115.131800, 1.590000 
51.668100, -115.170400, 22.160000 
54.454400, -116.090400, 7.086000 
53.690700, -115.717500, 53.551000 
51.464500, -114.467900, 82.409000 
52.541400, -115.170800, 75.283000 
52.042800, -114.958800, 148.116000 
54.229000, -115.295300, 20.684000 
53.272300, -114.725300, 22.651000 
53.305100, -114.841400, 8.784000 
52.300900, -112.886300, 6.150000 
53.879800, -113.627400, 64.495000 
52.621200, -112.211500, 100.094000 
53.359500, -114.878000, 0.555000 
53.279500, -111.587000, 657.982000 
53.195900, -111.911200, 83.287000 
53.363200, -111.879500, 45.574000 
53.355900, -114.896400, 0.185000 
52.024500, -112.916300, 59.085000 
52.591900, -112.192500, 25.442000 
52.701200, -112.259500, 177.255000 
55.640300, -119.627000, 46.415000 
54.421700, -117.784300, 79.324000 
53.566900, -118.022600, 31.292000 
53.734200, -118.395600, 326.404000 
53.941500, -116.720100, 32.582000 
53.712300, -116.148900, 29.682000 
53.621500, -116.087200, 27.577000 
52.766700, -116.393000, 412.924000 
56.120300, -119.497500, 21.438000 
56.095100, -118.758700, 169.820000 
55.458300, -119.573900, 56.485000 
55.611700, -112.611600, 239.557000 
54.461800, -111.780100, 70.708000 
53.854300, -117.391200, 178.413000 
55.789500, -112.281800, 60.992000 
56.051400, -119.589200, 41.838000 
55.378300, -118.499700, 43.317000 
56.440600, -119.775700, 27.039000 
55.411100, -118.885600, 68.820000 
54.265300, -116.342000, 256.420000 
54.119800, -116.273100, 266.123000 
54.221800, -116.197900, 21.724000 
53.577900, -116.599000, 31.948000 
53.923400, -116.775900, 23.756000 
53.799800, -116.092200, 135.010000 
54.079700, -118.342700, 71.321000 
53.607000, -116.537300, 21.327000 
54.034500, -117.180900, 20.505000 
54.178700, -117.328400, 241.734000 
53.711900, -117.052500, 61.091000 
56.314400, -119.873400, 57.545000 
53.918400, -117.297000, 114.754000 
54.341400, -116.301500, 53.259000 
54.600800, -116.039000, 22.729000 
56.223300, -119.570800, 74.408000 
52.989300, -114.157900, 121.769000 
52.874300, -110.428000, 52.576000 
55.571800, -112.549600, 88.795000 
55.349000, -112.184100, 104.729000 
52.830300, -116.272200, 232.874000 
53.006700, -116.852800, 50.976000 
53.323600, -116.995400, 55.038000 
53.022200, -116.520800, 121.761000 
52.682300, -114.392900, 26.256000 
52.958200, -114.679900, 35.284000 
52.969200, -116.692500, 399.625000 
53.002000, -110.993900, 23.866000 
55.835100, -112.252100, 51.225000 
52.874300, -110.162700, 87.289000 
55.028400, -112.266100, 126.983000 
55.117900, -112.737900, 24.960000 
53.117300, -110.803900, 40.820000 
52.657700, -110.200000, 22.520000 
55.266800, -112.567900, 159.572000 
56.364200, -119.934300, 265.642000 
55.341700, -118.914200, 45.578000 
55.504200, -118.945300, 39.245000 
55.338100, -118.536700, 25.009000 
50.168300, -112.299800, 50.013000 
50.013100, -112.611500, 171.367000 
50.302500, -112.390600, 40.797000 
50.060300, -112.299800, 174.455000 
50.214700, -112.367800, 74.934000 
50.160800, -112.957000, 32.154000 
56.851800, -115.208100, 71.597000 
52.792000, -112.562700, 197.515000 
52.788400, -112.489800, 163.735000 
52.031800, -112.629500, 253.687000 
55.070800, -118.695000, 23.126000 
54.352600, -111.821500, 20.501000 
53.970700, -115.744200, 38.298000 
55.736000, -119.076000, 67.977000 
53.847000, -114.619400, 62.015000 
53.484800, -115.607600, 148.390000 
53.385100, -115.612800, 217.488000 
53.290400, -115.831900, 88.298000 
52.180900, -113.083200, 131.395000 
54.527300, -112.930700, 36.648000 
55.058700, -111.895500, 23.186000 
55.382000, -111.760100, 146.822000 
55.120000, -111.688300, 51.132000 
51.482600, -113.300200, 20.696000 
54.348990, -110.766800, 22.751000 
55.174800, -112.281000, 55.551000 
54.778200, -113.963900, 25.330000 
54.367200, -110.503100, 23.029000 
54.224660, -110.514600, 32.667000 
54.465400, -113.221600, 77.668000 
54.162360, -115.733900, 263.135000 
54.109000, -117.137900, 74.614000 
53.745000, -114.220600, 88.650000 
54.545400, -114.794200, 79.000000 
50.398600, -112.847300, 47.800000 
50.154700, -112.461500, 24.980000 
52.162900, -114.851300, 32.143000 
50.536800, -111.744200, 57.524000 
50.176700, -110.442700, 95.365000 
54.105400, -117.131800, 67.305000 
50.667900, -113.053800, 84.259000 
55.072800, -116.975700, 343.620000 
53.483200, -112.906800, 76.270000 
51.708200, -111.780100, 25.497000 
51.828200, -111.774200, 430.585000 
52.333700, -112.806800, 25.430000 
51.711800, -110.862200, 39.099000 
51.686200, -110.737700, 60.724000 
51.686200, -110.666900, 219.306000 
51.642600, -110.560200, 39.810000 
51.701600, -110.633900, 39.315000 
51.689800, -110.761600, 38.884000 
49.823900, -112.432300, 73.962000 
53.017600, -114.370700, 35.275000 
56.218700, -116.251300, 143.843000 
56.070600, -119.960500, 67.347000 
54.145400, -115.815500, 122.747000 
57.411700, -118.493900, 34.070000 
55.705900, -111.282600, 21.885000 
54.105400, -117.526500, 406.527000 
54.858100, -119.770600, 46.478000 
52.446500, -115.249200, 20.347000 
54.225300, -118.305200, 46.669000 
52.279300, -110.081400, 35.583000 
53.952600, -117.559000, 177.999000 
57.502900, -116.505500, 46.656000 
54.050700, -117.720600, 100.986000 
55.931200, -110.822600, 21.300000 
52.755700, -110.228000, 27.400000 
50.096700, -113.596300, 20.244000 
55.950000, -110.601900, 234.018000 
54.989300, -111.489500, 31.016000 
54.105400, -110.862600, 20.714000 
53.607000, -110.262700, 20.800000 
57.087200, -112.899500, 389.974000 
54.349000, -112.642700, 32.879000 
55.702000, -112.379300, 21.200000 
56.007600, -113.402800, 171.401000 
54.054200, -118.308700, 163.416000 
54.479700, -117.550400, 22.800000 
53.697900, -117.153700, 64.653000 
54.698600, -110.738900, 41.183000 
51.559000, -112.471500, 31.260000 
51.551800, -112.483400, 21.600000 
53.977900, -116.751200, 141.980000 
50.744200, -110.130000, 36.148000 
50.896900, -110.633600, 50.618000 
50.824200, -110.859400, 33.709000 
49.972800, -110.755600, 63.344000 
50.084400, -110.607000, 435.024000 
49.988300, -110.914000, 36.279000 
50.022400, -110.743000, 50.172000 
51.020600, -111.402200, 39.293000 
50.093100, -110.732800, 229.633000 
50.136700, -110.732800, 35.875000 
50.533100, -112.444200, 164.474000 
50.159000, -110.667200, 22.511000 
53.590480, -116.172680, 94.033000 
50.784300, -110.836900, 97.170000 
50.111100, -113.482500, 27.603000 
51.009610, -110.752190, 87.960000 
50.187500, -112.153400, 32.960000 
51.984500, -112.784800, 37.370000 
52.050000, -110.420600, 65.236000 
51.580900, -112.977000, 20.315000 
51.624500, -113.041600, 33.508000 
51.584400, -113.070000, 23.821000 
51.599000, -113.029900, 40.639000 
51.624500, -112.952600, 151.142000 
51.700900, -112.852000, 101.207000 
51.515400, -112.953400, 24.628000 
52.555700, -114.449100, 118.395000 
52.541200, -114.322700, 30.400000 
52.537600, -114.292700, 32.172000 
55.251100, -119.426100, 22.077000 
55.269200, -119.490300, 56.852000 
52.759300, -114.125200, 231.178000 
50.712300, -111.062700, 75.160000 
52.543100, -114.280500, 29.050000 
52.384800, -114.382900, 42.005000 
52.468400, -114.328800, 66.475000 
51.395400, -111.331700, 40.266000 
52.028200, -113.572700, 49.687000 
51.973700, -113.572700, 20.168000 
51.930100, -113.538800, 79.285000 
52.035400, -113.614300, 40.997000 
55.367500, -119.220300, 49.714000 
53.836200, -115.620000, 45.649000 
52.915900, -114.006000, 70.794000 
52.944800, -114.264600, 33.176000 
53.959800, -111.818700, 26.413000 
51.559000, -112.612600, 105.390000 
51.795400, -113.456000, 49.585000 
51.813700, -113.621800, 153.431000 
52.220900, -114.630400, 55.855000 
54.956400, -119.783300, 92.471000 
53.039400, -110.895300, 64.614000 
53.779500, -118.486200, 27.429000 
53.958000, -118.772800, 24.549000 
56.271846, -111.498890, 59.657000 
56.888200, -114.536100, 45.962000 
55.523900, -119.380300, 78.830000 
52.726800, -114.537400, 78.152000 
54.312600, -113.263200, 41.107000 
50.675000, -110.031700, 43.030000 
53.186800, -115.156400, 74.885000 
53.580200, -112.048700, 69.198000 
53.767000, -117.497000, 349.544000 
52.492800, -115.295100, 109.987000 
50.097100, -112.361800, 24.976000 
54.372300, -118.521700, 30.436000 
54.445300, -118.607600, 55.984000 
55.041200, -110.577800, 57.756000 
53.578344, -115.855642, 141.071000 
51.428200, -113.458800, 23.214000 
52.857600, -115.513900, 24.773000 
51.286200, -113.200200, 32.634000 
55.876800, -111.326700, 68.671000 
52.046500, -113.465200, 20.275000 
51.049800, -113.659900, 30.226000 
52.435700, -110.364700, 32.409000 
55.003700, -111.100600, 38.084000 
51.399000, -112.683100, 149.821000 
51.879000, -112.792600, 56.203000 
51.784500, -113.532900, 30.364000 
50.777000, -111.751500, 25.617000 
54.279800, -117.012600, 42.688000 
50.758700, -112.122000, 51.874000 
50.860700, -110.229100, 25.681000 
51.100700, -111.403100, 26.666000 
51.049800, -112.126200, 25.722000 
51.359000, -112.418700, 221.196000 
51.409800, -112.530300, 163.958000 
51.402600, -112.330600, 24.230000 
51.737300, -113.124300, 43.617000 
51.668100, -113.615000, 29.970000 
58.339500, -118.536800, 17.184000 
53.021100, -116.216900, 1.646000 
52.177300, -114.296300, 45.917000 
52.213700, -114.308200, 76.796000 
54.730800, -118.598600, 24.772000 
51.569700, -114.985200, 30.873000 
50.555100, -112.623100, 31.042000 
50.431200, -111.589200, 325.991000 
52.397600, -114.040600, 43.928000 
57.564400, -119.521200, 36.688000 
58.011900, -119.480700, 135.707000 
52.890400, -114.246600, 25.498000 
56.506100, -119.432000, 218.815000 
50.995300, -113.973800, 0.055000 
52.942400, -113.511100, 151.252000 
51.879000, -113.367100, 32.890000 
52.086500, -112.754800, 29.010000 
52.199300, -114.475200, 25.257000 
51.900900, -111.608400, 242.742000 
51.624500, -111.863100, 70.461000 
52.384800, -114.539300, 92.482000 
52.290100, -112.963800, 28.540000 
54.243300, -116.899800, 74.644000 
54.654500, -110.459000, 47.552000 
51.741700, -112.469200, 39.581000 
54.072600, -116.574000, 50.138000 
55.007200, -116.873400, 25.695000 
53.484800, -115.607600, 41.402000 
52.384800, -112.223400, 161.956000 
52.344800, -112.211500, 92.462000 
51.366200, -114.761800, 114.063000 
51.369700, -114.985200, 37.584000 
51.388200, -114.808800, 24.815000 
52.973900, -116.872200, 90.584000 
54.166900, -118.486900, 82.890000 
51.489800, -112.888700, 34.423000 
56.121200, -115.994600, 35.115000 
50.831400, -110.865000, 47.789000 
53.847000, -113.981600, 22.200000 
52.235800, -113.377700, 5.540000 
52.217300, -113.387700, 26.300000 
52.111800, -114.481300, 4.890000 
52.828400, -114.386000, 3.300000 
54.668900, -117.651600, 41.503000 
52.192000, -114.111300, 89.769000 
51.071500, -114.697700, 1.600000 
51.086100, -114.767700, 17.700000 
53.374300, -111.809800, 59.085000 
53.363200, -112.039500, 73.066000 
52.828400, -113.872400, 5.681000 
51.671700, -112.507500, 39.882000 
52.039300, -112.987700, 41.071000 
53.134000, -111.850100, 292.357000 
52.282900, -113.113200, 48.398000 
55.363900, -118.905000, 81.864000 
57.217500, -110.895000, 643.888000 
53.454300, -117.159800, 30.799000 
57.579200, -119.301800, 27.336000 
50.556100, -114.236300, 16.108000 
52.020900, -112.665300, 38.851000 
56.666700, -111.345100, 385.866000 
56.055100, -115.366500, 40.274000 
52.039300, -111.376500, 23.913000 
53.486800, -114.330700, 41.858000 
52.875700, -111.422500, 248.146000 
52.875700, -111.483300, 83.546000 
54.506800, -116.789100, 95.942000 
52.144900, -111.752000, 25.500000 
50.184300, -110.508300, 65.458000 
52.224800, -113.025700, 48.856000 
52.053700, -112.150800, 70.508000 
53.558600, -113.368000, 275.000000 
55.835800, -114.697100, 101.021000 
50.291300, -112.185500, 24.414000 
52.019700, -114.234100, 56.260000 
51.948100, -113.711300, 45.988000 
52.555900, -113.042600, 28.593000 
51.727500, -113.819000, 51.285000 
52.401200, -113.100700, 29.995000 
52.604900, -113.196300, 53.980000 
53.885300, -117.178700, 476.138000 
58.716000, -119.708200, 120.499000 
57.382700, -118.979400, 49.666000 
53.154100, -116.460300, 40.582000 
55.965300, -119.935100, 27.920000 
52.776000, -112.909800, 63.934000 
55.890300, -119.758000, 29.291000 
51.760400, -114.913900, 35.407000 
50.993800, -113.990000, 20.121000 
54.786900, -119.942200, 22.634000 
55.201500, -119.881400, 134.528000 
52.098800, -112.852000, 55.803000 
59.237200, -119.885800, 26.138000 
56.106100, -119.714300, 37.941000 
54.394600, -113.504300, 37.526000 
50.393900, -111.701000, 54.981000 
51.505300, -112.475000, 31.260000 
50.086100, -110.485500, 73.666000 
55.554200, -119.760200, 58.810000 
56.246400, -119.099000, 35.656000 
52.761600, -113.133400, 146.569000 
55.434200, -114.550000, 41.080000 
57.211800, -118.010800, 91.712000 
53.841600, -113.326800, 27.714000 
54.438200, -119.676100, 35.709000 
53.834000, -117.912400, 187.422000 
54.938500, -119.446500, 115.791000 
51.484500, -110.414400, 138.601000 
53.914400, -117.573700, 655.421000 
53.987100, -117.351500, 762.476000 
50.571300, -112.146100, 47.331000 
51.411700, -113.285800, 63.925000 
50.442900, -111.857300, 106.124000 
50.509600, -112.002900, 33.594000 
51.280800, -112.818900, 38.031000 
55.460700, -119.982500, 34.144000 
54.172300, -118.334400, 33.270000 
52.734900, -114.347100, 37.897000 
52.081000, -113.597900, 21.842000 
52.657700, -112.281000, 38.389000 
53.783400, -112.339300, 39.334000 
51.557200, -113.402600, 33.449000 
52.561200, -112.312100, 38.466000 
53.798000, -114.611000, 25.830000 
52.013700, -112.381800, 21.880000 
55.488600, -119.521000, 25.830000 
50.683000, -111.548000, 36.509000 
55.320300, -118.762000, 71.509000 
52.841500, -116.035500, 77.146000 
50.624800, -111.588500, 44.225000 
52.867000, -116.253100, 65.285000 
51.993700, -113.123700, 40.287000 
51.865500, -112.954700, 52.480000 
52.095600, -113.147400, 30.726000 
54.200600, -111.268800, 22.261000 
54.199700, -119.263700, 21.091000 
49.119100, -113.761500, 452.192000 
51.364000, -110.285900, 20.810000 
55.193600, -113.035100, 67.331000 
50.723300, -112.789100, 463.791000 
50.730600, -112.887200, 17.211000 
50.326300, -110.328500, 103.225000 
50.468200, -110.322500, 97.040000 
53.023200, -116.899000, 208.614000 
53.430200, -117.118100, 51.205000 
52.936200, -116.748600, 46.518000 
53.488400, -117.351700, 42.679000 
53.125000, -116.881000, 122.404000 
52.968900, -116.688300, 252.668000 
52.867000, -116.549200, 135.153000 
52.910700, -116.645900, 28.898000 
53.026800, -116.679700, 31.147000 
53.143200, -116.923400, 54.718000 
52.943400, -116.742600, 194.226000 
53.114200, -115.698700, 99.598000 
50.155700, -114.453300, 205.771000 
54.423700, -119.349700, 49.100000 
51.508900, -113.453800, 45.729000 
50.887900, -110.385200, 155.394000 
54.830200, -118.652600, 187.610000 
51.222600, -114.642900, 26.942000 
52.706700, -113.896400, 59.650000 
52.837700, -114.403500, 29.883000 
50.486700, -112.917000, 99.778000 
52.747200, -114.415600, 7.670000 
52.546700, -115.260600, 43.814000 
53.477400, -117.026300, 35.147000 
53.703000, -117.234900, 51.906000 
52.168300, -114.088900, 21.298000 
52.094000, -114.737100, 21.158000 
52.925000, -114.475800, 45.448000 
58.781600, -118.602700, 75.647000 
53.332400, -111.451000, 101.922000 
50.505800, -111.201000, 22.687000 
51.135300, -111.523300, 42.955000 
53.608800, -113.005500, 43.907000 
53.332400, -111.548200, 63.516000 
53.245100, -111.596700, 47.268000 
53.326800, -111.488800, 47.268000 
53.303300, -111.451000, 66.471000 
53.230500, -111.863900, 42.837000 
53.376000, -111.830200, 42.873000 
53.870700, -116.166400, 65.426000 
56.111500, -119.033900, 20.623000 
52.063200, -112.629000, 74.975000 
52.503000, -113.435200, 207.186000 
52.481500, -113.419000, 110.933000 
52.735800, -112.451100, 38.759000 
56.486500, -114.120400, 44.835000 
54.452300, -114.874300, 71.915000 
54.353900, -114.811100, 20.808000 
52.764900, -114.957500, 144.945000 
52.941200, -118.043000, 898.036000 
58.695200, -114.005000, 45.473000 
57.546100, -119.106200, 75.903000 
57.066400, -118.029400, 63.028000 
55.714000, -115.898300, 34.888000 
58.727600, -111.136400, 110.990000 
54.263100, -118.576800, 45.625000 
54.343100, -118.595300, 45.625000 
51.494600, -110.483500, 32.596000 
53.175900, -115.271100, 206.353000 
55.160200, -118.818400, 279.771000 
53.707700, -116.435600, 27.704000 
50.187900, -112.225200, 51.524000 
58.098500, -119.426100, 23.126000 
53.419200, -113.882300, 39.745000 
53.559400, -113.347200, 292.000000 
56.850000, -119.836900, 69.571000 
54.590000, -114.830000, 62.507000 
53.571500, -117.045300, 357.508000 
53.778400, -116.536100, 25.106000 
56.623600, -119.913600, 26.500000 
55.160300, -116.162000, 43.755000 
50.701400, -111.554300, 21.200000 
52.308400, -111.728200, 23.617000 
52.352200, -113.222800, 47.834000 
52.352100, -112.683000, 36.366000 
51.570600, -113.688200, 115.315000 
51.680100, -113.935100, 48.740000 
51.723600, -113.616200, 79.036000 
51.770800, -113.622100, 292.782000 
58.650600, -119.455000, 27.319000 
59.254000, -119.683100, 52.212000 
54.034500, -113.778200, 21.511000 
55.924100, -119.821600, 65.586000 
55.698600, -119.715100, 92.630000 
54.113900, -114.654900, 67.084000 
52.361000, -113.819400, 0.702000 
52.549200, -113.840800, 7.130000 
49.720000, -113.500300, 9.266000 
53.599500, -111.416200, 5.816000 
54.691700, -119.161000, 31.047000 
53.034500, -116.079600, 36.738000 
54.782400, -119.338700, 23.680000 
55.525800, -119.300400, 21.557000 
54.862400, -118.960500, 41.392000 
54.728000, -113.211400, 41.489000 
52.639100, -113.102700, 44.676000 
54.215900, -117.410600, 111.393000 
51.639700, -110.089700, 36.789000 
52.334100, -113.096100, 36.939000 
54.414300, -110.326300, 23.494000 
54.379500, -117.210700, 181.836000 
55.874600, -116.379500, 105.934000 
54.714300, -118.670000, 68.459000 
52.337500, -113.042500, 76.845000 
54.430700, -118.651400, 23.390000 
53.484900, -116.921800, 31.876000 
49.011900, -111.466800, 29.855000 
51.597800, -110.472400, 51.372000 
55.827200, -116.555400, 40.926000 
55.819800, -119.132600, 22.927000 
52.776000, -113.864500, 49.096000 
52.921600, -113.828400, 57.610000 
52.111900, -112.311300, 110.736000 
52.404900, -114.592200, 39.213000 
52.867000, -114.045900, 93.104000 
52.630400, -114.346500, 30.988000 
54.455100, -111.092200, 30.094000 
56.482100, -117.963100, 153.600000 
52.530400, -112.934800, 98.874000 
56.007400, -119.073000, 22.969000 
52.211700, -114.897100, 9.262000 
50.973600, -112.711700, 102.265000 
53.753700, -114.443000, 37.890000 
51.625300, -111.195200, 36.012000 
51.600900, -111.231500, 239.330000 
57.340500, -119.621600, 26.221000 
51.872400, -112.841200, 27.013000 
50.866100, -113.650500, 24.411000 
56.584400, -119.410600, 98.624000 
50.393200, -113.828900, 92.395000 
50.698800, -113.558500, 43.088000 
51.557200, -113.110700, 37.200000 
50.320400, -113.087100, 64.872000 
53.652500, -115.989400, 211.021000 
51.177800, -112.060300, 33.581000 
52.525000, -115.173800, 31.543000 
52.419400, -115.029800, 37.679000 
51.716900, -112.761700, 33.508000 
51.578500, -112.916200, 67.761000 
51.621900, -113.066000, 33.581000 
51.712500, -112.896000, 34.192000 
51.654100, -113.085700, 33.508000 
51.526700, -112.959600, 34.192000 
53.735600, -115.701500, 56.386000 
53.721200, -115.769900, 26.075000 
49.959800, -113.546000, 25.169000 
55.128700, -119.714600, 31.448000 
54.986900, -119.719600, 30.844000 
55.017200, -119.840600, 30.844000 
54.979700, -119.637200, 31.388000 
52.459500, -114.304600, 35.197000 
53.084700, -114.765600, 32.572000 
52.681500, -113.121100, 38.013000 
54.323200, -110.925700, 27.067000 
54.278200, -110.006200, 33.644000 
58.686900, -118.870200, 66.495000 
54.740600, -113.931600, 1.000000 
52.441300, -115.281800, 129.066000 
54.723500, -113.921900, 5.000000 
53.738400, -111.680500, 60.710000 
54.055700, -117.243900, 350.181000 
53.761100, -117.349200, 337.576000 
53.655600, -117.081700, 973.328000 
52.581500, -113.048400, 33.065000 
50.838100, -112.396300, 22.434000 
50.873300, -112.446000, 22.750000 
51.016600, -113.215600, 22.780000 
50.501000, -112.223700, 43.525000 
51.027600, -112.360200, 25.243000 
51.017900, -112.478800, 48.449000 
51.727200, -113.196900, 45.516000 
51.137900, -112.752200, 22.208000 
55.311000, -119.932400, 46.446000 
51.319600, -113.717600, 31.324000 
51.385000, -113.729000, 24.918000 
52.526700, -111.459200, 39.919000 
54.171000, -118.334400, 98.035000 
50.846800, -112.165700, 24.556000 
50.846700, -112.073300, 20.697000 
51.901800, -112.925200, 28.942000 
50.964000, -112.866300, 28.918000 
50.485300, -111.171600, 147.929000 
50.448100, -110.574400, 88.094000 
51.989100, -113.452300, 79.524000 
50.485300, -111.449700, 409.976000 
51.294100, -112.668100, 34.984000 
51.134300, -112.548700, 20.231000 
53.745100, -113.235600, 34.150000 
52.808600, -115.270700, 48.323000 
50.837800, -110.928500, 30.411000 
55.071100, -119.032100, 70.640000 
53.596200, -113.332100, 57.320000 
50.221100, -113.501200, 50.922000 
54.379500, -117.160500, 152.280000 
52.228400, -110.269100, 78.430000 
52.583200, -114.946100, 85.628000 
52.437900, -113.858500, 78.442000 
54.342700, -110.328700, 139.530000 
54.769600, -111.904600, 26.406000 
51.339000, -112.433700, 24.872000 
51.077100, -112.426900, 38.595000 
51.710000, -111.488000, 27.938000 
51.426300, -111.138100, 26.242000 
53.325100, -111.681700, 49.050000 
53.266900, -111.912400, 46.899000 
53.463300, -111.903700, 24.050000 
53.477900, -111.936300, 268.300000 
53.528800, -111.964900, 24.050000 
53.427000, -112.075100, 140.287000 
53.858600, -112.279100, 24.050000 
54.197700, -116.761000, 500.759000 
56.528200, -114.071600, 20.959000 
56.524400, -113.464600, 260.215000 
53.812800, -110.003500, 26.114000 
50.423400, -112.788800, 104.998000 
49.904200, -111.332400, 132.010000 
54.248700, -115.685800, 18.470000 
54.285000, -115.698200, 626.600000 
51.774500, -113.090500, 33.730000 
51.673600, -113.123000, 108.490000 
52.881600, -116.573400, 174.917000 
51.760400, -114.105100, 12.410000 
51.862400, -114.128700, 30.700000 
51.618300, -114.075000, 52.230000 
51.669000, -113.208600, 21.820000 
51.727700, -114.087300, 138.880000 
51.742300, -114.122900, 20.010000 
51.465100, -113.559100, 47.390000 
51.465100, -113.512200, 12.710000 
51.730800, -113.155500, 143.740000 
51.694400, -113.214400, 174.380000 
50.719600, -112.730500, 61.256000 
50.748800, -112.903600, 73.854000 
53.036000, -116.221100, 119.003000 
53.196100, -116.948000, 39.518000 
51.436100, -114.961600, 197.010000 
50.290800, -110.486300, 24.795000 
53.768300, -116.915400, 53.880000 
53.761100, -117.367500, 55.850000 
50.166300, -112.686000, 37.846000 
58.367100, -118.994100, 134.806000 
51.878200, -113.359300, 25.190000 
52.124700, -113.677200, 28.970000 
52.041000, -113.576100, 34.750000 
51.787100, -113.335700, 30.900000 
52.718000, -114.022900, 89.469000 
52.192000, -110.990000, 62.348000 
51.869900, -113.092200, 12.000000 
52.790600, -114.549600, 10.400000 
51.547300, -115.065400, 31.678000 
51.487000, -112.516100, 48.995000 
53.034200, -115.290800, 55.166000 
52.514000, -115.042200, 298.618000 
56.256700, -119.626500, 43.663000 
52.277500, -112.862900, 37.957000 
55.343200, -119.464900, 54.626000 
53.870300, -117.088800, 22.264000 
52.295400, -115.825300, 301.447000 
57.288700, -111.886800, 30.150000 
54.972300, -114.291800, 29.077000 
51.651800, -112.723100, 30.475000 
54.387300, -114.753100, 69.301000 
51.950100, -112.805400, 30.540000 
51.848200, -113.758200, 78.425000 
54.623400, -118.192200, 48.247000 
54.125100, -116.816700, 614.637000 
53.733000, -112.959300, 52.618000 
51.319500, -112.737600, 79.860000 
52.583000, -113.734000, 71.116000 
52.626700, -114.495900, 50.623000 
52.579300, -113.513500, 23.220000 
52.868700, -113.142400, 31.060000 
51.157600, -114.191600, 9.058000 
53.678600, -113.804600, 18.123000 
53.007200, -117.327200, 1.689000 
55.998000, -118.532200, 1027.095000 
54.863300, -119.001700, 228.351000 
54.352100, -119.460100, 27.712000 
54.306200, -110.558500, 23.842000 
54.116900, -110.214800, 286.586000 
54.030400, -110.789800, 24.258000 
54.029600, -110.788100, 38.198000 
52.148200, -112.786300, 33.719000 
52.410100, -112.969700, 51.145000 
51.814300, -113.763000, 46.793000 
52.253700, -113.024300, 30.982000 
49.958600, -113.543700, 82.949000 
52.096300, -112.701200, 27.110000 
51.767000, -113.703800, 28.123000 
57.347300, -119.552100, 100.184000 
54.197600, -116.685500, 49.910000 
53.066800, -115.412200, 106.173000 
51.876300, -111.732700, 22.864000 
52.102500, -114.390500, 33.238000 
51.887800, -114.647300, 96.069000 
51.924200, -114.789000, 50.071000 
54.811600, -118.871600, 45.289000 
54.810600, -119.388000, 70.300000 
54.658100, -119.277400, 85.346000 
54.702000, -119.095000, 70.300000 
54.032400, -116.594600, 24.500000 
53.688100, -111.365700, 186.616000 
53.891300, -110.100600, 51.744000 
53.793000, -110.546700, 21.408000 
55.670500, -119.619500, 34.234000 
52.366700, -113.017800, 20.069000 
57.007300, -113.188000, 35.847000 
53.604400, -111.322600, 87.096000 
54.786900, -118.720400, 20.154000 
57.171900, -119.914500, 66.297000 
54.829600, -112.562800, 28.927000 
54.830600, -118.682100, 26.304000 
52.301200, -113.160700, 21.068000 
55.644900, -114.658300, 80.344000 
55.779400, -114.658300, 106.979000 
55.463300, -119.012100, 25.739000 
54.416700, -118.735900, 47.005000 
52.960600, -115.259800, 115.056000 
54.736300, -119.010500, 30.964000 
52.830800, -115.141000, 90.821000 
53.106900, -115.936400, 20.832000 
54.154200, -117.560400, 56.391000 
52.335800, -114.346500, 49.188000 
53.064200, -115.935200, 24.504000 
53.194200, -115.333000, 38.576000 
52.773600, -115.590400, 23.230000 
57.309900, -119.751300, 74.431000 
53.064600, -116.671200, 49.301000 
55.000700, -119.237900, 46.742000 
54.752100, -119.602200, 83.182000 
55.026500, -119.139400, 30.964000 
53.032100, -111.245100, 33.656000 
52.586000, -114.476900, 33.508000 
56.193600, -110.950600, 122.651000 
53.348000, -115.995300, 82.027000 
53.704600, -116.405000, 40.723000 
51.043300, -111.414800, 30.212000 
55.336900, -119.167900, 22.992000 
52.908200, -115.080000, 27.156000 
53.778700, -116.000600, 27.957000 
57.329700, -119.660700, 49.505000 
55.246000, -119.633900, 29.460000 
53.066800, -116.058300, 37.051000 
52.819800, -115.630500, 56.748000 
52.818900, -115.629100, 56.720000 
53.299600, -115.223500, 33.506000 
53.519000, -118.083400, 23.931000 
53.913800, -115.868900, 25.760000 
54.786900, -119.383000, 30.964000 
52.983400, -111.319100, 26.899000 
54.146800, -116.685600, 23.867000 
50.348300, -112.905400, 21.334000 
54.715300, -119.505100, 38.935000 
54.712300, -119.655600, 30.964000 
53.085700, -116.114600, 24.411000 
52.736100, -115.733200, 31.902000 
53.958100, -116.372100, 24.277000 
54.758000, -119.580200, 25.090000 
51.701400, -112.878200, 23.667000 
52.954900, -115.013400, 21.139000 
52.400900, -114.406300, 21.249000 
54.120200, -115.796100, 22.254000 
50.233800, -113.660500, 45.687000 
52.535700, -114.546400, 33.857000 
54.643700, -119.376800, 52.322000 
54.803700, -118.976400, 20.917000 
55.052400, -119.453000, 35.202000 
54.833700, -119.425700, 98.779000 
52.298900, -113.004200, 74.497000 
52.342200, -112.764800, 172.042000 
50.395500, -112.521600, 57.738000 
53.272400, -110.593500, 21.885000 
54.501400, -111.070200, 30.876000 
54.428700, -110.987500, 127.880000 
54.497000, -111.021700, 43.404000 
51.912900, -113.627900, 52.504000 
54.506100, -111.058000, 33.979000 
55.527900, -110.873800, 484.380000 
55.596900, -119.346000, 22.117000 
54.226800, -118.628100, 94.852000 
52.494100, -113.324500, 32.348000 
55.148500, -110.723000, 46.836000 
55.787200, -119.623500, 73.325000 
51.348700, -113.658600, 35.622000 
51.057000, -113.703900, 25.671000 
49.398800, -112.696800, 33.125000 
51.348700, -113.031900, 45.362000 
51.396700, -113.016600, 21.314000 
51.308800, -113.341700, 33.337000 
51.225300, -112.769400, 32.501000 
52.621400, -113.684400, 59.482000 
55.692200, -119.529200, 80.237000 
50.308300, -111.978500, 25.451000 
52.372100, -115.060000, 72.795000 
52.657700, -113.276600, 17.023000 
52.881600, -116.162400, 42.643000 
54.416100, -118.286600, 48.721000 
51.967200, -114.757000, 78.388000 
55.666400, -110.714000, 114.062000 
52.777600, -110.873200, 53.416000 
54.131600, -113.159260, 85.011000 
51.190100, -113.966500, 20.471000 
51.105200, -113.810000, 38.035000 
56.411700, -110.937600, 1653.152000 
54.856700, -119.333400, 20.855000 
53.623400, -116.858600, 36.310000 
53.019700, -112.193800, 260.650000 
55.247800, -115.069300, 20.410000 
55.227500, -115.057800, 24.254000 
55.233400, -115.069700, 102.430000 
51.786500, -113.399100, 208.000000 
55.234400, -115.069100, 85.020000 
52.112000, -112.984200, 37.700000 
53.280400, -114.773900, 103.470000 
52.013800, -110.150800, 49.513000 
53.280300, -114.773800, 49.405000 
53.193900, -115.291900, 230.112000 
57.884300, -118.604400, 175.794000 
56.150000, -116.027700, 20.242000 
53.054200, -114.935400, 235.072000 
55.775800, -119.122000, 40.876000 
56.285900, -116.153100, 66.246000 
53.026800, -116.009000, 36.903000 
53.572400, -113.013900, 35.944000 
50.741200, -112.189000, 60.583000 
51.764600, -110.147600, 36.706000 
52.862900, -110.988100, 30.778000 
51.970400, -114.303000, 42.181000 
52.697300, -111.200700, 131.481000 
52.047700, -113.673500, 287.901000 
53.026800, -114.766900, 112.105000 
53.256100, -114.437200, 22.724000 
56.375700, -116.230000, 57.664000 
57.666100, -119.185500, 191.103000 
52.235100, -115.221600, 24.634000 
54.590500, -115.856500, 47.067000 
52.594100, -114.879300, 354.728000 
51.898100, -113.567200, 56.855000 
50.697900, -112.789000, 61.256000 
50.235000, -110.391000, 102.422000 
54.198900, -119.052900, 260.017000 
52.591600, -115.347500, 31.882000 
56.173100, -116.199000, 281.815000 
54.323000, -110.250000, 61.889000 
51.118200, -114.555800, 1.200000 
54.656560, -119.915230, 84.376000 
52.047700, -112.638200, 23.349000 
52.022000, -112.631300, 26.963000 
51.956400, -112.754100, 48.387000 
52.801600, -116.463200, 109.334000 
55.350200, -119.327600, 131.555000 
52.969000, -116.688400, 94.099000 
52.436100, -112.234300, 24.835000 
54.095900, -116.615500, 27.049000 
54.441400, -116.121600, 46.940000 
53.221400, -111.531600, 33.083000 
54.247600, -114.958600, 56.762000 
53.579500, -116.138000, 38.578000 
53.176000, -115.272300, 110.450000 
56.510100, -119.434500, 12.000000 
55.662600, -111.257700, 56.393000 
53.184300, -115.488000, 22.815000 
52.180400, -114.636500, 81.600000 
57.486000, -113.793600, 24.513000 
56.039100, -114.139200, 65.424000 
53.975700, -117.287500, 250.506000 
53.862200, -111.637100, 173.234000 
54.419600, -117.293100, 142.169000 
53.997500, -117.349600, 22.000000 
55.997100, -113.473700, 47.552000 
51.716800, -114.642400, 185.714000 
54.190500, -116.891700, 23.280000 
51.691300, -114.477100, 98.107000 
55.608800, -118.003600, 119.519000 
53.812700, -114.728000, 44.428000 
55.640500, -117.119300, 82.408000 
53.791200, -114.612900, 69.910000 
55.489500, -118.325200, 89.306000 
55.201800, -117.914900, 17.212000 
55.848200, -111.961800, 42.443000 
52.884000, -111.721700, 66.826000 
51.718700, -111.472200, 25.530000 
52.483800, -114.282200, 26.940000 
53.085100, -114.693300, 0.820000 
53.391700, -115.151300, 23.460000 
52.257500, -113.162600, 21.883000 
52.299900, -113.046100, 35.083000 
52.144900, -113.180500, 60.228000 
57.208200, -118.803100, 37.283000 
57.197200, -118.822400, 43.708000 
57.182800, -118.835900, 43.708000 
57.175400, -118.822400, 43.708000 
53.169700, -115.111700, 61.377000 
52.765200, -112.679800, 22.846000 
53.190400, -115.223500, 803.439000 
55.335100, -118.482400, 41.508000 
56.040100, -119.296100, 28.364000 
55.923900, -119.976500, 40.263000 
49.410600, -110.620600, 20.153000 
57.357200, -119.466900, 89.613000 
52.608600, -114.724200, 264.897000 
54.030800, -116.659500, 36.300000 
54.221400, -117.108800, 19.990000 
51.979900, -114.212900, 26.987000 
51.854600, -113.119900, 40.072000 
55.069400, -113.313900, 24.013000 
53.499200, -116.805300, 174.321000 
53.920600, -110.608600, 50.471000 
51.300300, -112.042900, 95.000000 
53.808400, -110.960000, 20.294000 
55.683100, -119.514900, 22.300000 
51.609300, -112.622800, 25.115000 
51.667500, -110.173600, 26.546000 
54.916300, -110.619700, 29.550000 
51.977700, -112.370800, 29.094000 
54.612700, -118.213800, 303.110000 
55.704000, -119.301500, 23.400000 
55.645600, -119.436200, 21.400000 
53.870700, -111.379700, 21.600000 
55.543200, -119.024800, 21.725000 
54.234200, -111.691400, 31.231000 
55.509000, -118.981800, 26.361000 
54.760400, -113.959500, 56.800000 
55.647300, -119.541400, 112.900000 
55.211900, -111.676500, 20.500000 
55.721300, -119.399900, 69.385000 
50.399100, -113.681500, 59.143000 
50.289900, -113.394900, 43.581000 
49.696800, -114.201400, 31.833000 
50.876100, -113.686900, 53.979000 
50.568900, -113.628500, 26.298000 
50.235500, -113.100200, 25.212000 
56.113500, -111.829300, 134.721000 
51.650800, -113.008000, 30.406000 
53.048700, -115.077200, 43.571000 
52.042900, -113.579100, 62.051000 
52.758000, -114.107400, 174.411000 
53.107500, -116.763500, 86.867000 
52.670700, -111.954000, 22.230000 
51.984700, -113.311200, 31.025000 
53.106500, -111.564300, 23.923000 
50.402900, -112.727800, 20.253000 
51.552300, -112.768100, 24.375000 
54.986500, -119.647300, 31.293000 
51.959900, -113.562700, 31.028000 
52.950900, -115.104400, 93.471000 
53.212300, -116.990500, 61.364000 
53.153000, -116.286100, 37.018000 
53.239800, -116.530500, 24.171000 
54.054300, -117.165300, 22.500000 
54.856100, -119.688000, 20.663000 
54.029500, -117.010300, 43.297000 
54.724800, -119.092900, 38.036000 
52.983900, -115.025700, 71.496000 
51.687800, -112.990000, 22.249000 
50.028400, -113.624100, 57.876000 
55.286400, -119.178100, 46.754000 
54.699800, -119.048100, 20.663000 
52.954300, -115.926600, 26.465000 
54.033000, -117.758100, 33.372000 
54.743500, -119.048100, 20.788000 
51.934500, -113.332500, 60.812000 
52.390400, -114.376400, 27.204000 
53.450100, -116.033600, 95.724000 
51.879900, -113.362300, 60.812000 
52.530400, -112.910800, 47.475000 
52.399400, -112.868800, 74.293000 
52.399400, -112.964700, 47.113000 
52.490300, -112.964700, 21.897000 
52.754200, -113.127400, 47.665000 
50.442800, -111.519600, 44.776000 
53.492100, -116.191400, 52.237000 
53.827700, -116.388000, 40.229000 
53.608500, -115.435600, 63.237000 
54.946700, -119.715200, 63.571000 
53.870200, -116.828800, 29.496000 
52.568700, -114.796200, 127.090000 
52.441300, -115.281800, 29.824000 
54.061900, -117.748000, 34.066000 
52.261800, -113.086100, 23.626000 
51.999300, -112.603300, 29.304000 
49.964300, -112.706200, 32.456000 
55.814200, -119.679600, 27.291000 
54.302500, -118.644200, 56.015000 
56.177100, -113.058200, 54.007000 
55.073200, -111.222700, 31.092000 
49.951400, -112.708700, 32.653000 
51.116100, -112.414900, 32.892000 
57.764800, -115.823800, 31.786000 
52.017400, -113.424300, 36.414000 
50.445300, -112.120700, 25.022000 
54.886000, -110.466200, 43.325000 
58.246000, -117.744600, 31.786000 
51.045600, -113.288500, 30.473000 
54.975300, -110.354200, 42.279000 
55.413500, -119.835200, 44.612000 
52.739700, -115.715000, 25.139000 
54.062900, -117.782600, 38.680000 
51.805300, -112.905600, 62.283000 
54.830600, -119.662600, 84.847000 
53.179600, -115.272300, 20.571000 
52.302950, -112.081110, 20.328000 
53.924800, -117.299600, 16.230000 
56.067200, -116.946400, 84.263000 
55.699700, -118.129900, 13.960000 
56.063500, -118.088400, 57.055000 
55.767400, -117.517800, 37.814000 
53.697300, -114.658500, 35.109000 
55.940800, -117.224900, 53.240000 
55.562400, -117.052700, 13.010000 
55.751100, -117.145700, 74.831000 
55.346900, -114.030900, 65.180000 
53.081400, -115.570800, 21.358000 
54.148900, -113.988200, 26.366000 
55.281300, -114.425500, 33.796000 
58.439800, -119.154600, 27.024000 
50.861800, -114.767700, 34.891000 
55.748500, -112.560200, 223.404000 
55.022900, -118.573300, 50.385000 
54.345700, -118.405600, 23.907000 
52.968900, -115.872200, 20.060000 
53.044900, -115.985100, 191.250000 
53.742800, -116.692400, 43.142000 
52.222600, -114.516300, 21.902000 
51.538100, -111.472900, 32.882000 
51.468700, -112.533400, 48.047000 
52.170200, -114.248100, 21.742000 
52.732500, -115.225500, 99.640000 
53.653100, -116.834200, 27.150000 
56.615200, -112.846300, 21.245000 
56.833400, -113.105600, 43.357000 
53.935700, -116.042300, 76.730000 
54.274200, -115.673200, 47.940000 
51.858700, -114.990600, 85.320000 
51.814500, -113.456700, 23.970000 
52.137500, -113.150800, 26.580000 
49.579700, -112.736500, 19.620000 
53.557900, -115.091600, 21.374000 
52.397600, -114.352400, 106.361000 
53.392300, -115.310200, 27.771000 
52.697100, -111.200600, 41.135000 
50.247000, -110.356700, 36.181000 
54.830600, -118.810700, 28.763000 
54.834200, -118.639200, 96.354000 
54.834200, -118.639200, 416.579000 
55.008800, -118.639200, 90.707000 
54.796800, -113.714000, 1.000000 
54.541100, -118.179200, 189.513000 
54.241500, -117.291600, 89.290000 
53.957500, -117.076600, 180.979000 
53.855600, -116.983600, 337.987000 
53.647500, -113.622100, 63.038000 
53.499300, -117.155100, 28.777000 
54.154200, -117.222800, 30.623000 
55.859800, -119.850000, 25.457000 
53.706600, -117.241000, 94.725000 
55.670500, -119.619500, 28.846000 
53.943100, -118.746600, 21.693000 
49.499600, -111.012000, 25.089000 
52.707000, -115.443100, 180.826000 
53.728000, -114.630900, 50.704000 
54.346700, -114.898500, 45.126000 
54.248500, -114.730000, 79.470000 
51.074900, -114.138700, 37.842000 
53.644800, -116.129800, 33.553000 
49.070100, -111.433600, 50.320000 
54.291300, -117.111900, 30.420000 
57.286600, -111.599500, 142.238000 
55.666900, -119.147700, 22.645000 
57.335400, -111.755600, 1759.691000 
50.468300, -111.725800, 22.967000 
50.252400, -112.500600, 50.489000 
54.120600, -116.996700, 24.437000 
54.423300, -114.937500, 27.973000 
54.048600, -110.971200, 130.193000 
53.138800, -114.649700, 29.470000 
51.629100, -114.243600, 31.600000 
52.341400, -113.276800, 111.148000 
58.768400, -111.098300, 43.871000 
53.892600, -113.388500, 109.841000 
56.016500, -119.469200, 27.804000 
56.638200, -119.495000, 28.015000 
55.889400, -119.958400, 103.272000 
52.368100, -115.166000, 39.300000 
52.677700, -114.003800, 38.262000 
52.563100, -115.077200, 116.685000 
57.332900, -118.711900, 20.573000 
57.332600, -118.696300, 23.543000 
54.016600, -116.572500, 22.486000 
54.408200, -111.146800, 33.721000 
52.673800, -114.045000, 123.386000 
54.493400, -119.890600, 34.856000 
54.568700, -118.398900, 26.200000 
52.191500, -113.717500, 56.955000 
52.333800, -112.881700, 41.601000 
55.177200, -114.244100, 78.041000 
53.785500, -110.557500, 31.221000 
50.048800, -112.035200, 33.042000 
53.193200, -110.862900, 24.811000 
54.379900, -117.867400, 34.512000 
55.232600, -114.200300, 24.229000 
54.146700, -116.123100, 58.991000 
53.587400, -113.364700, 24.000000 
54.172200, -115.492200, 78.503000 
54.198100, -111.500100, 31.122000 
51.660300, -112.480700, 26.216000 
55.087700, -110.778000, 26.966000 
54.955100, -110.488800, 28.643000 
55.150000, -110.637900, 21.641000 
55.306100, -111.193800, 21.327000 
56.115700, -119.262100, 192.960000 
54.180600, -118.712900, 20.949000 
54.352100, -119.010400, 34.878000 
51.075900, -111.455700, 36.879000 
51.163900, -112.084400, 34.192000 
51.319500, -111.089500, 25.487000 
52.925800, -115.104400, 33.134000 
55.062100, -119.988800, 33.134000 
52.496100, -114.262500, 23.209000 
52.530100, -114.511100, 48.161000 
54.133900, -115.759500, 38.695000 
54.015600, -116.965100, 62.887000 
53.037800, -115.357900, 22.944000 
53.110600, -116.223100, 21.009000 
53.143900, -116.274200, 43.070000 
54.200500, -117.369000, 34.972000 
52.968900, -115.872400, 23.219000 
53.245600, -117.082500, 24.565000 
54.883700, -119.542700, 31.492000 
54.772500, -119.695200, 33.134000 
54.759400, -119.606800, 33.134000 
54.714400, -119.791700, 24.151000 
53.676100, -110.987900, 31.086000 
54.517900, -118.488000, 45.566000 
51.003200, -113.257800, 29.744000 
53.659800, -116.650500, 137.417000 
49.104500, -113.750400, 41.608000 
53.982800, -116.734200, 33.940000 
55.001600, -119.058800, 38.023000 
54.462100, -110.820700, 31.097000 
54.492900, -111.069300, 27.410000 
54.491200, -111.041400, 24.194000 
54.515500, -111.014800, 35.339000 
54.516600, -111.047600, 30.787000 
50.535200, -110.136200, 37.254000 
52.538200, -111.224500, 21.389000 
52.563000, -112.952700, 53.905000 
52.139300, -112.941700, 28.073000 
52.589400, -112.796200, 20.061000 
52.032600, -113.030700, 39.084000 
52.015800, -113.028500, 59.207000 
51.980200, -113.005700, 39.084000 
51.254100, -112.988400, 59.260000 
51.181500, -113.008000, 45.214000 
53.872400, -116.770300, 21.844000 
50.083100, -110.049100, 23.090000 
50.854000, -112.275400, 27.884000 
52.270600, -114.417000, 43.685000 
52.124600, -112.416300, 20.296000 
52.226200, -114.325900, 38.427000 
55.765000, -119.574200, 79.592000 
51.531100, -113.276200, 41.962000 
51.637700, -113.430800, 83.884000 
51.642400, -113.334300, 57.596000 
54.031500, -117.113100, 153.548000 
54.184600, -117.246000, 36.965000 
55.841200, -116.755400, 42.353000 
53.740700, -114.864400, 22.541000 
55.864300, -117.035000, 31.841000 
56.256400, -118.059700, 42.205000 
56.151600, -117.919500, 58.951000 
54.006600, -119.105500, 965.750000 
55.845100, -119.288300, 25.694000 
53.248700, -115.388000, 86.349000 
55.056600, -118.766200, 34.769000 
55.729100, -112.098000, 96.739000 
55.744100, -112.484600, 29.964000 
54.944400, -118.828000, 36.693000 
55.778500, -112.491600, 29.964000 
55.492400, -118.068200, 739.212000 
53.372200, -113.771800, 24.915000 
53.728400, -115.602500, 75.684000 
55.158200, -116.113700, 21.160000 
51.465100, -112.516000, 77.838000 
51.530200, -112.136700, 61.758000 
55.663000, -115.240100, 25.830000 
51.266400, -111.044600, 49.717000 
54.743500, -119.073300, 48.361000 
54.702200, -118.777800, 25.573000 
54.760400, -118.889100, 21.433000 
53.110700, -115.205400, 47.698000 
52.626700, -114.603400, 20.278000 
56.992500, -112.228600, 21.685000 
51.815600, -112.455500, 74.564000 
54.503700, -115.487800, 35.260000 
51.902400, -114.341300, 22.100000 
51.491800, -113.542600, 30.260000 
52.887100, -111.020600, 31.675000 
53.433700, -115.988400, 50.060000 
53.444500, -115.921100, 56.941000 
52.630200, -114.903300, 26.238000 
52.706800, -112.747100, 25.284000 
52.711800, -112.958700, 24.102000 
55.395900, -118.878200, 25.643000 
52.888600, -113.788000, 20.964000 
52.618800, -112.147700, 35.451000 
51.993100, -113.045100, 28.902000 
55.932000, -112.051600, 20.638000 
50.185900, -114.523500, 24.350000 
54.189400, -117.367300, 24.341000 
53.226700, -114.034400, 189.023000 
51.581900, -113.838600, 22.609000 
54.132000, -115.547000, 21.364000 
51.581700, -113.838000, 30.775000 
51.929000, -112.774100, 22.757000 
54.445700, -117.688400, 61.387000 
52.723200, -115.493000, 23.560000 
54.196180, -119.137859, 64.287000 
54.359240, -116.152510, 35.594000 
54.670697, -119.218295, 32.771000 
