53.288500, -110.018300, 0.008000 
50.747700, -114.494700, 0.491000 
54.952700, -119.195300, 0.491000 
54.572300, -115.522900, 0.014000 
54.596400, -110.395000, 0.752000 
55.335900, -119.223000, 0.561000 
50.647500, -113.772000, 0.104000 
54.194400, -116.632200, 2.148000 
53.245000, -115.674300, 0.280000 
53.746900, -113.164500, 0.254000 
51.742300, -114.134500, 1.102000 
52.959300, -115.893800, 2.102000 
52.776100, -115.660700, 0.240000 
52.758100, -114.111600, 0.111000 
52.226300, -115.177000, 0.797000 
49.720100, -112.781900, 21.287000 
53.559200, -113.388800, 0.010000 
55.725100, -119.399900, 0.288000 
52.308300, -113.550000, 0.829000 
51.191300, -113.940900, 2.140000 
49.305200, -114.000300, 1.819000 
51.965500, -114.753600, 2.053000 
56.380600, -116.795000, 3.400000 
53.652000, -116.099200, 1.251000 
54.423300, -117.760400, 2.623000 
57.003300, -111.466100, 2803.170000 
57.040500, -111.619200, 134.432000 
50.982200, -113.974200, 0.043000 
53.570000, -113.611400, 0.034000 
51.570800, -114.851700, 0.460000 
53.795900, -113.099600, 6.239000 
53.804200, -113.082400, 0.050000 
50.983000, -113.988400, 11.343000 
53.541700, -113.391700, 9.988000 
53.181200, -115.762500, 0.014000 
54.833300, -118.646700, 0.526000 
54.524700, -116.794300, 0.178000 
52.553700, -111.694000, 0.012000 
54.130900, -115.546700, 0.021000 
53.550500, -113.358900, 40.923180 
58.555500, -118.915900, 0.274000 
51.526000, -113.880000, 0.128000 
51.696900, -114.475000, 0.244000 
53.531993, -113.364925, 0.015000 
54.772900, -110.579000, 0.812000 
54.185400, -116.210400, 2.293000 
51.400100, -114.034300, 0.540000 
54.427200, -116.884300, 2.236000 
53.132300, -115.981700, 0.642000 
52.035300, -115.137700, 0.048000 
54.510900, -115.511700, 0.343000 
53.340200, -113.538100, 0.113000 
51.078650, -114.017660, 0.169000 
55.041500, -119.631000, 0.158000 
51.005290, -114.058570, 4.988000 
49.628100, -114.571900, 0.075000 
57.546300, -119.112600, 0.561000 
53.250200, -115.555500, 0.430000 
55.489100, -119.750800, 0.008000 
53.557500, -116.547200, 0.725000 
59.063100, -118.875700, 0.024000 
53.817200, -113.133600, 0.026000 
51.000700, -113.965670, 3.225000 
53.950900, -113.088100, 0.005000 
53.670500, -115.762200, 0.013000 
52.172000, -114.599000, 0.002000 
53.616600, -115.711100, 0.044000 
53.170200, -114.975000, 0.005000 
50.543800, -111.795000, 0.002000 
55.833000, -119.470000, 0.001000 
53.745000, -110.810800, 0.003000 
53.902300, -115.189300, 0.696000 
52.674300, -111.311600, 0.153000 
53.286400, -110.017800, 0.011000 
52.656700, -111.311900, 0.015000 
54.420500, -110.213100, 0.002000 
57.351700, -111.522200, 0.015000 
50.959200, -113.981200, 0.270000 
53.527200, -113.354800, 0.482000 
50.967800, -113.969900, 0.016000 
53.544400, -113.366200, 0.043000 
56.981400, -111.475800, 0.130000 
53.543100, -117.797900, 0.066000 
52.588100, -111.206100, 0.048000 
50.963600, -113.976680, 1.142000 
53.530040, -113.402010, 1.176000 
53.282300, -113.542000, 0.001000 
50.129400, -111.908400, 0.047000 
57.590100, -117.531700, 0.538000 
53.159500, -114.902800, 0.109000 
55.309200, -119.205800, 0.204000 
53.024700, -115.531100, 0.303000 
53.574200, -116.646900, 0.303000 
53.866900, -110.644900, 0.144000 
54.416000, -115.636200, 0.241000 
52.050100, -112.728300, 0.303000 
58.601100, -118.787200, 0.218000 
54.387000, -116.966700, 0.252000 
53.388600, -115.315800, 0.103000 
50.653300, -111.166100, 0.067000 
56.215000, -110.968100, 0.074000 
59.641800, -118.307800, 0.231000 
53.499900, -113.418000, 0.570000 
52.292200, -113.816900, 0.343000 
49.449200, -111.616700, 0.024000 
49.372800, -110.672500, 0.001000 
52.370000, -114.375800, 0.001000 
52.272100, -112.841400, 0.001000 
52.696100, -114.863800, 0.056000 
57.217500, -110.895000, 3.341000 
53.288900, -110.012000, 4.270000 
53.596200, -113.332100, 3.123000 
53.579500, -113.316800, 0.002000 
53.566800, -113.365000, 0.192000 
52.639900, -111.273500, 0.194000 
54.285000, -115.698200, 0.803000 
49.080000, -112.050000, 1.270000 
52.380000, -114.140000, 1.266000 
53.307000, -110.019000, 0.570000 
55.175000, -118.785400, 0.392000 
53.301700, -110.012600, 0.264000 
53.504100, -113.373300, 0.010000 
55.713300, -118.771000, 0.254000 
54.979700, -118.772700, 0.156000 
56.193600, -110.950600, 0.006000 
55.527900, -110.873800, 0.034000 
56.411700, -110.937600, 0.265000 
53.190400, -115.223500, 0.089000 
52.298600, -114.201500, 0.011000 
53.542800, -113.361400, 0.007000 
57.335400, -111.755600, 26.027000 
53.576900, -116.452400, 0.426000 
53.573700, -113.348400, 0.132000 
