53.733200, -113.175000, 0.002000 
52.146300, -115.330000, 170.588000 
50.747700, -114.494700, 98.836000 
54.194400, -116.632200, 95.687000 
53.746900, -113.164500, 8.067000 
51.742300, -114.134500, 20.440000 
52.776100, -115.660700, 58.374000 
52.758100, -114.111600, 2.059000 
52.226300, -115.177000, 35.872000 
55.725100, -119.399900, 9.599000 
51.191300, -113.940900, 27.228000 
53.733200, -113.486200, 0.850000 
49.305200, -114.000300, 236.500000 
51.039600, -114.559000, 107.200000 
51.965500, -114.753600, 292.734000 
57.003300, -111.466100, 44.526000 
57.040500, -111.619200, 110.991000 
51.570800, -114.851700, 82.390000 
53.181200, -115.762500, 12.241000 
51.219500, -114.645400, 13.842000 
53.204500, -116.811200, 110.752000 
53.550500, -113.358900, 12.335000 
51.526000, -113.880000, 17.847000 
54.185400, -116.210400, 84.315000 
54.427200, -116.884300, 157.350000 
53.132300, -115.981700, 49.406000 
57.546300, -119.112600, 1.088000 
53.557500, -116.547200, 37.001000 
52.327100, -112.718300, 13.161000 
52.228400, -114.397700, 1.330000 
57.298900, -111.503300, 10.140000 
