53.582300, -113.588600, 0.877000 
53.571700, -113.349800, 6.593000 
57.003300, -111.466100, 8.031000 
53.593060, -116.390300, 60.758000 
53.804200, -113.082400, 0.682000 
50.845800, -113.586700, 3.360000 
50.086600, -110.716700, 6.522000 
51.400100, -114.034300, 3.617000 
54.238200, -115.379700, 58.100000 
55.029800, -118.744000, 14.989000 
50.583700, -113.871100, 62.395000 
51.000700, -113.965670, 0.004000 
53.501040, -113.489732, 13.108000 
53.737500, -113.149000, 0.023000 
52.942400, -113.511100, 0.249000 
53.190400, -115.223500, 3.317000 
56.113500, -111.829300, 1.853000 
