55.996700, -118.533600, 47.251000 
53.539700, -113.409200, 310.800000 
56.377200, -117.175600, 1758.921000 
53.833100, -113.108900, 12.480000 
53.344000, -114.305000, 4646.154000 
53.733200, -113.175000, 1146.276000 
53.288500, -110.018300, 60.994000 
52.146300, -115.330000, 190.668000 
50.747700, -114.494700, 858.283000 
54.952700, -119.195300, 106.407000 
53.421300, -113.904400, 73.100000 
53.952700, -113.078000, 182.577000 
54.572300, -115.522900, 67.188000 
54.596400, -110.395000, 2279.960000 
55.335900, -119.223000, 30.334000 
50.647500, -113.772000, 32.257000 
54.194400, -116.632200, 237.852000 
53.245000, -115.674300, 66.240000 
53.746900, -113.164500, 25.290000 
53.718500, -113.183000, 0.044000 
54.144400, -115.691700, 35.000000 
49.789400, -112.126100, 276.449000 
54.179100, -115.806000, 20.640000 
52.564700, -112.141400, 614.794000 
51.531700, -111.786100, 577.547000 
54.007100, -119.104000, 137.270000 
51.742300, -114.134500, 61.943000 
52.496000, -114.988000, 57.109000 
50.675600, -110.025000, 16.570000 
53.529100, -113.387500, 560.987000 
53.571700, -113.349800, 102.435000 
52.959300, -115.893800, 105.740000 
52.463000, -114.346500, 62.350000 
51.637200, -112.866000, 76.712000 
52.776100, -115.660700, 78.150000 
52.758100, -114.111600, 716.570000 
52.226300, -115.177000, 215.470000 
58.500000, -119.416700, 73.240000 
53.559200, -113.388800, 0.246000 
52.940400, -114.832300, 217.530000 
55.725100, -119.399900, 288.628000 
52.308300, -113.550000, 671.711000 
49.713599, -112.796397, 12.240000 
51.191300, -113.940900, 426.041000 
53.733200, -113.486200, 22.303000 
49.305200, -114.000300, 79.740000 
51.039600, -114.559000, 230.000000 
51.965500, -114.753600, 161.332000 
56.380600, -116.795000, 153.280000 
53.722900, -113.174000, 1.100000 
53.721700, -113.191700, 190.580000 
53.841600, -113.097900, 597.160000 
53.652000, -116.099200, 64.273000 
54.423300, -117.760400, 109.253000 
57.003300, -111.466100, 3221.268000 
57.040500, -111.619200, 7973.224000 
53.560000, -114.486200, 344.136000 
53.508500, -114.557100, 2152.432000 
53.448700, -114.449100, 817.299000 
52.385800, -113.595000, 126.509000 
51.181625, -114.472100, 2.035000 
52.033030, -113.938910, 134.001000 
53.227700, -114.988900, 101.395000 
53.593060, -116.390300, 509.928000 
51.570800, -114.851700, 34.631000 
55.071200, -118.691200, 706.121000 
53.795900, -113.099600, 445.220000 
53.804200, -113.082400, 180.467000 
53.413300, -117.570600, 881.089000 
50.845800, -113.586700, 976.620000 
53.541700, -113.391700, 1177.505000 
53.181200, -115.762500, 233.851000 
51.219500, -114.645400, 486.634000 
50.805300, -110.034900, 451.458000 
54.833300, -118.646700, 113.493000 
54.524700, -116.794300, 383.084000 
52.553700, -111.694000, 28.324000 
54.130900, -115.546700, 25.960000 
53.204500, -116.811200, 100.278000 
51.086700, -114.008800, 9.602000 
50.086600, -110.716700, 629.198000 
53.550500, -113.358900, 1610.027000 
51.526000, -113.880000, 306.307000 
51.696900, -114.475000, 371.404000 
55.248100, -114.514000, 145.910000 
53.531993, -113.364925, 101.750000 
54.772900, -110.579000, 2156.698000 
54.185400, -116.210400, 167.830000 
51.400100, -114.034300, 163.298000 
53.757500, -113.149900, 42.214000 
51.984500, -114.743800, 30.161000 
54.427200, -116.884300, 175.040000 
53.132300, -115.981700, 41.510000 
55.913200, -115.150400, 28.222000 
52.035300, -115.137700, 208.845000 
54.510900, -115.511700, 139.859000 
53.283800, -110.031900, 24.076000 
50.061200, -110.723000, 3.090000 
55.481900, -119.059200, 49.357000 
51.789600, -114.702800, 4.047000 
53.725400, -113.193000, 268.600000 
55.029800, -118.744000, 714.165000 
55.041500, -119.631000, 648.564000 
55.273300, -114.599700, 24.552000 
49.628100, -114.571900, 40.300000 
57.546300, -119.112600, 133.940000 
55.040000, -115.475800, 228.570000 
50.597600, -111.881800, 36.899000 
50.583700, -113.871100, 54.031000 
53.250200, -115.555500, 22.034000 
55.489100, -119.750800, 289.147000 
53.581600, -113.599100, 695.563000 
55.876700, -119.301100, 228.184000 
51.222500, -114.495600, 249.472000 
53.557500, -116.547200, 143.025000 
59.063100, -118.875700, 102.737000 
53.817200, -113.133600, 51.809000 
51.058900, -115.174500, 353.630000 
52.327100, -112.718300, 286.010000 
56.904200, -117.633600, 1451.710000 
53.670500, -115.762200, 396.754000 
53.723500, -113.173800, 93.133000 
53.908300, -118.816700, 939.000000 
50.058200, -110.728200, 20.077000 
54.133300, -115.366600, 86.314000 
52.827500, -110.859600, 0.076000 
53.099900, -115.316800, 247.800000 
53.527700, -113.392600, 3.899000 
55.074200, -117.274200, 66.612000 
58.194700, -116.350400, 2230.088000 
55.199400, -116.221900, 432.685000 
55.993500, -113.480500, 344.646000 
49.729139, -112.781105, 23.982000 
53.799100, -113.080700, 132.634000 
58.518800, -117.119500, 31157.229000 
54.139800, -115.689100, 9.700000 
54.587200, -112.803100, 2.800000 
53.902300, -115.189300, 69.410000 
53.740700, -113.023100, 486.300000 
52.212400, -113.843700, 205.650000 
52.228400, -114.397700, 386.919000 
51.189400, -113.937800, 167.034000 
53.593600, -113.335600, 56.770000 
57.298900, -111.503300, 875.060000 
53.345800, -111.251900, 23.680000 
50.040920, -110.721904, 12.032000 
50.664700, -113.784200, 22.960000 
49.801900, -113.104700, 102.720000 
53.622800, -115.869400, 15.230000 
50.269600, -112.893800, 139.630000 
53.652200, -113.716400, 16.090000 
54.846700, -112.567500, 156.479000 
52.308300, -113.550000, 3078.730000 
58.447100, -119.238300, 62.284000 
53.402700, -117.599300, 129.329000 
50.577200, -111.178100, 228.516000 
52.869000, -115.101000, 252.527000 
50.671900, -110.028900, 50.344000 
52.904700, -115.324700, 112.885000 
55.582700, -110.888800, 166.852000 
53.091100, -111.768600, 352.590000 
55.069600, -110.536100, 958.538000 
53.373100, -116.086000, 425.677000 
51.006900, -113.192800, 53.406000 
57.351700, -111.522200, 140.233000 
51.028800, -114.044800, 29.833000 
53.519600, -113.529000, 140.588000 
51.024500, -114.025000, 28.800000 
52.315900, -113.850000, 21.779000 
50.847000, -113.591000, 72.518000 
53.819400, -113.141900, 42.209000 
54.043500, -117.420000, 104.762000 
56.031400, -117.976100, 38.015000 
49.975700, -114.130000, 93.042000 
52.058000, -114.908000, 38.219000 
57.879100, -118.418300, 20.683000 
52.983100, -112.189800, 24.700000 
54.829600, -118.647000, 80.488000 
54.402000, -112.553000, 31.478000 
51.099300, -112.639000, 43.543000 
53.960200, -116.460000, 35.945000 
54.483500, -118.100000, 22.132000 
57.188000, -118.248900, 53.433000 
55.450900, -113.923000, 48.239000 
50.697800, -111.531000, 41.595000 
50.704600, -110.844000, 20.928000 
51.943400, -114.736000, 86.806000 
50.693800, -114.330000, 58.552000 
52.355300, -115.332000, 30.399000 
52.755200, -110.747000, 28.094000 
51.444300, -114.527000, 43.133000 
53.244500, -116.238000, 92.591000 
51.130700, -114.009000, 43.126000 
51.015020, -114.026480, 88.251000 
52.479300, -115.206900, 25.616000 
53.431000, -117.540600, 0.607000 
53.010600, -112.810000, 4.811000 
52.255700, -113.886000, 10.611000 
53.645100, -114.130200, 3.720000 
53.584100, -113.614400, 64.643000 
51.407800, -113.668300, 37.968000 
50.963300, -112.288300, 36.651000 
50.701100, -111.095600, 28.251000 
54.293100, -116.188300, 132.459000 
53.826700, -113.603300, 61.526000 
53.039700, -111.220000, 52.952000 
55.866700, -119.596700, 32.324000 
53.559040, -113.693580, 29.144000 
51.168600, -114.210900, 38.407000 
50.991500, -114.030100, 20.001000 
51.065300, -115.221100, 421.298000 
53.501040, -113.489732, 27.102000 
55.969400, -117.575600, 22.212000 
52.412900, -114.407600, 20.229000 
52.035400, -114.612700, 29.493000 
52.002900, -114.597700, 22.699000 
50.194700, -110.479700, 25.037000 
50.187500, -110.476900, 29.246000 
53.601900, -111.628700, 1279.889000 
53.152300, -111.076600, 28.294000 
55.141900, -118.464400, 22.325000 
52.843200, -111.722800, 184.677000 
53.607000, -112.592700, 125.655000 
53.537900, -111.785100, 232.540000 
53.635900, -112.019200, 241.557000 
55.931200, -112.047000, 114.693000 
54.687300, -111.944600, 87.913000 
54.658200, -111.622300, 67.446000 
51.209800, -110.161100, 124.717000 
51.213400, -110.336100, 46.105000 
52.308200, -114.096500, 74.644000 
52.322800, -114.020800, 42.691000 
51.649800, -110.187200, 96.133000 
52.926800, -111.889500, 58.374000 
52.923100, -111.882500, 29.199000 
51.770100, -111.422000, 90.127000 
51.791700, -111.536400, 175.251000 
52.555700, -111.805300, 165.142000 
52.402900, -111.844500, 44.303000 
56.036800, -113.782500, 119.676000 
52.402900, -111.736200, 155.778000 
55.644000, -114.659700, 503.583000 
55.513100, -113.475000, 50.092000 
55.858700, -113.841400, 75.527000 
54.897200, -117.708800, 244.412000 
54.218200, -110.712000, 27.812000 
54.101800, -114.292500, 117.518000 
55.225700, -114.493000, 104.312000 
55.247500, -116.641600, 88.923000 
54.359600, -116.152900, 39.820000 
54.229000, -110.348600, 26.792000 
54.210700, -110.241900, 95.475000 
54.174300, -110.298300, 55.426000 
54.025400, -110.681200, 42.339000 
54.056020, -110.357560, 22.646000 
54.113300, -110.564600, 41.033000 
54.221800, -110.584200, 186.725000 
54.062600, -110.292200, 24.481000 
54.479800, -110.332600, 42.449000 
53.277900, -110.034300, 57.231000 
53.883400, -110.041100, 230.764000 
53.821500, -110.035000, 20.798000 
50.471500, -111.606500, 21.358000 
50.227500, -113.548200, 145.038000 
50.937000, -113.292700, 50.403000 
52.908400, -112.435300, 63.158000 
53.155900, -112.326700, 301.997000 
53.072300, -112.400100, 27.129000 
52.366800, -112.136500, 24.496000 
54.298200, -112.824300, 38.774000 
56.091500, -111.817800, 89.374000 
55.991165, -112.032320, 84.554000 
55.869500, -112.001200, 179.000000 
55.924000, -111.896500, 175.093000 
55.873200, -112.145400, 65.417000 
55.978700, -112.217400, 21.389000 
55.978700, -112.354900, 21.389000 
52.923200, -115.107500, 186.030000 
52.779800, -113.629900, 102.142000 
52.774000, -113.520700, 56.814000 
52.857600, -113.320700, 31.673000 
53.345100, -114.743600, 88.066000 
52.872000, -113.629900, 44.518000 
52.868400, -113.666300, 69.345000 
52.104500, -113.077400, 57.305000 
52.592000, -113.967900, 81.942000 
52.322800, -114.020800, 162.196000 
52.373700, -114.076000, 105.359000 
58.568700, -119.201500, 93.010000 
55.985900, -119.955800, 35.156000 
55.767500, -119.588100, 31.700000 
54.138100, -111.908300, 128.588000 
53.890700, -117.354000, 200.047000 
55.728600, -119.775000, 21.254000 
55.396400, -119.599700, 84.374000 
53.796100, -111.941900, 24.824000 
50.129400, -111.908400, 91.806000 
54.494400, -115.957600, 44.119000 
53.927000, -114.376900, 21.143000 
54.650900, -114.528900, 32.380000 
54.338200, -114.060400, 51.560000 
54.530800, -112.920000, 22.522000 
55.116400, -116.712300, 7.118000 
52.544800, -110.713600, 138.286000 
58.943200, -118.916800, 72.389000 
59.067000, -118.875900, 27.585000 
59.005100, -119.033200, 78.019000 
57.364000, -119.763000, 25.768000 
52.746800, -112.988000, 22.811000 
52.588400, -113.161800, 53.470000 
52.144400, -115.535000, 48.660000 
52.180900, -112.647600, 180.572000 
52.549700, -112.579400, 108.510000 
51.893700, -114.400400, 226.619000 
52.480900, -114.870200, 137.343000 
52.395700, -115.188900, 39.868000 
52.199300, -114.564900, 57.664000 
52.544800, -114.641600, 142.271000 
52.319300, -111.477600, 176.148000 
52.235700, -111.788100, 68.391000 
52.220900, -111.937300, 86.557000 
51.955400, -111.845300, 51.295000 
51.977300, -111.173400, 15.301000 
52.446500, -111.272700, 11.416000 
52.515700, -113.173800, 537.798000 
49.871100, -112.913700, 83.040000 
52.512000, -112.999300, 45.900000 
52.366500, -113.191800, 32.827000 
52.515700, -113.366300, 27.636000 
52.104400, -110.695000, 283.247000 
52.028200, -110.564700, 22.529000 
51.977300, -110.486900, 25.800000 
52.264500, -110.570500, 75.931000 
50.737400, -112.084900, 26.349000 
54.162500, -112.841800, 99.216000 
50.704300, -111.155300, 345.821000 
50.518700, -111.910900, 30.736000 
50.838700, -111.520100, 193.609000 
50.977000, -111.683100, 92.395000 
50.922300, -111.391500, 62.450000 
51.300700, -112.042600, 43.392000 
57.299000, -118.228900, 96.245000 
52.166500, -113.256300, 233.092000 
54.796400, -117.658000, 47.014000 
52.286500, -114.123200, 60.571000 
54.785300, -117.658000, 489.162000 
52.457600, -114.419100, 90.777000 
55.494700, -119.289500, 50.433000 
54.290800, -116.918700, 116.233000 
51.488700, -113.153900, 340.084000 
53.416800, -113.917700, 71.374000 
53.941500, -113.664600, 15.324000 
53.179500, -111.779500, 14.610000 
57.189700, -119.054800, 20.834000 
53.821500, -113.490400, 143.846000 
56.964500, -117.007100, 215.634000 
52.366500, -112.734900, 21.478000 
56.957000, -115.350900, 5.977000 
53.861500, -114.756100, 24.167000 
51.591800, -110.750000, 96.631000 
51.333400, -110.667500, 146.775000 
51.959000, -110.767500, 33.252000 
51.425100, -110.513800, 78.229000 
56.727900, -116.305700, 24.035000 
51.413400, -111.766500, 20.838000 
51.254200, -110.402700, 86.274000 
51.911800, -114.512900, 29.805000 
52.068200, -114.546800, 40.491000 
51.919000, -114.394600, 40.383000 
51.897200, -115.040200, 39.733000 
51.948100, -115.081600, 25.888000 
52.093600, -115.143800, 19.633000 
52.090000, -115.161600, 20.229000 
52.064400, -115.131800, 24.417000 
51.828100, -114.980700, 29.239000 
53.912600, -116.745100, 15.982000 
54.207000, -117.169300, 44.790000 
57.338900, -119.657100, 177.833000 
57.193700, -118.199700, 40.336000 
57.502800, -118.745700, 35.384000 
57.393600, -118.555300, 22.979000 
57.338900, -118.460000, 34.465000 
55.352900, -110.627800, 167.421000 
55.396500, -110.737300, 122.539000 
55.691200, -111.275900, 309.501000 
54.436200, -111.205100, 45.710000 
55.694100, -113.599400, 20.717000 
55.509300, -114.146900, 25.777000 
55.585600, -117.891600, 117.232000 
54.647200, -119.332000, 65.478000 
54.607200, -119.332000, 20.268000 
54.720000, -119.110600, 53.697000 
54.829200, -119.668600, 28.806000 
52.544800, -114.545200, 174.115000 
52.184500, -114.737900, 42.138000 
53.103200, -115.363400, 349.036000 
53.159500, -114.205700, 86.542000 
52.814000, -114.786000, 154.582000 
52.923200, -115.156100, 31.115000 
52.140800, -115.060200, 34.768000 
52.708400, -115.428900, 285.332000 
53.101200, -114.761900, 56.658000 
53.257600, -115.507800, 104.934000 
53.610600, -117.695900, 398.988000 
53.625000, -117.782300, 142.368000 
54.450800, -117.228100, 115.339000 
53.909800, -115.787800, 36.265000 
53.828700, -115.943000, 110.343000 
53.366700, -116.022500, 98.319000 
53.326800, -116.168000, 108.022000 
53.534300, -116.333900, 50.714000 
49.616400, -112.472000, 40.940000 
49.958300, -113.556600, 166.638000 
53.076000, -111.299800, 105.041000 
53.035900, -111.403600, 32.983000 
53.777900, -115.974200, 134.170000 
53.777900, -115.769200, 33.942000 
54.130700, -115.765300, 51.030000 
54.887200, -119.828100, 50.580000 
55.010800, -119.865000, 39.186000 
54.985600, -119.828100, 155.631000 
57.742220, -119.995050, 50.168000 
57.724400, -119.980900, 53.291000 
57.480800, -119.160100, 31.698000 
55.979700, -119.426100, 49.180000 
57.399800, -119.513100, 22.733000 
57.418900, -119.561200, 142.323000 
51.065100, -114.130500, 38.020000 
51.180450, -113.937280, 54.876000 
53.013900, -116.258600, 30.671000 
52.703800, -114.572500, 36.139000 
52.064400, -114.271400, 58.601000 
52.999100, -112.971000, 22.507000 
54.130600, -119.218900, 172.724000 
54.439300, -119.655000, 27.073000 
54.459900, -119.717000, 106.980000 
52.013600, -112.986700, 23.490000 
54.894400, -111.813900, 21.583000 
55.069400, -113.313900, 37.681000 
53.499300, -116.805300, 77.993000 
50.718600, -111.322200, 45.242000 
54.152500, -111.588600, 103.582000 
57.004500, -113.188600, 70.221000 
57.485900, -113.793100, 31.477000 
54.560100, -112.399900, 22.404000 
51.449700, -111.571700, 30.239000 
54.257200, -112.373600, 27.112000 
54.855000, -118.521900, 22.054000 
56.135000, -113.028300, 23.568000 
56.891000, -112.671500, 43.783000 
56.134800, -113.201300, 273.564000 
55.597300, -111.770600, 21.800000 
55.121400, -114.159100, 27.577000 
53.997000, -111.569200, 187.248000 
54.612500, -118.214300, 92.697000 
53.215900, -116.497000, 34.387000 
55.631500, -112.189600, 38.600000 
55.949600, -110.624000, 22.719000 
50.567300, -111.213500, 42.552000 
53.868700, -110.202400, 23.098000 
52.155600, -113.529700, 44.939000 
53.770600, -117.601400, 42.550000 
55.968000, -113.369300, 25.600000 
53.583000, -116.842000, 183.817000 
55.152800, -112.974700, 32.217000 
56.199000, -110.675100, 23.753000 
50.047200, -113.556900, 20.369000 
50.511400, -111.289400, 23.477000 
56.622700, -119.946500, 87.017000 
54.410900, -112.260400, 27.826000 
51.460600, -112.652800, 96.760000 
51.468800, -112.609800, 22.930000 
51.468100, -112.688100, 21.823000 
54.206700, -116.766700, 16.020000 
54.159000, -116.757000, 19.280000 
51.971600, -112.630300, 27.368000 
51.315900, -113.428500, 37.638000 
52.202900, -112.677300, 32.444000 
52.613900, -112.805800, 37.100000 
52.544700, -112.902200, 26.940000 
51.691800, -112.224000, 27.284000 
51.225200, -113.612600, 87.210000 
54.896300, -118.487000, 91.986000 
55.993100, -119.771100, 139.009000 
55.265600, -114.601400, 44.638000 
54.037600, -116.698500, 59.038000 
53.388600, -115.315800, 40.120000 
55.698000, -118.137100, 87.318000 
50.973000, -113.852900, 30.677000 
50.544700, -113.991300, 40.835000 
50.758400, -113.665400, 22.587000 
50.006500, -114.146000, 20.559000 
50.635800, -113.633400, 30.677000 
50.609400, -113.706700, 23.705000 
50.496700, -113.403600, 66.399000 
50.397600, -113.925500, 304.588000 
50.677900, -113.715700, 43.350000 
56.556900, -119.363900, 28.592000 
53.664100, -116.201800, 20.898000 
53.706600, -115.976300, 71.914000 
52.598500, -114.400200, 56.820000 
50.521800, -113.913200, 75.630000 
50.653300, -111.166100, 33.621000 
50.576700, -112.630300, 120.559000 
50.158400, -112.136500, 30.961000 
52.926700, -113.998900, 42.057000 
51.024500, -111.642800, 103.848000 
51.552500, -111.490600, 194.563000 
51.176900, -112.055300, 215.508000 
51.915100, -113.373700, 86.752000 
52.358000, -114.324100, 59.702000 
52.091000, -112.761500, 35.020000 
51.637100, -112.865800, 44.527000 
52.743400, -114.113400, 75.067000 
52.337200, -115.123200, 22.648000 
52.851400, -114.046900, 37.353000 
51.137900, -111.577600, 48.889000 
52.010000, -113.601400, 50.937000 
55.781200, -114.307200, 128.571000 
52.265500, -114.517800, 60.017000 
53.825000, -115.556700, 236.586000 
53.216900, -116.358700, 35.959000 
55.245100, -119.689000, 41.446000 
55.519900, -119.349500, 64.507000 
57.066100, -114.777500, 19.560000 
53.967700, -110.122400, 30.166000 
52.260500, -113.816600, 119.813000 
52.366300, -114.963000, 167.714000 
56.930900, -115.252200, 98.538000 
55.883900, -117.462000, 36.927000 
49.729200, -114.427200, 59.524000 
55.800300, -117.813800, 49.329000 
55.145600, -114.118900, 31.835000 
54.388400, -110.949300, 52.963000 
55.640300, -118.502800, 48.089000 
55.917500, -119.835200, 56.926000 
56.281800, -119.166800, 21.756000 
53.884000, -110.206800, 27.055000 
55.819300, -118.998300, 39.324000 
54.348900, -119.463300, 30.054000 
55.429200, -113.618100, 21.249000 
54.033400, -117.756900, 91.308000 
54.965100, -119.306800, 30.463000 
52.140800, -112.157200, 30.304000 
56.347100, -119.190500, 35.998000 
55.895000, -118.317500, 38.241000 
51.495900, -114.210100, 33.516000 
50.202700, -110.661300, 45.349000 
50.336700, -110.135000, 46.280000 
50.294200, -110.593500, 34.636000 
50.191100, -110.259400, 54.172000 
53.337800, -111.243900, 44.230000 
52.090700, -112.766700, 19.540000 
55.862200, -119.589200, 127.968000 
56.098600, -119.288100, 98.824000 
55.945800, -119.805300, 223.877000 
55.943900, -119.923100, 58.949000 
52.268400, -113.351800, 219.080000 
50.955100, -112.697800, 42.943000 
50.995000, -112.801700, 78.881000 
50.965900, -113.030200, 28.659000 
51.013400, -112.907600, 37.229000 
51.115100, -112.960100, 50.592000 
51.122600, -113.164300, 34.309000 
51.217000, -113.977700, 73.052000 
51.006200, -113.176000, 53.683000 
51.020700, -112.948400, 68.115000 
50.278300, -111.468400, 40.772000 
50.289400, -112.007500, 124.615000 
50.274700, -111.847600, 47.134000 
50.238300, -111.939500, 31.423000 
50.438700, -111.284800, 613.295000 
50.413200, -111.755900, 26.113000 
50.485900, -111.451200, 55.247000 
50.536800, -112.031500, 27.593000 
50.656800, -111.410100, 92.515000 
50.671500, -111.695300, 275.370000 
50.998700, -112.464500, 54.733000 
51.126200, -112.359500, 295.154000 
51.304300, -112.653700, 138.982000 
51.275400, -112.906500, 65.689000 
51.402400, -112.918100, 126.737000 
51.075100, -112.231200, 20.136000 
51.042300, -112.254500, 24.573000 
51.060700, -112.412000, 25.940000 
51.147800, -112.621100, 30.705000 
51.129700, -114.767900, 65.678000 
51.151500, -112.703700, 29.242000 
51.177600, -112.785100, 23.755000 
51.322600, -112.542000, 80.338000 
51.307900, -112.712600, 27.642000 
51.322600, -112.918100, 32.395000 
51.319000, -112.965100, 28.282000 
51.406200, -112.347600, 49.284000 
51.377000, -113.041600, 28.282000 
51.424300, -112.994500, 43.809000 
51.420600, -113.052500, 32.633000 
50.675000, -111.762200, 229.323000 
50.802300, -111.902000, 228.489000 
50.795100, -112.017800, 213.743000 
50.893400, -112.174000, 223.716000 
50.842300, -112.463400, 116.926000 
50.915100, -112.451700, 622.739000 
50.627900, -111.965600, 107.522000 
50.635100, -112.237600, 48.160000 
50.700700, -112.110300, 62.616000 
50.707900, -112.353400, 72.106000 
50.711500, -112.394000, 332.270000 
50.755100, -111.786200, 30.649000 
50.809500, -111.693700, 110.906000 
50.867900, -111.936700, 109.262000 
50.860700, -112.035100, 72.777000 
50.864300, -112.353400, 113.688000 
50.835100, -112.538700, 23.442000 
50.977000, -112.242800, 105.700000 
50.889400, -113.406800, 203.587000 
51.264300, -113.205200, 29.597000 
51.380700, -113.229600, 91.195000 
51.402600, -113.247400, 242.880000 
50.984300, -113.444300, 37.457000 
51.075100, -113.409300, 115.982000 
51.078700, -113.537700, 31.446000 
51.177000, -113.438500, 82.971000 
51.264300, -113.403500, 75.042000 
51.359000, -113.352900, 64.601000 
50.103900, -112.700900, 54.916000 
49.030800, -111.052700, 28.056000 
49.038100, -111.158900, 42.866000 
49.205300, -111.037700, 213.674000 
49.358100, -111.375000, 20.556000 
49.758300, -110.479100, 107.543000 
55.520300, -119.315300, 30.712000 
57.840900, -117.867800, 23.954000 
57.931900, -117.835000, 259.606000 
58.164800, -117.427500, 20.018000 
58.081200, -117.635600, 299.735000 
58.248400, -117.455300, 24.061000 
57.808400, -118.093900, 155.863000 
58.030100, -118.399800, 35.486000 
56.222300, -112.706800, 88.379000 
54.854500, -111.802000, 21.451000 
54.949300, -110.622600, 109.257000 
54.970900, -110.750100, 37.304000 
55.047300, -110.577800, 423.794000 
55.102000, -110.507600, 20.442000 
55.232900, -110.698700, 60.521000 
55.218400, -111.316200, 22.146000 
55.309300, -110.480100, 47.568000 
55.294800, -110.795100, 178.051000 
57.266800, -114.892000, 43.096000 
57.251800, -112.498500, 31.058000 
57.240900, -112.620700, 33.543000 
57.542900, -112.226600, 27.831000 
51.409800, -113.094600, 39.316000 
50.740700, -112.324500, 89.675000 
50.096700, -111.110000, 40.279000 
50.165800, -110.841900, 43.983000 
50.165800, -111.052800, 119.937000 
50.187500, -111.052800, 39.474000 
50.187600, -111.167000, 77.282000 
50.223900, -110.761900, 719.273000 
50.223900, -110.899700, 131.927000 
50.224000, -110.037500, 372.524000 
50.398600, -110.503300, 266.400000 
50.573100, -111.177500, 307.727000 
50.700700, -110.478000, 365.777000 
50.700600, -110.772500, 185.977000 
55.363900, -119.760600, 41.235000 
55.443900, -119.522500, 21.796000 
55.378300, -119.760600, 37.789000 
52.574000, -115.393600, 136.770000 
52.701200, -115.392500, 22.672000 
56.095100, -113.448600, 1237.624000 
50.536900, -112.031500, 28.423000 
50.700700, -111.022200, 106.703000 
50.314700, -111.968400, 82.078000 
50.631500, -111.022200, 44.159000 
52.606500, -115.014400, 37.723000 
54.223000, -113.478600, 65.430000 
53.199500, -112.999300, 21.173000 
53.254000, -113.048200, 125.927000 
51.239700, -115.564600, 39.938000 
50.784300, -113.667400, 88.382000 
51.766200, -111.963700, 134.690000 
51.915400, -111.744500, 20.597000 
50.922300, -112.003700, 151.002000 
55.619600, -119.503300, 109.597000 
53.837900, -113.933100, 167.677000 
50.591500, -111.780300, 76.255000 
50.078300, -110.419700, 81.938000 
53.188700, -115.642200, 32.560000 
51.439000, -112.054500, 34.178000 
51.359000, -112.360100, 237.117000 
51.784500, -113.402700, 127.671000 
51.531300, -113.276300, 274.989000 
51.642600, -113.337700, 446.817000 
53.374300, -114.527900, 279.858000 
53.363200, -114.456300, 32.863000 
50.817000, -113.100200, 132.037000 
50.707900, -113.221600, 24.606000 
50.835100, -112.799000, 70.003000 
51.038600, -111.864000, 98.658000 
51.046200, -112.044500, 33.137000 
49.958300, -111.030000, 24.496000 
50.456800, -110.181600, 55.084000 
50.565900, -110.210200, 89.603000 
50.755100, -110.310200, 67.807000 
53.937900, -116.900400, 40.130000 
53.981500, -116.999800, 32.344000 
53.228700, -115.104400, 248.801000 
52.640400, -113.252100, 64.378000 
55.574700, -118.815800, 140.304000 
52.435700, -113.390400, 658.076000 
55.433300, -116.483200, 147.348000 
52.727800, -113.270100, 34.547000 
53.825100, -116.396900, 117.767000 
51.366200, -112.771200, 20.244000 
51.093400, -112.820100, 80.031000 
52.275700, -114.218800, 21.211000 
52.017300, -113.148800, 34.003000 
51.635400, -112.792600, 34.933000 
51.871800, -112.887600, 53.554000 
51.751800, -113.864600, 27.577000 
52.522800, -116.380000, 26.455000 
52.439300, -110.316400, 27.092000 
51.737300, -112.561700, 47.386000 
55.087300, -113.141000, 26.624000 
56.613100, -112.849000, 26.003000 
58.110400, -118.115600, 63.154000 
56.233200, -113.896400, 79.101000 
55.542000, -113.430800, 36.710000 
55.585700, -112.963500, 24.705000 
55.625700, -114.374200, 27.672000 
58.128400, -118.382100, 26.702000 
55.774800, -113.774700, 21.802000 
58.550400, -117.426700, 33.285000 
55.385700, -113.001600, 68.093000 
54.436100, -118.743800, 31.392000 
53.635900, -116.931800, 30.797000 
52.493600, -115.935000, 60.872000 
50.616800, -112.845300, 20.014000 
50.675000, -113.087500, 28.127000 
55.196500, -112.570400, 27.398000 
50.485900, -111.702200, 25.407000 
50.689500, -111.554800, 40.262000 
52.610400, -114.821800, 78.677000 
50.897000, -111.693700, 20.455000 
50.522300, -111.652300, 22.885000 
55.432900, -111.219800, 39.574000 
56.313200, -111.636200, 168.740000 
54.268900, -111.143600, 33.578000 
57.877200, -119.740900, 226.103000 
49.652800, -111.231900, 160.102000 
52.111800, -112.731200, 20.870000 
53.561500, -116.577900, 3210.380000 
50.707900, -110.813900, 29.717000 
50.299100, -112.185400, 42.585000 
52.079300, -111.012200, 32.006000 
56.560600, -119.031700, 63.894000 
53.392300, -115.316900, 37.010000 
53.392300, -115.310800, 39.230000 
52.042900, -114.588800, 97.160000 
52.543100, -114.280500, 21.310000 
53.213700, -114.714000, 80.560000 
53.026900, -114.766400, 40.118000 
52.759300, -115.531900, 104.090000 
50.693200, -113.672900, 77.458000 
51.388100, -110.772500, 101.940000 
51.209800, -113.141000, 41.000000 
52.362900, -113.534900, 93.940000 
50.627800, -111.287500, 19.580000 
53.727000, -115.607500, 16.930000 
52.130100, -110.116900, 44.260000 
56.276930, -119.875770, 76.367000 
52.326500, -114.515200, 29.196000 
54.963600, -117.670700, 156.676000 
52.966800, -111.131600, 44.021000 
53.032300, -111.293600, 31.914000 
50.165900, -110.089100, 156.561000 
52.559300, -115.213000, 25.096000 
54.538100, -119.066400, 36.959000 
56.833400, -113.112100, 35.826000 
55.847500, -111.358600, 24.055000 
57.200900, -112.905700, 123.305000 
55.996800, -110.822600, 27.900000 
59.641800, -118.307800, 79.759000 
54.418100, -116.362000, 38.603000 
52.337200, -114.195300, 2.650000 
54.232500, -116.611500, 22.005000 
54.792900, -115.521700, 41.010000 
54.458200, -115.641400, 18.530000 
58.081200, -117.828800, 45.132000 
53.090400, -115.245000, 227.130000 
53.254000, -114.437900, 131.630000 
53.181200, -114.486800, 72.337000 
59.601800, -117.409700, 115.473000 
54.844900, -115.332400, 34.404000 
52.650400, -115.080800, 33.322000 
53.173900, -114.884600, 223.559000 
57.851600, -119.158100, 22.952000 
50.271200, -110.376900, 169.064000 
50.307500, -110.502500, 48.563000 
50.282400, -110.468900, 20.401000 
50.453200, -110.204700, 47.760000 
50.318700, -111.261700, 24.834000 
50.340400, -111.302000, 116.124000 
50.267600, -111.330600, 112.857000 
53.134000, -115.678900, 50.139000 
53.148700, -115.746100, 50.696000 
52.541200, -115.170800, 111.228000 
52.439300, -115.044700, 72.724000 
52.461400, -114.346900, 240.901000 
52.570100, -114.533200, 70.023000 
53.064700, -116.436900, 51.730000 
53.039400, -116.406400, 42.147000 
53.163100, -117.017800, 246.024000 
53.021100, -116.363600, 23.779000 
51.377000, -114.814600, 29.523000 
52.806800, -114.640400, 78.651000 
57.042500, -111.905000, 250.880080 
51.806100, -114.998500, 60.116000 
51.773600, -114.874300, 22.005000 
53.752300, -117.099300, 305.120000 
50.311200, -110.296600, 31.059000 
51.581600, -113.840400, 43.515000 
50.583900, -113.302700, 31.119000 
50.736800, -113.325700, 41.430000 
55.603900, -119.347800, 20.792000 
52.843100, -115.604700, 23.702000 
50.296700, -112.433700, 24.388000 
50.013100, -112.393100, 47.788000 
52.774000, -114.501000, 9.600000 
52.766800, -114.489100, 37.700000 
52.730400, -114.525400, 0.650000 
49.088900, -112.414800, 0.790000 
52.206500, -113.465200, 0.207000 
49.467200, -110.779100, 0.278000 
52.774000, -112.914300, 29.920000 
54.385300, -118.624900, 54.258000 
54.760100, -113.815800, 112.597000 
54.672900, -114.212800, 0.567000 
54.654500, -114.092500, 0.680000 
54.763700, -113.938300, 0.893000 
53.283200, -115.324400, 0.187000 
58.368300, -118.990000, 97.634000 
58.255700, -119.187300, 37.690000 
50.889400, -114.761800, 809.800000 
49.229200, -114.029100, 20.747000 
49.488900, -113.955100, 29.305000 
52.088200, -115.689400, 131.460000 
51.135900, -114.144900, 30.170000 
51.599900, -115.356900, 256.822000 
51.635300, -115.139200, 76.209000 
53.272300, -114.725300, 24.593000 
53.305100, -114.878000, 11.964000 
52.584800, -112.500100, 16.462000 
53.879800, -113.627400, 108.261000 
52.621200, -112.211500, 162.761000 
53.279500, -111.587000, 1107.337000 
53.195900, -111.911200, 140.123000 
53.363200, -111.879500, 76.688000 
52.024500, -112.916300, 99.455000 
52.591900, -112.192500, 42.825000 
52.701200, -112.259500, 298.366000 
55.640300, -119.627000, 80.605000 
53.734200, -118.395600, 286.370000 
52.711900, -116.338600, 25.623000 
53.941500, -116.720100, 26.181000 
52.697500, -116.320300, 23.388000 
53.712300, -116.148900, 51.699000 
53.621500, -116.087200, 48.723000 
52.766700, -116.393000, 378.861000 
56.120300, -119.497500, 33.117000 
55.458300, -119.573900, 67.997000 
53.854300, -117.391200, 261.069000 
55.789500, -112.281800, 102.335000 
56.051400, -119.589200, 64.489000 
55.378300, -118.499700, 67.791000 
56.440600, -119.775700, 42.783000 
55.411100, -118.885600, 112.022000 
55.749400, -119.562000, 21.421000 
54.265300, -116.342000, 210.774000 
54.119800, -116.273100, 290.656000 
54.221800, -116.197900, 36.567000 
53.923400, -116.775900, 36.499000 
53.799800, -116.092200, 225.935000 
54.079700, -118.342700, 109.651000 
53.607000, -116.537300, 35.898000 
54.034500, -117.180900, 31.705000 
54.178700, -117.328400, 1086.866000 
53.711900, -117.052500, 62.871000 
56.314400, -119.873400, 88.979000 
53.918400, -117.297000, 188.206000 
54.341400, -116.301500, 82.352000 
54.600800, -116.039000, 35.145000 
56.223300, -119.570800, 98.375000 
52.989300, -114.157900, 200.930000 
52.874300, -110.428000, 81.202000 
52.870700, -110.268900, 22.003000 
52.830300, -116.272200, 375.447000 
53.006700, -116.852800, 85.387000 
53.323600, -116.995400, 85.104000 
53.022200, -116.520800, 204.901000 
52.682300, -114.392900, 44.162000 
52.958200, -114.679900, 76.270000 
52.969200, -116.692500, 673.357000 
53.002000, -110.993900, 36.872000 
52.874300, -110.162700, 37.385000 
55.117900, -112.737900, 41.685000 
53.117300, -110.803900, 62.982000 
56.364200, -119.934300, 206.267000 
55.305000, -118.914200, 26.348000 
55.341700, -118.914200, 30.611000 
55.504200, -118.945300, 60.682000 
55.338100, -118.536700, 20.715000 
50.168300, -112.299800, 44.267000 
50.013100, -112.611500, 333.244000 
56.851800, -115.208100, 64.641000 
52.792000, -112.562700, 20.594000 
52.031800, -112.629500, 32.083000 
59.103300, -119.918400, 21.253000 
54.352600, -111.821500, 25.895000 
53.970700, -115.744200, 59.199000 
53.484800, -115.607600, 246.839000 
53.385100, -115.612800, 364.801000 
53.290400, -115.831900, 148.445000 
52.180900, -113.083200, 216.957000 
54.512600, -111.717000, 29.428000 
54.527300, -112.930700, 60.749000 
55.058700, -111.895500, 23.522000 
55.382000, -111.760100, 41.409000 
54.348990, -110.766800, 35.098000 
55.174800, -112.281000, 85.748000 
54.778200, -113.963900, 19.750000 
54.367200, -110.503100, 35.580000 
54.224660, -110.514600, 50.472000 
54.465400, -113.221600, 119.961000 
54.162360, -115.733900, 714.345000 
53.778100, -117.552900, 20.939000 
54.545400, -114.794200, 68.013000 
50.354700, -112.370300, 22.572000 
50.398600, -112.847300, 79.840000 
50.154700, -112.461500, 41.080000 
55.072800, -116.975700, 48.732000 
51.828200, -111.774200, 28.844000 
51.686200, -110.666900, 18.226000 
52.937600, -114.270700, 21.657000 
53.017600, -114.370700, 40.199000 
56.218700, -116.251300, 17.793000 
54.105400, -117.526500, 541.747000 
54.858100, -119.770600, 72.692000 
52.446500, -115.249200, 34.250000 
54.225300, -118.305200, 52.221000 
52.279300, -110.081400, 48.245000 
53.952600, -117.559000, 117.374000 
57.502900, -116.505500, 30.682000 
54.050700, -117.720600, 21.094000 
55.950000, -110.601900, 20.097000 
52.601300, -115.221600, 28.196000 
57.087200, -112.899500, 39.588000 
56.007600, -113.402800, 162.851000 
54.054200, -118.308700, 70.638000 
51.559000, -112.471500, 21.823000 
51.551800, -112.483400, 22.319000 
53.977900, -116.751200, 26.100000 
50.744200, -110.130000, 60.800000 
50.896900, -110.633600, 85.164000 
50.824200, -110.859400, 56.688000 
49.972800, -110.755600, 106.591000 
50.084400, -110.607000, 34.079000 
49.988300, -110.914000, 61.021000 
50.022400, -110.743000, 84.426000 
51.020600, -111.402200, 66.127000 
50.093100, -110.732800, 159.802000 
50.136700, -110.732800, 60.355000 
50.533100, -112.444200, 113.890000 
50.159000, -110.667200, 37.867000 
53.590480, -116.172680, 158.092000 
50.111100, -113.482500, 68.003000 
50.187500, -112.153400, 20.269000 
52.159300, -112.749000, 28.300000 
51.984500, -112.784800, 62.920000 
52.050000, -110.420600, 35.477000 
51.580900, -112.977000, 31.413000 
51.599000, -113.029900, 62.838000 
51.624500, -112.952600, 233.583000 
51.700900, -112.852000, 156.387000 
51.515400, -112.953400, 21.876000 
52.555700, -114.449100, 64.169000 
52.512000, -114.394900, 93.336000 
52.490100, -114.232400, 28.281000 
52.537600, -114.292700, 95.837000 
55.232800, -119.355300, 22.700000 
55.251100, -119.426100, 34.137000 
55.269200, -119.490300, 30.813000 
55.225600, -119.072200, 26.277000 
52.759300, -114.125200, 163.239000 
52.543100, -114.280500, 44.918000 
52.384800, -114.382900, 27.623000 
52.803100, -115.665500, 24.567000 
52.468400, -114.328800, 102.787000 
51.395400, -111.331700, 62.262000 
52.650400, -115.429700, 26.013000 
52.748400, -115.513900, 24.567000 
52.028200, -113.572700, 67.287000 
51.973700, -113.572700, 31.185000 
51.930100, -113.538800, 122.472000 
52.035400, -113.614300, 69.008000 
55.367500, -119.220300, 32.693000 
53.836200, -115.620000, 27.964000 
52.915900, -114.006000, 78.604000 
52.944800, -114.264600, 51.298000 
51.795400, -113.456000, 28.507000 
51.813700, -113.621800, 80.391000 
52.220900, -114.630400, 33.224000 
53.843400, -114.146800, 22.731000 
54.956400, -119.783300, 136.497000 
53.779500, -118.486200, 44.353000 
56.271846, -111.498890, 2747.728000 
53.186800, -115.156400, 70.512000 
53.767000, -117.497000, 254.027000 
54.372300, -118.521700, 38.268000 
54.445300, -118.607600, 65.563000 
55.041200, -110.577800, 33.580000 
53.578344, -115.855642, 221.571000 
51.075100, -112.575300, 25.424000 
51.417000, -113.176800, 26.904000 
51.428200, -113.458800, 29.449000 
52.857600, -115.513900, 26.293000 
51.286200, -113.200200, 26.792000 
55.876800, -111.326700, 115.591000 
51.049800, -113.659900, 109.359000 
52.435700, -110.364700, 21.619000 
55.003700, -111.100600, 53.413000 
51.399000, -112.683100, 89.244000 
51.879000, -112.792600, 61.309000 
51.784500, -113.532900, 108.312000 
53.272300, -113.072700, 26.078000 
56.586100, -118.991700, 36.481000 
51.100700, -111.403100, 41.172000 
51.359000, -112.418700, 216.194000 
51.402600, -112.330600, 37.451000 
51.737300, -113.124300, 67.303000 
51.479000, -112.982800, 30.011000 
51.559000, -113.282700, 27.175000 
51.668100, -113.615000, 46.341000 
54.796400, -119.082000, 30.081000 
58.339500, -118.536800, 27.530000 
52.213700, -114.308200, 74.991000 
51.569700, -114.985200, 21.818000 
50.555100, -112.623100, 20.417000 
50.431200, -111.589200, 25.553000 
52.397600, -114.040600, 31.948000 
57.564400, -119.521200, 53.041000 
58.011900, -119.480700, 85.038000 
52.890400, -114.246600, 39.385000 
56.506100, -119.432000, 368.041000 
50.995300, -113.973800, 0.008000 
52.942400, -113.511100, 82.857000 
51.879000, -113.367100, 58.050000 
52.086500, -112.754800, 51.220000 
51.900900, -111.608400, 161.752000 
52.290100, -112.963800, 21.021000 
58.630400, -119.058200, 23.538000 
51.369700, -114.985200, 63.184000 
51.388200, -114.808800, 41.769000 
52.671900, -114.615300, 21.701000 
54.166900, -118.486900, 88.250000 
51.489800, -112.888700, 65.900000 
53.847000, -113.981600, 0.910000 
52.235800, -113.377700, 4.710000 
52.217300, -113.387700, 1.080000 
52.111800, -114.481300, 0.267000 
52.828400, -114.386000, 0.183000 
54.668900, -117.651600, 30.993000 
52.192000, -114.111300, 129.496000 
53.374300, -111.809800, 99.455000 
53.363200, -112.039500, 122.990000 
51.671700, -112.507500, 67.132000 
52.039300, -112.987700, 69.133000 
53.134000, -111.850100, 492.035000 
52.282900, -113.113200, 81.294000 
57.217500, -110.895000, 997.611000 
53.454300, -117.159800, 30.168000 
50.556100, -114.236300, 19.135000 
53.890700, -117.465900, 32.237000 
56.666700, -111.345100, 202.907000 
56.055100, -115.366500, 68.013000 
52.039300, -111.376500, 40.134000 
53.486800, -114.330700, 70.276000 
52.875700, -111.422500, 180.241000 
50.184300, -110.508300, 35.477000 
52.224800, -113.025700, 32.428000 
52.053700, -112.150800, 28.084000 
55.835800, -114.697100, 121.530000 
51.948100, -113.711300, 77.409000 
52.555900, -113.042600, 26.435000 
51.727500, -113.819000, 150.362000 
52.604900, -113.196300, 42.545000 
53.885300, -117.178700, 37.970000 
57.382700, -118.979400, 62.507000 
53.154100, -116.460300, 62.683000 
51.659100, -111.311500, 27.678000 
50.993800, -113.990000, 16.901000 
55.201500, -119.881400, 141.211000 
52.098800, -112.852000, 86.122000 
59.237200, -119.885800, 83.001000 
51.505300, -112.475000, 21.823000 
51.668900, -111.378300, 28.830000 
55.554200, -119.760200, 91.403000 
52.725100, -113.169500, 33.206000 
55.434200, -114.550000, 69.027000 
57.211800, -118.010800, 154.353000 
53.841600, -113.326800, 42.795000 
53.834000, -117.912400, 55.218000 
54.938500, -119.446500, 41.056000 
54.957600, -119.199100, 38.842000 
53.914400, -117.573700, 468.615000 
53.987100, -117.351500, 276.911000 
50.571300, -112.146100, 58.971000 
51.411700, -113.285800, 36.592000 
50.442900, -111.857300, 68.147000 
50.509600, -112.002900, 32.671000 
49.535100, -111.112000, 24.404000 
51.280800, -112.818900, 40.367000 
55.058800, -110.529900, 20.088000 
55.460700, -119.982500, 24.529000 
54.172300, -118.334400, 24.073000 
52.081000, -113.597900, 33.774000 
52.657700, -112.281000, 20.806000 
53.783400, -112.339300, 40.157000 
51.557200, -113.402600, 27.759000 
52.561200, -112.312100, 20.848000 
50.698800, -110.500100, 25.055000 
50.683000, -111.548000, 40.194000 
52.841500, -116.035500, 105.554000 
50.624800, -111.588500, 66.921000 
52.867000, -116.253100, 43.754000 
51.993700, -113.123700, 27.693000 
51.865500, -112.954700, 34.647000 
52.095600, -113.147400, 22.029000 
54.412200, -110.336100, 20.542000 
49.119100, -113.761500, 217.755000 
51.364000, -110.285900, 32.177000 
55.193600, -113.035100, 53.342000 
50.723300, -112.789100, 49.448000 
50.730600, -112.887200, 30.407000 
50.326300, -110.328500, 67.601000 
52.968900, -116.688300, 20.363000 
52.867000, -116.549200, 31.090000 
53.143200, -116.923400, 92.047000 
52.943400, -116.742600, 21.952000 
50.155700, -114.453300, 260.466000 
54.423700, -119.349700, 36.430000 
51.508900, -113.453800, 34.035000 
54.830200, -118.652600, 27.335000 
52.706700, -113.896400, 100.349000 
52.837700, -114.403500, 50.224000 
50.486700, -112.917000, 154.007000 
52.747200, -114.415600, 7.550000 
52.546700, -115.260600, 67.748000 
53.477400, -117.026300, 54.346000 
53.703000, -117.234900, 80.260000 
52.168300, -114.088900, 32.932000 
52.094000, -114.737100, 35.615000 
58.781600, -118.602700, 28.195000 
58.963400, -118.361500, 20.836000 
53.332400, -111.451000, 171.560000 
50.505800, -111.201000, 35.539000 
51.135300, -111.523300, 72.304000 
53.608800, -113.005500, 73.907000 
53.332400, -111.548200, 106.914000 
53.245100, -111.596700, 79.564000 
53.326800, -111.488800, 79.564000 
53.303300, -111.451000, 111.887000 
53.230500, -111.863900, 72.105000 
53.376000, -111.830200, 72.105000 
52.585700, -116.036700, 25.877000 
53.870700, -116.166400, 102.696000 
56.486500, -114.120400, 39.572000 
54.452300, -114.874300, 83.536000 
54.353900, -114.811100, 23.970000 
52.764900, -114.957500, 210.791000 
52.881600, -111.343300, 32.514000 
52.941200, -118.043000, 127.527000 
52.293900, -110.691400, 99.008000 
53.175900, -115.271100, 310.172000 
55.160200, -118.818400, 408.593000 
53.707700, -116.435600, 26.256000 
53.419200, -113.882300, 61.059000 
53.559400, -113.347200, 194.700000 
56.850000, -119.836900, 34.312000 
54.590000, -114.830000, 53.818000 
53.571500, -117.045300, 235.548000 
55.392400, -119.134800, 21.039000 
55.160300, -116.162000, 35.922000 
50.701400, -111.554300, 199.299000 
52.068800, -114.330200, 31.950000 
51.570600, -113.688200, 194.103000 
51.680100, -113.935100, 81.689000 
51.723600, -113.616200, 133.038000 
51.770800, -113.622100, 492.470000 
51.640200, -113.710700, 50.142000 
52.408900, -114.417900, 20.961000 
56.733600, -115.284900, 30.350000 
55.698600, -119.715100, 81.957000 
52.361000, -113.819400, 6.499000 
52.549200, -113.840800, 17.037000 
49.720000, -113.500300, 20.995000 
53.599500, -111.416200, 13.897000 
54.215900, -117.410600, 37.878000 
52.195600, -112.141800, 26.401000 
52.359500, -112.845000, 20.794000 
53.484900, -116.921800, 28.947000 
53.666400, -117.259600, 23.844000 
52.530400, -112.934800, 166.431000 
56.007400, -119.073000, 23.231000 
52.240800, -114.909200, 30.890000 
50.973600, -112.711700, 102.265000 
57.340500, -119.621600, 44.345000 
50.866100, -113.650500, 37.746000 
56.584400, -119.410600, 79.914000 
50.393200, -113.828900, 142.866000 
50.698800, -113.558500, 66.626000 
51.557200, -113.110700, 32.347000 
50.320400, -113.087100, 100.226000 
53.652500, -115.989400, 43.510000 
52.525000, -115.173800, 25.311000 
52.419400, -115.029800, 50.954000 
51.578500, -112.916200, 37.040000 
53.735600, -115.701500, 22.507000 
49.959800, -113.546000, 48.498000 
52.459500, -114.304600, 93.482000 
57.662400, -119.822600, 127.986000 
52.681500, -113.121100, 67.173000 
54.323200, -110.925700, 41.725000 
54.183600, -110.802900, 24.334000 
54.278200, -110.006200, 51.996000 
54.252300, -110.014600, 27.665000 
56.620800, -119.463600, 25.160000 
55.000000, -119.000000, 28.136000 
58.686900, -118.870200, 34.275000 
54.740600, -113.931600, 0.056000 
54.723500, -113.921900, 0.374000 
54.055700, -117.243900, 257.518000 
53.761100, -117.349200, 233.939000 
53.655600, -117.081700, 497.997000 
52.581500, -113.048400, 31.213000 
50.501000, -112.223700, 42.799000 
51.727200, -113.196900, 25.268000 
51.669000, -113.119900, 24.297000 
55.311000, -119.932400, 30.813000 
52.072000, -113.073300, 24.330000 
52.526700, -111.459200, 21.821000 
54.171000, -118.334400, 241.783000 
50.963200, -113.380000, 86.494000 
50.485300, -111.171600, 165.053000 
50.448100, -110.574400, 77.031000 
51.989100, -113.452300, 43.693000 
50.485300, -111.449700, 44.667000 
51.294100, -112.668100, 21.483000 
50.837800, -110.928500, 22.752000 
55.071100, -119.032100, 44.054000 
53.596200, -113.332100, 152.850000 
52.689400, -114.862300, 25.855000 
52.437900, -113.858500, 121.173000 
54.342700, -110.328700, 186.740000 
54.769600, -111.904600, 44.012000 
51.077100, -112.426900, 21.386000 
51.710000, -111.488000, 22.765000 
54.128600, -116.928000, 59.678000 
53.272200, -111.781400, 29.436000 
54.197700, -116.761000, 447.191000 
56.528200, -114.071600, 26.397000 
56.524400, -113.464600, 108.931000 
53.812800, -110.003500, 43.927000 
50.423400, -112.788800, 70.215000 
54.285000, -115.698200, 56.923000 
52.881600, -116.573400, 42.325000 
51.465100, -113.512200, 22.380000 
51.359100, -114.788800, 25.921000 
51.436100, -114.961600, 33.474000 
53.161400, -116.973500, 27.810000 
53.768300, -116.915400, 41.490000 
53.761100, -117.367500, 43.060000 
51.982400, -113.307000, 27.290000 
51.878200, -113.359300, 44.420000 
52.124700, -113.677200, 51.110000 
52.223000, -113.659300, 34.060000 
52.041000, -113.576100, 61.320000 
51.958100, -113.565900, 30.690000 
51.787100, -113.335700, 54.510000 
52.718000, -114.022900, 150.519000 
51.869900, -113.092200, 1.840000 
52.790600, -114.549600, 1.580000 
53.034200, -115.290800, 38.011000 
52.514000, -115.042200, 20.386000 
56.337000, -119.240200, 26.307000 
56.256700, -119.626500, 73.507000 
52.277500, -112.862900, 50.593000 
52.557700, -115.977200, 27.588000 
55.343200, -119.464900, 35.923000 
54.175700, -119.534400, 78.151000 
53.837700, -116.708500, 21.299000 
52.295400, -115.825300, 547.419000 
52.739700, -116.506800, 87.277000 
57.288700, -111.886800, 20.060000 
54.387300, -114.753100, 75.270000 
51.950100, -112.805400, 32.234000 
54.525100, -116.796200, 22.061000 
54.125100, -116.816700, 43.806000 
49.901400, -111.097200, 21.294000 
49.984100, -110.041800, 30.230000 
52.583000, -113.734000, 119.307000 
52.579300, -113.513500, 40.980000 
52.868700, -113.142400, 54.730000 
53.007200, -117.327200, 7.178000 
55.998000, -118.532200, 151.996000 
54.863300, -119.001700, 78.714000 
54.352100, -119.460100, 23.094000 
54.116900, -110.214800, 167.235000 
54.029600, -110.788100, 27.431000 
51.665100, -113.763000, 49.712000 
51.814300, -113.763000, 78.763000 
51.767000, -113.703800, 47.338000 
54.197600, -116.685500, 84.010000 
53.066800, -115.412200, 178.681000 
51.887800, -114.647300, 24.258000 
53.793000, -110.546700, 22.216000 
57.007300, -113.188000, 55.384000 
57.171900, -119.914500, 25.107000 
54.830600, -118.682100, 22.066000 
54.416700, -118.735900, 124.635000 
52.960600, -115.259800, 72.636000 
52.830800, -115.141000, 56.124000 
53.106900, -115.936400, 32.212000 
54.154200, -117.560400, 34.413000 
52.335800, -114.346500, 24.851000 
53.064200, -115.935200, 20.314000 
57.309900, -119.751300, 115.090000 
53.064600, -116.671200, 27.370000 
54.752100, -119.602200, 118.356000 
53.032100, -111.245100, 20.337000 
56.193600, -110.950600, 286.694000 
53.348000, -115.995300, 142.181000 
53.704600, -116.405000, 42.154000 
57.329700, -119.660700, 27.483000 
54.404000, -118.882700, 127.259000 
53.299600, -115.223500, 28.415000 
54.449900, -118.882600, 28.234000 
53.519000, -118.083400, 141.713000 
54.074800, -117.553300, 37.396000 
54.496800, -118.990300, 21.036000 
54.715300, -119.505100, 41.318000 
53.085700, -116.114600, 37.746000 
53.958100, -116.372100, 25.878000 
50.233800, -113.660500, 29.776000 
52.535700, -114.546400, 20.081000 
54.643700, -119.376800, 31.930000 
53.828800, -115.889300, 20.841000 
55.052400, -119.453000, 150.976000 
54.833700, -119.425700, 58.930000 
54.674300, -119.438800, 89.503000 
52.552400, -112.880800, 31.106000 
53.892100, -110.134600, 30.571000 
50.395500, -112.521600, 89.250000 
53.272400, -110.593500, 33.810000 
54.501400, -111.070200, 47.738000 
54.497000, -111.021700, 67.106000 
51.912900, -113.627900, 79.653000 
54.506100, -111.058000, 52.492000 
55.527900, -110.873800, 291.135000 
50.690600, -111.046300, 22.034000 
54.226800, -118.628100, 54.710000 
52.494100, -113.324500, 20.756000 
55.148500, -110.723000, 27.231000 
51.130700, -112.932200, 52.864000 
51.348700, -113.658600, 45.191000 
51.057000, -113.703900, 39.694000 
51.348700, -113.031900, 39.598000 
51.308800, -113.341700, 53.045000 
51.225300, -112.769400, 27.184000 
50.469900, -111.859400, 20.693000 
52.621400, -113.684400, 33.299000 
52.053800, -113.251900, 24.050000 
55.692200, -119.529200, 62.580000 
52.950700, -115.878200, 32.730000 
55.666400, -110.714000, 298.427000 
52.446800, -113.622500, 24.998000 
56.411700, -110.937600, 630.108000 
54.856700, -119.333400, 35.103000 
53.623400, -116.858600, 59.850000 
53.019700, -112.193800, 24.268000 
55.247800, -115.069300, 34.350000 
55.248000, -115.083800, 23.050000 
55.219100, -115.073400, 28.560000 
55.225800, -115.084900, 23.944000 
55.248000, -115.084000, 30.923000 
55.227500, -115.057800, 40.819000 
55.233400, -115.069700, 175.550000 
51.936400, -114.183300, 3.950000 
53.193900, -115.291900, 105.347000 
53.054200, -114.935400, 180.719000 
52.594100, -114.879300, 56.226000 
51.898100, -113.567200, 48.971000 
50.235000, -110.391000, 57.701000 
51.815000, -114.931700, 32.758000 
54.198900, -119.052900, 31.570000 
52.591600, -115.347500, 49.298000 
56.173100, -116.199000, 44.696000 
54.323000, -110.250000, 93.460000 
54.656560, -119.915230, 36.423000 
54.411200, -111.948400, 21.747000 
52.801600, -116.463200, 169.058000 
52.969000, -116.688400, 145.501000 
55.720700, -119.616500, 26.101000 
54.095900, -116.615500, 20.135000 
50.073900, -111.951000, 26.526000 
54.441400, -116.121600, 79.071000 
53.221400, -111.531600, 55.686000 
53.579500, -116.138000, 31.299000 
53.176000, -115.272300, 182.560000 
55.662600, -111.257700, 212.563000 
53.184300, -115.488000, 38.357000 
53.975700, -117.287500, 84.970000 
55.397800, -119.592300, 25.137000 
53.997500, -117.349600, 28.683000 
55.997100, -113.473700, 73.883000 
51.716800, -114.642400, 283.273000 
55.608800, -118.003600, 50.811000 
53.812700, -114.728000, 4.792000 
55.640500, -117.119300, 224.342000 
53.791200, -114.612900, 38.028000 
55.489500, -118.325200, 54.384000 
55.201800, -117.914900, 24.546000 
52.052500, -112.201200, 21.375000 
50.243000, -113.608600, 59.466000 
55.234700, -116.555800, 22.125000 
55.145100, -116.211800, 53.779000 
55.848200, -111.961800, 65.628000 
52.884000, -111.721700, 53.157000 
52.483800, -114.282200, 26.940000 
53.085100, -114.693300, 0.780000 
53.391700, -115.151300, 23.460000 
52.144900, -113.180500, 39.621000 
57.197200, -118.794400, 20.162000 
56.277500, -116.798300, 26.511000 
49.940600, -112.407300, 37.445000 
56.753700, -115.281400, 30.350000 
53.190400, -115.223500, 74.642000 
52.255300, -115.039900, 20.289000 
53.499200, -116.805300, 47.394000 
53.892300, -117.336400, 23.634000 
54.612700, -118.213800, 43.880000 
55.645600, -119.436200, 33.600000 
53.870700, -111.379700, 32.200000 
55.543200, -119.024800, 32.179000 
54.234200, -111.691400, 44.605000 
56.197400, -114.525400, 26.216000 
54.760400, -113.959500, 23.600000 
55.721400, -112.263600, 20.300000 
50.399100, -113.681500, 31.162000 
50.289900, -113.394900, 66.983000 
50.876100, -113.686900, 83.552000 
50.568900, -113.628500, 40.663000 
56.113500, -111.829300, 231.934000 
53.048700, -115.077200, 67.372000 
52.042900, -113.579100, 40.806000 
52.758000, -114.107400, 269.684000 
53.107500, -116.763500, 146.219000 
51.984700, -113.311200, 20.403000 
54.140900, -116.995900, 77.002000 
51.959900, -113.562700, 20.405000 
52.950900, -115.104400, 242.016000 
53.212300, -116.990500, 94.884000 
53.153000, -116.286100, 57.240000 
54.287500, -115.992200, 21.701000 
54.054300, -117.165300, 34.791000 
54.856100, -119.688000, 31.951000 
53.066800, -116.228900, 31.332000 
54.029500, -117.010300, 36.288000 
54.724800, -119.092900, 25.013000 
52.983900, -115.025700, 44.871000 
55.286400, -119.178100, 21.536000 
54.699800, -119.048100, 31.951000 
54.033000, -117.758100, 21.946000 
54.743500, -119.048100, 32.144000 
51.934500, -113.332500, 39.991000 
52.390400, -114.376400, 27.716000 
53.450100, -116.033600, 161.127000 
51.879900, -113.362300, 39.991000 
52.490300, -112.964700, 20.583000 
50.442800, -111.519600, 52.852000 
53.492100, -116.191400, 30.714000 
53.827700, -116.388000, 62.204000 
53.608500, -115.435600, 33.631000 
54.946700, -119.715200, 37.844000 
54.061900, -117.748000, 45.936000 
54.302500, -118.644200, 99.069000 
56.177100, -113.058200, 31.423000 
52.017400, -113.424300, 20.194000 
54.886000, -110.466200, 60.764000 
54.975300, -110.354200, 31.678000 
55.413500, -119.835200, 56.314000 
52.739700, -115.715000, 31.734000 
54.062900, -117.782600, 51.807000 
53.436500, -115.989600, 31.619000 
51.396500, -114.028100, 34.699000 
54.830600, -119.662600, 131.195000 
50.898800, -110.483500, 29.087000 
53.924800, -117.299600, 6.354000 
56.063500, -118.088400, 36.720000 
55.907100, -116.809900, 27.536000 
55.767400, -117.517800, 31.077000 
55.562400, -117.052700, 23.235000 
55.281300, -114.425500, 22.296000 
50.861800, -114.767700, 23.664000 
55.748500, -112.560200, 65.081000 
55.022900, -118.573300, 84.717000 
54.345700, -118.405600, 24.742000 
53.742800, -116.692400, 72.948000 
52.732500, -115.225500, 80.539000 
53.653100, -116.834200, 20.940000 
55.239900, -115.083700, 26.860000 
52.283000, -113.222200, 13.530000 
50.247000, -110.356700, 60.850000 
51.368100, -114.834800, 27.254000 
51.312900, -114.842100, 27.251000 
54.830600, -118.810700, 88.694000 
54.834200, -118.639200, 22.879000 
51.589300, -114.537500, 20.298000 
54.796800, -113.714000, 0.094000 
54.541100, -118.179200, 23.420000 
54.439400, -118.250400, 31.431000 
54.241500, -117.291600, 26.253000 
53.957500, -117.076600, 137.818000 
53.855600, -116.983600, 135.592000 
53.499300, -117.155100, 44.497000 
54.154200, -117.222800, 28.992000 
53.943100, -118.746600, 36.093000 
54.346700, -114.898500, 44.532000 
54.248500, -114.730000, 75.237000 
53.840500, -111.901600, 28.281000 
51.074900, -114.138700, 31.787000 
57.286600, -111.599500, 37.782000 
57.335400, -111.755600, 1189.299000 
50.468300, -111.725800, 35.513000 
55.554100, -119.755400, 31.929000 
50.252400, -112.500600, 64.714000 
54.120600, -116.996700, 37.786000 
54.423300, -114.937500, 38.649000 
54.048600, -110.971200, 22.447000 
52.734200, -114.625500, 32.740000 
53.138800, -114.649700, 29.470000 
50.894500, -111.490600, 20.302000 
56.860800, -114.421100, 30.350000 
56.846300, -114.417200, 30.350000 
56.853600, -114.417200, 30.350000 
56.751700, -115.278100, 30.350000 
55.822800, -119.463300, 22.223000 
52.333800, -112.881700, 42.801000 
53.193200, -110.862900, 38.948000 
54.379900, -117.867400, 33.816000 
54.146700, -116.123100, 39.641000 
55.306100, -111.193800, 32.977000 
53.517100, -116.404000, 26.583000 
50.463300, -112.887100, 20.452000 
54.352100, -119.010400, 53.930000 
52.773600, -114.431400, 20.067000 
54.883900, -119.864100, 41.048000 
52.496100, -114.262500, 21.786000 
52.530100, -114.511100, 32.084000 
54.133900, -115.759500, 21.435000 
52.674300, -114.185900, 34.768000 
51.872800, -113.363800, 20.200000 
54.015600, -116.965100, 28.810000 
54.234000, -119.221500, 62.431000 
54.292000, -119.370600, 88.556000 
53.037800, -115.357900, 35.477000 
50.263200, -113.567200, 20.654000 
53.110600, -116.223100, 35.364000 
53.143900, -116.274200, 66.597000 
54.229400, -117.589200, 65.603000 
52.968900, -115.872400, 24.882000 
53.245600, -117.082500, 28.461000 
51.852200, -113.254100, 72.639000 
55.511900, -119.303700, 22.394000 
54.841500, -119.135000, 64.716000 
53.676100, -110.987900, 48.067000 
54.517900, -118.488000, 70.457000 
51.003200, -113.257800, 29.731000 
53.190600, -115.528900, 92.963000 
54.643600, -118.382900, 28.082000 
54.516600, -111.028600, 24.339000 
54.488200, -111.018000, 22.213000 
54.462100, -110.820700, 48.079000 
54.447600, -110.801800, 22.387000 
54.482200, -111.078400, 27.245000 
54.517800, -110.817900, 22.740000 
54.476700, -111.053800, 21.788000 
54.516600, -110.990900, 20.117000 
54.492900, -111.069300, 42.270000 
54.479400, -111.025200, 27.080000 
54.374800, -110.882500, 21.992000 
54.496800, -111.021800, 27.139000 
54.505800, -111.034800, 26.501000 
54.491200, -111.041400, 37.407000 
54.447600, -110.820700, 30.250000 
54.534300, -111.121700, 20.566000 
54.515500, -111.014800, 54.637000 
54.502900, -110.909700, 20.673000 
54.489200, -110.918600, 20.422000 
54.520300, -111.053800, 23.117000 
54.505800, -111.057900, 26.447000 
54.520300, -111.060000, 20.937000 
54.487600, -111.028600, 21.201000 
54.389400, -110.863700, 27.208000 
54.516600, -111.047600, 47.600000 
54.511700, -111.007500, 22.794000 
52.563000, -112.952700, 31.684000 
52.139300, -112.941700, 24.301000 
52.032600, -113.030700, 43.702000 
52.015800, -113.028500, 48.772000 
51.980200, -113.005700, 41.560000 
55.765000, -119.574200, 55.119000 
51.531100, -113.276200, 52.880000 
51.642400, -113.334300, 75.983000 
54.031500, -117.113100, 237.695000 
54.184600, -117.246000, 57.187000 
55.841200, -116.755400, 24.913000 
55.864300, -117.035000, 22.126000 
56.256400, -118.059700, 33.282000 
56.151600, -117.919500, 47.802000 
54.006600, -119.105500, 558.500000 
57.466200, -119.385700, 25.548000 
53.248700, -115.388000, 137.191000 
55.056600, -118.766200, 22.333000 
55.744100, -112.484600, 50.437000 
54.944400, -118.828000, 61.764000 
55.778500, -112.491600, 50.437000 
55.492400, -118.068200, 42.923000 
53.372200, -113.771800, 24.874000 
51.465100, -112.516000, 54.022000 
51.530200, -112.136700, 43.188000 
51.403400, -110.406500, 25.013000 
51.505300, -110.728600, 25.088000 
51.555300, -110.889400, 22.892000 
51.352400, -111.197300, 32.825000 
51.266400, -111.044600, 48.440000 
51.188700, -110.490400, 24.989000 
54.743500, -119.073300, 67.826000 
54.702200, -118.777800, 23.499000 
54.760400, -118.889100, 30.059000 
53.110700, -115.205400, 58.540000 
52.626700, -114.603400, 34.098000 
55.194800, -113.033400, 23.043000 
56.992500, -112.228600, 48.464000 
54.503700, -115.487800, 28.260000 
54.696000, -117.683800, 31.969000 
53.433700, -115.988400, 57.300000 
53.444500, -115.921100, 173.095000 
52.711800, -112.958700, 40.569000 
54.767700, -113.899100, 0.031000 
52.618800, -112.147700, 59.673000 
51.993100, -113.045100, 48.649000 
51.356500, -114.877400, 27.251000 
51.581900, -113.838600, 45.340000 
55.604800, -119.341100, 24.559000 
51.581700, -113.838000, 27.465000 
52.723200, -115.493000, 39.657000 
55.668300, -119.145500, 27.220000 
54.430059, -119.215241, 29.180000 
54.196180, -119.137859, 107.784000 
54.670697, -119.218295, 35.083000 
