53.582300, -113.588600, 5.213000 
55.996700, -118.533600, 0.427000 
56.377200, -117.175600, 256.773000 
53.288500, -110.018300, 0.017000 
50.747700, -114.494700, 0.415000 
54.952700, -119.195300, 0.546000 
54.572300, -115.522900, 1.194000 
54.596400, -110.395000, 0.100000 
53.343600, -113.526900, 3.430000 
49.789400, -112.126100, 1.926000 
52.496000, -114.988000, 0.600000 
52.959300, -115.893800, 1.200000 
52.776100, -115.660700, 1.200000 
52.758100, -114.111600, 1.200000 
52.226300, -115.177000, 1.200000 
55.725100, -119.399900, 0.160000 
52.308300, -113.550000, 2.317000 
51.191300, -113.940900, 2.600000 
53.841600, -113.097900, 85.160000 
50.982200, -113.974200, 0.349000 
53.570000, -113.611400, 0.660000 
53.227700, -114.988900, 11.900000 
53.593060, -116.390300, 36.603000 
55.071200, -118.691200, 121.091000 
53.413300, -117.570600, 511.884000 
50.845800, -113.586700, 99.000000 
53.541700, -113.391700, 0.206000 
53.181200, -115.762500, 0.221000 
54.833300, -118.646700, 0.421000 
54.524700, -116.794300, 0.564000 
52.553700, -111.694000, 0.019000 
54.130900, -115.546700, 0.118000 
53.204500, -116.811200, 1.000000 
50.086600, -110.716700, 261.916000 
58.555500, -118.915900, 0.100000 
51.526000, -113.880000, 0.160000 
51.400100, -114.034300, 2.205000 
53.340200, -113.538100, 0.581000 
51.789600, -114.702800, 10.806000 
54.238200, -115.379700, 99.560000 
55.029800, -118.744000, 208.471000 
55.162300, -118.816600, 8.222000 
49.628100, -114.571900, 0.017000 
50.597600, -111.881800, 1.800000 
53.250200, -115.555500, 0.109000 
53.571290, -113.355400, 17.228000 
59.063100, -118.875700, 0.327000 
51.000700, -113.965670, 10.479000 
51.010160, -113.964210, 8.173000 
54.133300, -115.366600, 21.003000 
58.518800, -117.119500, 16.403000 
53.902300, -115.189300, 1.200000 
50.963600, -113.976680, 0.090000 
53.282300, -113.542000, 0.010000 
52.104400, -110.695000, 0.343000 
50.336800, -111.169800, 0.001000 
53.499900, -113.418000, 0.235000 
55.208300, -118.793000, 1.997000 
58.500900, -117.146000, 0.076000 
53.559400, -113.347200, 5.000000 
55.175000, -118.785400, 0.497000 
53.301700, -110.012600, 0.337000 
53.504100, -113.373300, 0.037000 
55.666400, -110.714000, 0.042000 
52.298600, -114.201500, 1.186000 
53.576900, -116.452400, 0.411000 
