53.559200, -113.388800, 0.061000 
51.191300, -113.940900, 0.100000 
50.982200, -113.974200, 0.025000 
53.570000, -113.611400, 0.072000 
53.340200, -113.538100, 0.108000 
53.319300, -113.518000, 0.780000 
53.571290, -113.355400, 1.323000 
51.000700, -113.965670, 1.210000 
51.010160, -113.964210, 1.873000 
51.001500, -114.037200, 0.162000 
51.024190, -114.035300, 1.431000 
53.282300, -113.542000, 0.005000 
53.499900, -113.418000, 0.079000 
53.288900, -110.012000, 0.960000 
55.175000, -118.785400, 0.054000 
53.301700, -110.012600, 0.061000 
53.504100, -113.373300, 0.006000 
52.298600, -114.201500, 0.037000 
