55.996700, -118.533600, 0.526000 
53.288500, -110.018300, 0.150000 
52.146300, -115.330000, 0.038000 
50.747700, -114.494700, 2.460000 
54.952700, -119.195300, 0.854000 
54.572300, -115.522900, 0.234000 
54.596400, -110.395000, 0.670000 
55.335900, -119.223000, 1.924000 
50.647500, -113.772000, 0.202000 
54.194400, -116.632200, 1.070000 
53.245000, -115.674300, 0.313000 
53.746900, -113.164500, 1.491000 
51.742300, -114.134500, 0.948000 
50.675600, -110.025000, 0.239000 
52.959300, -115.893800, 2.474000 
52.776100, -115.660700, 2.895000 
52.758100, -114.111600, 1.490000 
52.226300, -115.177000, 1.553000 
55.725100, -119.399900, 0.373000 
52.308300, -113.550000, 2.648000 
51.191300, -113.940900, 3.641000 
49.305200, -114.000300, 0.533000 
51.965500, -114.753600, 0.471000 
56.380600, -116.795000, 2.500000 
53.652000, -116.099200, 1.259000 
54.423300, -117.760400, 7.785000 
57.003300, -111.466100, 81.165000 
57.040500, -111.619200, 27.729000 
51.570800, -114.851700, 0.209000 
53.795900, -113.099600, 1.805000 
53.804200, -113.082400, 9.967000 
53.541700, -113.391700, 3.600000 
54.833300, -118.646700, 1.596000 
54.524700, -116.794300, 1.083000 
52.553700, -111.694000, 0.010000 
54.130900, -115.546700, 0.224000 
58.555500, -118.915900, 0.583000 
51.526000, -113.880000, 1.250000 
51.696900, -114.475000, 1.814000 
54.772900, -110.579000, 0.262000 
54.185400, -116.210400, 2.209000 
51.400100, -114.034300, 1.086000 
53.757500, -113.149900, 0.603000 
54.427200, -116.884300, 0.547000 
53.132300, -115.981700, 1.035000 
54.510900, -115.511700, 0.796000 
55.041500, -119.631000, 0.889000 
49.628100, -114.571900, 0.027000 
57.546300, -119.112600, 0.635000 
55.489100, -119.750800, 2.937000 
53.581600, -113.599100, 3.301000 
53.557500, -116.547200, 1.375000 
52.327100, -112.718300, 0.587000 
53.670500, -115.762200, 0.407000 
53.902300, -115.189300, 0.433000 
52.228400, -114.397700, 1.945000 
52.674300, -111.311600, 0.041000 
53.286400, -110.017800, 0.281000 
52.656700, -111.311900, 0.414000 
54.420500, -110.213100, 0.056000 
55.582700, -110.888800, 0.978000 
55.069600, -110.536100, 5.471000 
57.351700, -111.522200, 1.938000 
53.544400, -113.366200, 0.218000 
53.543100, -117.797900, 0.287000 
52.588100, -111.206100, 0.217000 
50.963600, -113.976680, 1.745000 
53.530040, -113.402010, 1.742000 
52.104400, -110.695000, 0.213000 
57.590100, -117.531700, 0.351000 
53.159500, -114.902800, 0.453000 
55.309200, -119.205800, 0.146000 
53.024700, -115.531100, 0.211000 
53.574200, -116.646900, 0.211000 
53.866900, -110.644900, 0.168000 
54.416000, -115.636200, 0.168000 
52.050100, -112.728300, 0.209000 
58.601100, -118.787200, 0.154000 
54.387000, -116.966700, 0.176000 
53.388600, -115.315800, 0.887000 
50.653300, -111.166100, 3.063000 
59.641800, -118.307800, 0.292000 
53.566800, -113.365000, 1.151000 
52.639900, -111.273500, 1.438000 
54.285000, -115.698200, 1.236000 
55.713300, -118.771000, 0.180000 
54.979700, -118.772700, 0.112000 
55.527900, -110.873800, 1.464000 
56.411700, -110.937600, 0.362000 
53.190400, -115.223500, 0.495000 
56.113500, -111.829300, 1.682000 
53.542800, -113.361400, 0.049000 
53.573700, -113.348400, 0.022000 
