56.377200, -117.175600, 707.562000 
53.344000, -114.305000, 16018.320000 
53.733200, -113.175000, 38.312000 
53.288500, -110.018300, 28.591000 
52.146300, -115.330000, 4685.410000 
50.747700, -114.494700, 2301.000000 
53.952700, -113.078000, 241.080000 
54.572300, -115.522900, 39.400000 
54.596400, -110.395000, 1367.000000 
55.335900, -119.223000, 32.490000 
50.647500, -113.772000, 1982.630000 
54.194400, -116.632200, 4007.180000 
53.546800, -113.734800, 32.167000 
53.245000, -115.674300, 22.170000 
53.746900, -113.164500, 214.100000 
53.718500, -113.183000, 0.001000 
52.564700, -112.141400, 24842.229000 
51.531700, -111.786100, 28798.128000 
54.007100, -119.104000, 2535.050000 
51.742300, -114.134500, 1965.730000 
53.529100, -113.387500, 58.747000 
52.959300, -115.893800, 236.490000 
52.463000, -114.346500, 77.840000 
52.776100, -115.660700, 668.100000 
52.758100, -114.111600, 136.200000 
52.226300, -115.177000, 3564.410000 
58.500000, -119.416700, 1133.050000 
53.559200, -113.388800, 0.002000 
52.940400, -114.832300, 203.900000 
55.725100, -119.399900, 425.350000 
52.308300, -113.550000, 3.750000 
49.713599, -112.796397, 0.087000 
51.191300, -113.940900, 2313.000000 
53.733200, -113.486200, 7.860000 
49.305200, -114.000300, 4651.760000 
51.039600, -114.559000, 6626.500000 
51.965500, -114.753600, 2174.590000 
56.380600, -116.795000, 2114.040000 
53.722900, -113.174000, 220.000000 
53.721700, -113.191700, 91.092000 
53.841600, -113.097900, 1950.770000 
53.652000, -116.099200, 43.387000 
54.423300, -117.760400, 812.356000 
57.003300, -111.466100, 19027.100000 
57.040500, -111.619200, 81470.739000 
53.560000, -114.486200, 5882.130000 
53.508500, -114.557100, 25149.080000 
53.448700, -114.449100, 11945.870000 
51.570800, -114.851700, 6241.200000 
55.071200, -118.691200, 959.594000 
53.795900, -113.099600, 32.888000 
53.804200, -113.082400, 1.466000 
53.413300, -117.570600, 2538.100000 
53.541700, -113.391700, 4114.024000 
53.181200, -115.762500, 1732.823000 
51.219500, -114.645400, 1475.716000 
50.805300, -110.034900, 48.865000 
54.833300, -118.646700, 512.920000 
54.524700, -116.794300, 640.000000 
52.553700, -111.694000, 40.980000 
54.130900, -115.546700, 1129.680000 
53.204500, -116.811200, 2803.285000 
51.086700, -114.008800, 7.892000 
53.550500, -113.358900, 5090.830000 
58.555500, -118.915900, 29.000000 
51.526000, -113.880000, 734.000000 
51.696900, -114.475000, 302.963000 
55.248100, -114.514000, 0.313000 
53.531993, -113.364925, 27.680000 
54.772900, -110.579000, 1162.780000 
54.185400, -116.210400, 1820.230000 
51.400100, -114.034300, 1617.000000 
54.427200, -116.884300, 2115.380000 
53.132300, -115.981700, 2784.540000 
53.283800, -110.031900, 411.969000 
50.061200, -110.723000, 29.770000 
55.481900, -119.059200, 1874.520000 
49.628100, -114.571900, 2147.350000 
57.546300, -119.112600, 28.850000 
55.040000, -115.475800, 61.400000 
50.583700, -113.871100, 97.230000 
55.489100, -119.750800, 419.262000 
53.581600, -113.599100, 83.855000 
55.876700, -119.301100, 80.200000 
53.557500, -116.547200, 1532.701000 
59.063100, -118.875700, 59.363000 
53.817200, -113.133600, 390.970000 
51.058900, -115.174500, 999.490000 
51.012800, -114.022000, 87.293000 
50.912700, -114.011800, 16.546000 
52.327100, -112.718300, 357.740000 
53.527700, -113.392600, 1.190000 
55.074200, -117.274200, 819.102000 
53.560800, -113.415300, 76.500000 
58.518800, -117.119500, 24.079000 
49.693900, -112.096200, 25.830000 
53.902300, -115.189300, 0.680000 
53.740700, -113.023100, 5728.100000 
52.228400, -114.397700, 135.819000 
52.766100, -114.285600, 84.608000 
50.269600, -112.893800, 20.980000 
52.308300, -113.550000, 1.237000 
55.582700, -110.888800, 272.340000 
55.069600, -110.536100, 223.769000 
51.024500, -114.025000, 6.000000 
53.431000, -117.540600, 0.268000 
53.010600, -112.810000, 0.124000 
52.255700, -113.886000, 0.275000 
53.645100, -114.130200, 1.642000 
55.969400, -117.575600, 44.313000 
52.412900, -114.407600, 43.400000 
55.750300, -119.684300, 87.700000 
51.649800, -110.187200, 34.900000 
52.555700, -111.805300, 657.900000 
50.471500, -111.606500, 36.400000 
58.568700, -119.201500, 263.102000 
50.198300, -112.119200, 89.614000 
50.129400, -111.908400, 255.379000 
54.494400, -115.957600, 39.780000 
54.538100, -115.932300, 57.500000 
58.943200, -118.916800, 192.383000 
59.230700, -119.275900, 59.434000 
59.067000, -118.875900, 995.247000 
59.194300, -118.604700, 24.304000 
58.975900, -119.118700, 17.356000 
52.333700, -111.357300, 498.700000 
51.911800, -111.188100, 37.198000 
52.421200, -110.388600, 48.331000 
49.852100, -111.665000, 24.873000 
51.682500, -111.293600, 22.735000 
53.821500, -113.490400, 237.477000 
52.122900, -110.570500, 63.611000 
52.479300, -110.936100, 76.369000 
53.861500, -114.756100, 33.100000 
57.153300, -118.334500, 69.594000 
55.698300, -118.783300, 76.300000 
55.714100, -118.830400, 327.000000 
51.773700, -114.222900, 130.564000 
50.220300, -112.444200, 293.100000 
51.620900, -114.483500, 28.016000 
55.585600, -117.891600, 26.941000 
52.544800, -114.545200, 100.546000 
53.610600, -117.695900, 88.495000 
52.999100, -112.971000, 41.660000 
52.915800, -113.022500, 27.510000 
54.130600, -115.231400, 641.996000 
52.734200, -113.162900, 36.593000 
52.797900, -112.371400, 155.800000 
53.583000, -116.842000, 156.630000 
56.622700, -119.946500, 87.632000 
53.706600, -117.241000, 134.470000 
53.928400, -116.717200, 6.720000 
55.265600, -114.601400, 338.450000 
53.388600, -115.315800, 28.900000 
56.556900, -119.363900, 476.342000 
50.653300, -111.166100, 73.800000 
56.930900, -115.252200, 73.966000 
55.640300, -118.502800, 45.940000 
54.033400, -117.756900, 227.325000 
56.347100, -119.190500, 85.700000 
56.098600, -119.288100, 42.724000 
55.943900, -119.923100, 10.902000 
52.268400, -113.351800, 20.935000 
49.030800, -111.052700, 66.374000 
50.536900, -112.031500, 88.276000 
50.700700, -111.022200, 121.604000 
50.314700, -111.968400, 43.530000 
52.333700, -111.059400, 50.606000 
51.239700, -115.564600, 205.800000 
53.374300, -114.527900, 144.840000 
51.697300, -114.536800, 31.762000 
52.640400, -113.252100, 78.055000 
52.435700, -113.390400, 5.620000 
51.971000, -114.052700, 50.954000 
52.450400, -110.851900, 155.679000 
52.465000, -110.121000, 24.845000 
56.233200, -113.896400, 24.025000 
49.936700, -111.406500, 76.088000 
58.568700, -119.061500, 27.120000 
56.313200, -111.636200, 167.900000 
54.963600, -117.670700, 22.692000 
52.359300, -113.715200, 463.378000 
59.641800, -118.307800, 234.610000 
53.254000, -114.437900, 36.900000 
59.601800, -117.409700, 23.060000 
56.458600, -119.914300, 598.700000 
53.428700, -115.125800, 542.430000 
52.155700, -110.893800, 57.920000 
57.042500, -111.905000, 111.729310 
55.603900, -119.347800, 498.430000 
53.272300, -114.725300, 37.410000 
55.378300, -118.499700, 420.130000 
52.969200, -116.692500, 79.534000 
56.364200, -119.934300, 198.760000 
50.168300, -112.299800, 209.600000 
52.188200, -110.988300, 33.733000 
49.616400, -111.917300, 133.816000 
55.178300, -117.509900, 37.849000 
54.317700, -116.573000, 40.476000 
54.432500, -116.139700, 221.600000 
52.475700, -111.700100, 24.240000 
53.977900, -116.751200, 9.490000 
52.366500, -110.791600, 54.333000 
52.942400, -113.511100, 0.338000 
51.360700, -113.614600, 28.950000 
57.217500, -110.895000, 1002.214000 
53.558600, -113.368000, 5030.000000 
52.115800, -110.579400, 127.942000 
50.640600, -114.293200, 1.154000 
55.160200, -118.818400, 27.555000 
56.473900, -119.722200, 191.430000 
56.623600, -119.913600, 74.800000 
50.701400, -111.554300, 45.000000 
52.361000, -113.819400, 2.871000 
52.549200, -113.840800, 7.519000 
49.720000, -113.500300, 8.787000 
53.599500, -111.416200, 6.133000 
53.745100, -113.235600, 44.550000 
54.342700, -110.328700, 110.310000 
56.528200, -114.071600, 29.661000 
53.343700, -113.184000, 62.330000 
54.285000, -115.698200, 233.500000 
52.470100, -114.346400, 88.965000 
49.591390, -114.028330, 68.981000 
50.266657, -112.836800, 100.053000 
53.007200, -117.327200, 0.211000 
56.193600, -110.950600, 279.810000 
55.527900, -110.873800, 169.140000 
55.666400, -110.714000, 23.278000 
56.411700, -110.937600, 7150.599000 
53.734700, -113.683700, 25.892000 
51.898100, -113.567200, 1618.505000 
53.176000, -115.272300, 42.240000 
55.662600, -111.257700, 356.025000 
56.284800, -116.111700, 54.000000 
55.608800, -118.003600, 173.981000 
55.640500, -117.119300, 605.760000 
55.489500, -118.325200, 304.811000 
53.957400, -116.720600, 41.839000 
54.837800, -118.530900, 20.356000 
56.113500, -111.829300, 286.602000 
56.143400, -119.360900, 27.041000 
50.196600, -111.343600, 59.093000 
52.707000, -115.443100, 73.415000 
57.286600, -111.599500, 0.224000 
57.335400, -111.755600, 10571.642000 
54.006600, -119.105500, 20.820000 
58.576400, -118.807300, 23.004000 
