50.747700, -114.494700, 151.701000 
54.194400, -116.632200, 54.340000 
53.746900, -113.164500, 2.461000 
52.776100, -115.660700, 7.459000 
52.758100, -114.111600, 0.030000 
52.226300, -115.177000, 9.802000 
55.725100, -119.399900, 12.165000 
51.191300, -113.940900, 11.371000 
49.305200, -114.000300, 68.300000 
51.039600, -114.559000, 105.400000 
57.003300, -111.466100, 64.592000 
57.040500, -111.619200, 82.188000 
51.570800, -114.851700, 61.620000 
53.181200, -115.762500, 6.427000 
53.204500, -116.811200, 160.592000 
51.526000, -113.880000, 13.572000 
54.185400, -116.210400, 23.362000 
54.427200, -116.884300, 37.940000 
53.132300, -115.981700, 13.490000 
57.546300, -119.112600, 0.332000 
52.327100, -112.718300, 4.015000 
