56.377200, -117.175600, 7.666000 
53.733200, -113.175000, 0.475000 
52.564700, -112.141400, 134.346000 
51.531700, -111.786100, 80.820000 
54.775000, -115.218600, 0.020000 
53.560000, -114.486200, 12.414000 
53.508500, -114.557100, 55.919000 
53.448700, -114.449100, 22.670000 
50.982200, -113.974200, 0.005000 
53.570000, -113.611400, 0.143000 
55.070600, -118.688800, 0.014000 
55.071200, -118.691200, 20.860000 
53.413300, -117.570600, 25.324000 
53.533000, -113.411500, 0.035000 
53.541700, -113.391700, 13.801000 
53.550500, -113.358900, 10.161000 
55.160200, -118.818400, 14.963000 
