56.377200, -117.175600, 3.976000 
53.344000, -114.305000, 7.260000 
53.288500, -110.018300, 1.499000 
52.564700, -112.141400, 8.647000 
51.531700, -111.786100, 10.024000 
54.007100, -119.104000, 26.954000 
51.039600, -114.559000, 60.700000 
53.721700, -113.191700, 10.534000 
53.841600, -113.097900, 40.050000 
57.003300, -111.466100, 258.233000 
57.040500, -111.619200, 176.108000 
53.560000, -114.486200, 8.715000 
53.508500, -114.557100, 31.581000 
53.448700, -114.449100, 15.001000 
53.795900, -113.099600, 0.051000 
53.413300, -117.570600, 7.367000 
50.845800, -113.586700, 0.009000 
53.541700, -113.391700, 147.291000 
53.550500, -113.358900, 50.297000 
