55.996700, -118.533600, 1.360000 
56.377200, -117.175600, 16.670000 
53.733200, -113.175000, 0.020000 
53.288500, -110.018300, 0.157000 
52.146300, -115.330000, 42.970000 
50.747700, -114.494700, 50.400000 
53.952700, -113.078000, 0.949000 
54.572300, -115.522900, 1.027000 
54.596400, -110.395000, 11.013000 
55.335900, -119.223000, 2.313000 
50.647500, -113.772000, 3.214000 
54.194400, -116.632200, 7.163000 
53.245000, -115.674300, 0.730000 
53.746900, -113.164500, 0.202000 
51.742300, -114.134500, 7.729000 
52.959300, -115.893800, 8.202000 
52.776100, -115.660700, 2.355000 
52.758100, -114.111600, 2.362000 
52.226300, -115.177000, 40.227000 
58.500000, -119.416700, 12.970000 
55.725100, -119.399900, 10.236000 
51.191300, -113.940900, 7.481000 
49.305200, -114.000300, 4.900000 
51.039600, -114.559000, 14.100000 
51.965500, -114.753600, 133.821000 
53.722900, -113.174000, 0.009000 
53.652000, -116.099200, 6.301000 
54.423300, -117.760400, 5.822000 
57.003300, -111.466100, 727.321000 
57.040500, -111.619200, 96.308000 
53.795900, -113.099600, 0.973000 
53.413300, -117.570600, 7.156000 
53.541700, -113.391700, 3.609000 
53.181200, -115.762500, 15.442000 
51.219500, -114.645400, 2.088000 
54.833300, -118.646700, 4.503000 
54.524700, -116.794300, 0.549000 
52.553700, -111.694000, 2.951000 
54.130900, -115.546700, 12.378000 
53.204500, -116.811200, 3.260000 
53.550500, -113.358900, 6.690760 
58.555500, -118.915900, 1.249000 
51.526000, -113.880000, 50.227000 
51.696900, -114.475000, 1.146000 
54.185400, -116.210400, 27.950000 
51.400100, -114.034300, 10.062000 
54.427200, -116.884300, 7.268000 
53.132300, -115.981700, 25.171000 
55.481900, -119.059200, 19.357000 
51.034710, -114.025600, 15.048000 
53.721800, -113.192700, 0.001000 
49.628100, -114.571900, 2.986000 
57.546300, -119.112600, 0.017000 
53.250200, -115.555500, 0.512000 
55.489100, -119.750800, 11.900000 
55.876700, -119.301100, 3.168000 
53.557500, -116.547200, 1.684000 
59.063100, -118.875700, 0.400000 
53.817200, -113.133600, 1.721000 
52.327100, -112.718300, 4.624000 
53.616600, -115.711100, 0.012000 
52.510900, -110.969600, 0.928000 
55.833000, -119.470000, 5.889000 
53.902300, -115.189300, 0.251000 
53.740700, -113.023100, 3.482000 
53.544400, -113.366200, 0.457000 
56.981400, -111.475800, 4.573000 
53.543100, -117.797900, 1.128000 
52.588100, -111.206100, 2.243000 
55.393100, -110.738300, 0.070000 
57.054200, -111.917200, 0.113000 
50.471500, -111.606500, 0.575000 
58.568700, -119.201500, 2.241000 
50.129400, -111.908400, 2.362000 
53.388600, -115.315800, 3.055000 
50.653300, -111.166100, 0.969000 
56.098600, -119.288100, 0.928000 
55.943900, -119.923100, 0.681000 
59.641800, -118.307800, 3.378000 
52.963700, -111.364700, 0.198000 
52.370000, -114.375800, 0.026000 
52.272100, -112.841400, 0.657000 
57.217500, -110.895000, 0.164000 
56.272700, -110.938200, 0.148000 
53.566800, -113.365000, 0.217000 
52.639900, -111.273500, 5.515000 
54.285000, -115.698200, 2.752000 
56.411700, -110.937600, 42.910000 
53.542800, -113.361400, 0.126000 
57.335400, -111.755600, 0.397000 
