54.572300, -115.522900, 0.007000 
54.596400, -110.395000, 0.206000 
54.194400, -116.632200, 0.303000 
51.742300, -114.134500, 0.278000 
52.959300, -115.893800, 0.262000 
52.776100, -115.660700, 0.161000 
52.758100, -114.111600, 0.141000 
51.191300, -113.940900, 0.290000 
51.965500, -114.753600, 0.274000 
57.003300, -111.466100, 518.405000 
57.040500, -111.619200, 13.656000 
51.570800, -114.851700, 0.071000 
53.795900, -113.099600, 2.279000 
53.541700, -113.391700, 2.193000 
53.181200, -115.762500, 0.006000 
54.524700, -116.794300, 0.015000 
52.553700, -111.694000, 0.097000 
51.696900, -114.475000, 0.038000 
54.772900, -110.579000, 0.021000 
54.185400, -116.210400, 0.303000 
51.400100, -114.034300, 0.494000 
54.427200, -116.884300, 0.312000 
53.132300, -115.981700, 0.450000 
54.510900, -115.511700, 0.186000 
49.628100, -114.571900, 0.026000 
53.250200, -115.555500, 0.269000 
51.000700, -113.965670, 0.810000 
53.902300, -115.189300, 0.086000 
57.351700, -111.522200, 0.146000 
50.959200, -113.981200, 0.034000 
53.527200, -113.354800, 0.069000 
50.963600, -113.976680, 0.097000 
53.530040, -113.402010, 0.116000 
55.309200, -119.205800, 0.203000 
53.024700, -115.531100, 0.300000 
53.574200, -116.646900, 0.300000 
53.866900, -110.644900, 0.133000 
54.416000, -115.636200, 0.239000 
54.974300, -117.285800, 0.208000 
52.050100, -112.728300, 0.300000 
58.601100, -118.787200, 0.216000 
54.387000, -116.966700, 0.251000 
50.653300, -111.166100, 0.010000 
59.641800, -118.307800, 0.094000 
53.499900, -113.418000, 0.020000 
52.292200, -113.816900, 0.198000 
54.285000, -115.698200, 0.262000 
55.175000, -118.785400, 0.031000 
55.713300, -118.771000, 0.252000 
54.979700, -118.772700, 0.154000 
53.190400, -115.223500, 0.019000 
56.390700, -116.875400, 0.168000 
56.113500, -111.829300, 1.792000 
53.573700, -113.348400, 0.018000 
