56.377200, -117.175600, 0.006817 
53.344000, -114.305000, 0.302653 
53.579900, -113.576400, 0.075000 
50.992000, -114.059000, 0.001090 
54.007100, -119.104000, 0.135000 
54.775000, -115.218600, 0.001341 
53.529100, -113.387500, 0.493356 
57.003300, -111.466100, 0.495370 
57.040500, -111.619200, 0.220308 
53.560000, -114.486200, 0.030453 
53.508500, -114.557100, 0.648283 
53.448700, -114.449100, 0.365200 
53.593060, -116.390300, 0.003600 
53.413300, -117.570600, 0.018726 
53.533000, -113.411500, 0.001140 
53.541700, -113.391700, 0.069333 
53.550500, -113.358900, 0.032604 
55.248100, -114.514000, 0.000003 
53.581600, -113.599100, 0.004259 
51.058900, -115.174500, 0.033230 
53.740700, -113.023100, 0.000019 
53.402700, -117.599300, 0.005773 
51.068200, -115.136400, 0.000059 
55.160200, -118.818400, 0.052835 
51.065900, -113.994900, 0.006563 
53.300700, -110.100500, 0.002295 
57.335400, -111.755600, 0.066000 
50.981400, -113.962800, 0.001313 
52.343600, -113.786900, 0.003672 
54.270100, -110.803400, 0.005736 
