56.377200, -117.175600, 0.003451 
53.344000, -114.305000, 0.045836 
54.596400, -110.395000, 0.028707 
54.144400, -115.691700, 0.000001 
54.775000, -115.218600, 0.000074 
53.529100, -113.387500, 0.012575 
57.003300, -111.466100, 0.077907 
57.040500, -111.619200, 0.016975 
53.560000, -114.486200, 0.006204 
53.508500, -114.557100, 0.184901 
53.448700, -114.449100, 0.011849 
53.593060, -116.390300, 0.000700 
55.071200, -118.691200, 0.004195 
53.795900, -113.099600, 0.004073 
53.413300, -117.570600, 0.006668 
53.541700, -113.391700, 0.016207 
53.550500, -113.358900, 0.016132 
55.248100, -114.514000, 0.000001 
54.772900, -110.579000, 0.019092 
53.581600, -113.599100, 0.001609 
51.058900, -115.174500, 0.001140 
53.740700, -113.023100, 0.000019 
57.335400, -111.755600, 0.149000 
