53.582300, -113.588600, 14.100000 
55.996700, -118.533600, 77.063000 
53.539700, -113.409200, 424.800000 
56.377200, -117.175600, 160.522000 
53.344000, -114.305000, 1.040000 
53.733200, -113.175000, 303.123000 
53.288500, -110.018300, 25.172000 
52.146300, -115.330000, 19.006000 
50.747700, -114.494700, 388.408000 
54.952700, -119.195300, 59.751000 
53.952700, -113.078000, 6.918000 
54.572300, -115.522900, 96.171000 
54.596400, -110.395000, 200.677000 
55.335900, -119.223000, 101.175000 
50.987300, -113.971000, 119.971000 
50.647500, -113.772000, 30.765000 
54.194400, -116.632200, 208.178000 
53.245000, -115.674300, 89.943000 
53.746900, -113.164500, 453.234000 
51.419100, -114.027000, 293.828000 
53.718500, -113.183000, 0.120000 
51.742300, -114.134500, 108.310000 
52.496000, -114.988000, 22.237000 
50.675600, -110.025000, 52.868000 
53.529100, -113.387500, 7.863000 
53.571700, -113.349800, 49.278000 
52.959300, -115.893800, 222.214000 
52.776100, -115.660700, 190.210000 
52.758100, -114.111600, 385.623000 
52.226300, -115.177000, 243.206000 
58.500000, -119.416700, 12.740000 
49.720100, -112.781900, 46.331000 
55.725100, -119.399900, 78.862000 
52.308300, -113.550000, 340.935000 
49.713599, -112.796397, 1039.004000 
51.191300, -113.940900, 157.360000 
49.305200, -114.000300, 469.594000 
51.039600, -114.559000, 289.100000 
51.965500, -114.753600, 397.183000 
56.380600, -116.795000, 21.272000 
53.722900, -113.174000, 2.900000 
53.841600, -113.097900, 104.620000 
53.652000, -116.099200, 71.878000 
54.423300, -117.760400, 84.739000 
57.003300, -111.466100, 27885.703000 
57.040500, -111.619200, 8401.978000 
53.560000, -114.486200, 40.573000 
53.508500, -114.557100, 249.512000 
53.448700, -114.449100, 97.532000 
53.506100, -113.397900, 12.700000 
52.385800, -113.595000, 202.586000 
51.181625, -114.472100, 27.067000 
51.022770, -114.027660, 1260.070000 
52.033030, -113.938910, 54.078000 
53.227700, -114.988900, 69.000000 
53.593060, -116.390300, 101.377000 
51.570800, -114.851700, 155.512000 
55.071200, -118.691200, 253.724000 
53.795900, -113.099600, 98.577000 
53.804200, -113.082400, 53.380000 
53.413300, -117.570600, 210.781000 
50.983000, -113.988400, 47.807000 
50.845800, -113.586700, 120.060000 
53.541700, -113.391700, 561.021000 
53.181200, -115.762500, 70.211000 
51.219500, -114.645400, 29.904000 
50.805300, -110.034900, 469.229000 
54.833300, -118.646700, 73.023000 
54.524700, -116.794300, 199.137000 
52.553700, -111.694000, 17.111000 
54.130900, -115.546700, 27.323000 
53.204500, -116.811200, 214.785000 
50.086600, -110.716700, 297.464000 
53.550500, -113.358900, 854.832020 
58.555500, -118.915900, 110.481000 
51.526000, -113.880000, 118.809000 
51.696900, -114.475000, 163.024000 
55.248100, -114.514000, 13.010000 
53.531993, -113.364925, 45.170000 
53.544350, -113.374010, 4.870000 
53.022700, -112.811400, 43.200000 
54.772900, -110.579000, 205.739000 
54.185400, -116.210400, 203.370000 
51.400100, -114.034300, 71.136000 
53.757500, -113.149900, 109.699000 
54.427200, -116.884300, 303.715000 
53.132300, -115.981700, 289.740000 
52.035300, -115.137700, 70.918000 
53.456206, -113.487312, 99.535000 
53.728270, -113.235520, 173.783000 
54.510900, -115.511700, 140.703000 
53.283800, -110.031900, 314.658000 
55.481900, -119.059200, 24.130000 
51.789600, -114.702800, 110.627000 
49.701943, -112.803037, 384.939000 
54.238200, -115.379700, 438.900000 
51.034710, -114.025600, 38.180000 
53.725400, -113.193000, 15.788000 
55.029800, -118.744000, 509.598000 
55.041500, -119.631000, 76.233000 
51.005290, -114.058570, 85.900000 
55.162300, -118.816600, 83.869000 
49.628100, -114.571900, 13.673000 
57.546300, -119.112600, 159.803000 
50.583700, -113.871100, 96.573000 
53.250200, -115.555500, 71.296000 
55.489100, -119.750800, 53.643000 
53.581600, -113.599100, 9.979000 
53.571290, -113.355400, 27.498000 
55.876700, -119.301100, 46.779000 
51.222500, -114.495600, 49.598000 
53.506740, -113.396252, 41.931000 
53.557500, -116.547200, 87.270000 
59.063100, -118.875700, 42.682000 
53.817200, -113.133600, 106.926000 
51.000700, -113.965670, 18.125000 
51.012800, -114.022000, 104.302000 
50.912700, -114.011800, 9.500000 
52.327100, -112.718300, 242.144000 
56.904200, -117.633600, 21.890000 
51.010160, -113.964210, 25.685000 
53.908300, -118.816700, 35.900000 
50.058200, -110.728200, 13.859000 
54.133300, -115.366600, 105.430000 
55.074200, -117.274200, 60.668000 
58.194700, -116.350400, 6.504000 
53.532000, -113.394000, 27.986000 
53.563200, -113.634800, 39.908000 
49.729139, -112.781105, 14.648000 
53.799100, -113.080700, 12.035000 
58.518800, -117.119500, 2702.076000 
54.139800, -115.689100, 86.100000 
54.587200, -112.803100, 20.714000 
53.616600, -115.711100, 146.341000 
53.170200, -114.975000, 17.290000 
53.902300, -115.189300, 93.353000 
53.740700, -113.023100, 245.637000 
50.981270, -113.971610, 60.302000 
52.212400, -113.843700, 42.238000 
52.228400, -114.397700, 109.136000 
53.550690, -113.349600, 751.272500 
53.593600, -113.335600, 13.930000 
52.674300, -111.311600, 11.911000 
57.298900, -111.503300, 5183.812000 
49.303500, -113.794000, 23.000000 
52.308300, -113.550000, 0.079000 
51.910600, -114.668100, 35.189000 
53.286400, -110.017800, 18.986000 
52.656700, -111.311900, 30.113000 
53.402700, -117.599300, 91.584000 
50.577200, -111.178100, 61.622000 
50.671900, -110.028900, 21.942000 
55.582700, -110.888800, 14.178000 
53.091100, -111.768600, 18.526000 
55.069600, -110.536100, 72.687000 
53.373100, -116.086000, 11.278000 
57.351700, -111.522200, 1345.694000 
53.628800, -113.307700, 29.660000 
50.959200, -113.981200, 269.301000 
53.527200, -113.354800, 432.794000 
51.001000, -114.061200, 61.821000 
51.024500, -114.025000, 0.750000 
52.315900, -113.850000, 338.763000 
53.481700, -113.489000, 25.231000 
51.015020, -114.026480, 20.700000 
51.016000, -114.061400, 10.000000 
53.431000, -117.540600, 0.199000 
53.010600, -112.810000, 1.522000 
52.255700, -113.886000, 3.333000 
53.645100, -114.130200, 1.571000 
53.544400, -113.366200, 72.099000 
51.024190, -114.035300, 154.140000 
53.573900, -113.597100, 71.018000 
56.981400, -111.475800, 206.376000 
53.543100, -117.797900, 87.062000 
52.588100, -111.206100, 83.979000 
51.004250, -114.050900, 21.660000 
53.576230, -113.595660, 120.980000 
53.501040, -113.489732, 11.293000 
52.375200, -114.921600, 92.568000 
50.963600, -113.976680, 887.318000 
53.530040, -113.402010, 847.832000 
51.045078, -114.092040, 13.439000 
52.412900, -114.407600, 42.696000 
53.601900, -111.628700, 10.190000 
58.568700, -119.201500, 11.500000 
53.890700, -117.354000, 62.572000 
55.396400, -119.599700, 28.752000 
50.129400, -111.908400, 85.293000 
55.116400, -116.712300, 4.367000 
51.977300, -111.173400, 7.607000 
52.104400, -110.695000, 70.676000 
51.977300, -110.486900, 8.870000 
51.488700, -113.153900, 9.759000 
53.416800, -113.917700, 14.164000 
51.911800, -114.512900, 11.228000 
51.897200, -115.040200, 12.858000 
51.828100, -114.980700, 10.764000 
54.207000, -117.169300, 9.909000 
57.338900, -119.657100, 24.280000 
57.502800, -118.745700, 11.039000 
55.352900, -110.627800, 19.398000 
55.396500, -110.737300, 21.355000 
55.691200, -111.275900, 10.629000 
54.436200, -111.205100, 13.892000 
55.509300, -114.146900, 7.635000 
55.585600, -117.891600, 22.257000 
57.590100, -117.531700, 18.571000 
53.159500, -114.902800, 85.651000 
54.836400, -119.145800, 5.743000 
54.607200, -119.332000, 6.482000 
54.720000, -119.110600, 2.929000 
54.829200, -119.668600, 8.137000 
49.616400, -112.472000, 15.420000 
52.064400, -114.271400, 22.070000 
53.499300, -116.805300, 21.100000 
50.718600, -111.322200, 10.021000 
57.004500, -113.188600, 13.626000 
51.635300, -112.531400, 45.728000 
56.891000, -112.671500, 11.122000 
54.612500, -118.214300, 20.202000 
55.631500, -112.189600, 10.200000 
50.989600, -112.067900, 11.942000 
52.155600, -113.529700, 10.686000 
53.770600, -117.601400, 11.588000 
53.583000, -116.842000, 54.322000 
56.622700, -119.946500, 24.081000 
54.410900, -112.260400, 10.049000 
55.309200, -119.205800, 13.088000 
53.024700, -115.531100, 18.850000 
53.574200, -116.646900, 18.793000 
53.866900, -110.644900, 13.341000 
54.416000, -115.636200, 15.165000 
54.974300, -117.285800, 21.252000 
52.050100, -112.728300, 18.792000 
58.601100, -118.787200, 13.769000 
54.387000, -116.966700, 15.821000 
51.315900, -113.428500, 10.446000 
52.544700, -112.902200, 10.686000 
51.691800, -112.224000, 10.316000 
53.388600, -115.315800, 99.652000 
50.653300, -111.166100, 108.311000 
51.024500, -111.642800, 20.984000 
56.215000, -110.968100, 44.728000 
56.930900, -115.252200, 40.752000 
55.883900, -117.462000, 13.740000 
49.729200, -114.427200, 19.462000 
55.800300, -117.813800, 14.830000 
55.640300, -118.502800, 11.320000 
54.348900, -119.463300, 11.455000 
55.429200, -113.618100, 17.807000 
54.033400, -117.756900, 24.152000 
54.965100, -119.306800, 15.836000 
52.140800, -112.157200, 10.092000 
56.347100, -119.190500, 12.613000 
55.895000, -118.317500, 14.753000 
51.495900, -114.210100, 11.476000 
50.202700, -110.661300, 10.085000 
50.191100, -110.259400, 11.534000 
55.862200, -119.589200, 13.730000 
56.098600, -119.288100, 28.893000 
55.943900, -119.923100, 29.427000 
51.115100, -112.960100, 10.718000 
51.217000, -113.977700, 15.476000 
51.006200, -113.176000, 11.365000 
51.304300, -112.653700, 15.145000 
51.275400, -112.906500, 13.729000 
51.402400, -112.918100, 13.711000 
50.915100, -112.451700, 16.315000 
54.949300, -110.622600, 11.429000 
55.047300, -110.577800, 41.158000 
55.294800, -110.795100, 21.745000 
57.266800, -114.892000, 12.092000 
51.409800, -113.094600, 14.512000 
50.740700, -112.324500, 10.130000 
50.223900, -110.761900, 19.072000 
50.223900, -110.899700, 27.909000 
50.224000, -110.037500, 27.419000 
50.398600, -110.503300, 34.985000 
56.095100, -113.448600, 11.298000 
50.336800, -111.169800, 34.703000 
50.591500, -111.780300, 16.171000 
53.188700, -115.642200, 12.120000 
53.937900, -116.900400, 10.855000 
53.981500, -116.999800, 11.961000 
52.435700, -113.390400, 25.075000 
55.433300, -116.483200, 44.051000 
50.981000, -113.967800, 28.750000 
53.504050, -113.374400, 28.500000 
51.093400, -112.820100, 14.733000 
58.110400, -118.115600, 12.503000 
56.233200, -113.896400, 15.742000 
55.385700, -113.001600, 14.099000 
52.493600, -115.935000, 10.315000 
50.485900, -111.702200, 15.645000 
50.689500, -111.554800, 11.005000 
50.897000, -111.693700, 12.241000 
53.561500, -116.577900, 328.548000 
50.299100, -112.185400, 13.023000 
53.392300, -115.316900, 11.020000 
53.392300, -115.310800, 13.000000 
52.759300, -115.531900, 9.770000 
51.388100, -110.772500, 15.600000 
52.362900, -113.534900, 14.260000 
52.326500, -114.515200, 10.368000 
54.963600, -117.670700, 14.459000 
50.165900, -110.089100, 46.553000 
54.538100, -119.066400, 10.992000 
55.847500, -111.358600, 10.313000 
57.200900, -112.905700, 19.620000 
59.641800, -118.307800, 22.997000 
54.418100, -116.362000, 11.651000 
54.363300, -116.624000, 28.043000 
54.792900, -115.521700, 12.960000 
58.081200, -117.828800, 10.747000 
59.601800, -117.409700, 24.085000 
50.307500, -110.502500, 18.020000 
53.039400, -116.406400, 10.229000 
57.042500, -111.905000, 29.042890 
53.752300, -117.099300, 69.340000 
51.581600, -113.840400, 13.662000 
52.774000, -112.914300, 10.487000 
54.385300, -118.624900, 16.724000 
58.368300, -118.990000, 18.225000 
49.229200, -114.029100, 9.725000 
49.488900, -113.955100, 12.754000 
53.272300, -114.725300, 10.439000 
50.994100, -113.958300, 29.320000 
53.499900, -113.418000, 2.937000 
55.640300, -119.627000, 23.236000 
53.712300, -116.148900, 19.220000 
53.621500, -116.087200, 18.385000 
52.766700, -116.393000, 19.090000 
53.854300, -117.391200, 35.044000 
52.969200, -116.692500, 11.453000 
52.963700, -111.364700, 10.084000 
52.031800, -112.629500, 10.231000 
53.346200, -113.517200, 15.402000 
54.162360, -115.733900, 18.707000 
54.105400, -117.526500, 30.589000 
53.952600, -117.559000, 24.650000 
56.007600, -113.402800, 14.479000 
54.054200, -118.308700, 21.935000 
53.977900, -116.751200, 8.810000 
50.084400, -110.607000, 12.589000 
53.779500, -118.486200, 10.642000 
49.449200, -111.616700, 28.565000 
54.445300, -118.607600, 18.394000 
53.578344, -115.855642, 12.556000 
58.339500, -118.536800, 20.597000 
50.431200, -111.589200, 15.052000 
53.444100, -113.491800, 21.224000 
53.737500, -113.149000, 93.019000 
52.942400, -113.511100, 162.169000 
52.696100, -114.863800, 185.226000 
54.166900, -118.486900, 25.860000 
51.489800, -112.888700, 12.073000 
57.217500, -110.895000, 89.528000 
56.666700, -111.345100, 20.453000 
52.604900, -113.196300, 15.770000 
53.885300, -117.178700, 13.881000 
50.993800, -113.990000, 10.816000 
53.834000, -117.912400, 18.793000 
54.938500, -119.446500, 14.159000 
53.914400, -117.573700, 15.061000 
53.987100, -117.351500, 17.728000 
51.557200, -113.402600, 10.314000 
50.683000, -111.548000, 62.701000 
52.841500, -116.035500, 27.092000 
53.571300, -113.343100, 11.400000 
53.288900, -110.012000, 13.780000 
50.723300, -112.789100, 15.041000 
50.730600, -112.887200, 11.474000 
54.452300, -114.874300, 12.730000 
52.941200, -118.043000, 36.515000 
52.293900, -110.691400, 10.670000 
50.632000, -114.240300, 78.682000 
55.160200, -118.818400, 18.948000 
53.559400, -113.347200, 30.700000 
52.361000, -113.819400, 2.029000 
52.549200, -113.840800, 5.350000 
49.720000, -113.500300, 6.586000 
53.599500, -111.416200, 4.369000 
54.215900, -117.410600, 10.007000 
57.340500, -119.621600, 11.479000 
52.681500, -113.121100, 11.397000 
53.655600, -117.081700, 22.622000 
54.171000, -118.334400, 37.549000 
50.485300, -111.449700, 14.296000 
53.596200, -113.332100, 14.736000 
53.566800, -113.365000, 313.513000 
52.639900, -111.273500, 360.792000 
54.342700, -110.328700, 12.280000 
53.500000, -113.440000, 16.273000 
54.197700, -116.761000, 39.156000 
56.528200, -114.071600, 10.069000 
56.524400, -113.464600, 16.376000 
54.285000, -115.698200, 179.400000 
51.465100, -113.512200, 8.430000 
53.768300, -116.915400, 12.310000 
53.761100, -117.367500, 12.640000 
51.020000, -112.490000, 28.383000 
52.646000, -111.278000, 130.362000 
55.250000, -116.290000, 141.738000 
53.250500, -113.049900, 34.665000 
49.080000, -112.050000, 267.662000 
56.350000, -115.200000, 14.279000 
52.380000, -114.140000, 252.724000 
52.259300, -111.280500, 16.114000 
52.557700, -115.977200, 10.361000 
52.634000, -110.209100, 14.231000 
57.288700, -111.886800, 23.760000 
54.387300, -114.753100, 15.885000 
55.684500, -111.011500, 10.052000 
55.998000, -118.532200, 26.993000 
54.863300, -119.001700, 15.082000 
54.029600, -110.788100, 10.187000 
55.713300, -118.771000, 16.166000 
54.979700, -118.772700, 10.089000 
56.193600, -110.950600, 32.955000 
51.912900, -113.627900, 28.796000 
55.527900, -110.873800, 119.354000 
54.226800, -118.628100, 11.480000 
52.950700, -115.878200, 8.348000 
52.635200, -111.263900, 70.546000 
55.666400, -110.714000, 21.053000 
56.411700, -110.937600, 161.269000 
53.623400, -116.858600, 22.020000 
55.662600, -111.257700, 69.473000 
53.975700, -117.287500, 22.228000 
55.608800, -118.003600, 10.841000 
55.640500, -117.119300, 17.854000 
55.489500, -118.325200, 12.266000 
53.190400, -115.223500, 24.542000 
53.499200, -116.805300, 13.136000 
55.645600, -119.436200, 11.500000 
56.390700, -116.875400, 17.757000 
50.858900, -113.988500, 21.597000 
56.113500, -111.829300, 23.149000 
54.061900, -117.748000, 14.269000 
54.302500, -118.644200, 27.411000 
55.413500, -119.835200, 11.930000 
51.396500, -114.028100, 12.085000 
53.542800, -113.361400, 12.841000 
53.634100, -113.040300, 30.450000 
54.541100, -118.179200, 40.699000 
53.029200, -112.805800, 5.900000 
54.248500, -114.730000, 15.895000 
57.335400, -111.755600, 2789.265000 
50.966900, -112.664900, 19.353000 
53.193200, -110.862900, 13.941000 
53.587400, -113.364700, 9.601000 
51.531100, -113.276200, 11.198000 
51.642400, -113.334300, 12.465000 
54.006600, -119.105500, 50.280000 
53.573700, -113.348400, 46.320000 
55.492400, -118.068200, 73.585000 
55.910000, -115.140000, 28.349000 
51.581900, -113.838600, 10.632000 
