56.377200, -117.175600, 118.377000 
54.144400, -115.691700, 0.158000 
49.789400, -112.126100, 28.507000 
52.322100, -113.516600, 50.686000 
53.571700, -113.349800, 48.357000 
53.721700, -113.191700, 130.390000 
53.841600, -113.097900, 1812.510000 
57.003300, -111.466100, 2.570000 
57.040500, -111.619200, 596.890000 
53.560000, -114.486200, 21.406000 
53.508500, -114.557100, 7.634000 
53.448700, -114.449100, 0.389000 
50.846700, -113.581170, 15.600000 
55.071200, -118.691200, 67.459000 
53.413300, -117.570600, 45.338000 
50.845800, -113.586700, 1268.000000 
53.541700, -113.391700, 0.641000 
53.204500, -116.811200, 6.935000 
50.086600, -110.716700, 2152.582000 
55.248100, -114.514000, 0.060000 
53.319300, -113.518000, 1.151000 
53.721800, -113.192700, 203.611000 
53.725400, -113.193000, 664.820000 
50.597600, -111.881800, 11.600000 
59.063100, -118.875700, 3.450000 
51.000700, -113.965670, 3.030000 
51.012800, -114.022000, 283.851000 
50.912700, -114.011800, 25.597000 
53.719000, -113.205600, 2.610000 
53.560800, -113.415300, 197.500000 
53.567200, -113.599300, 0.909000 
52.308800, -113.790000, 30.168000 
53.628800, -113.307700, 63.082000 
51.804300, -114.095400, 0.060000 
55.757600, -118.696700, 0.088000 
51.180450, -113.937280, 23.922000 
49.516600, -112.517500, 0.058000 
50.385800, -113.246500, 1.090000 
53.714800, -113.190000, 3.151000 
55.160200, -118.818400, 70.897000 
53.745100, -113.235600, 0.029000 
50.858900, -113.988500, 46.442000 
50.079800, -110.790300, 34.361000 
