55.996700, -118.533600, 2.521000 
53.539700, -113.409200, 6.930000 
56.377200, -117.175600, 134.154000 
53.833100, -113.108900, 0.280000 
53.344000, -114.305000, 369.441000 
53.733200, -113.175000, 23.586000 
53.288500, -110.018300, 1.380000 
52.146300, -115.330000, 6.609000 
50.747700, -114.494700, 10.269000 
54.952700, -119.195300, 6.116000 
53.952700, -113.078000, 0.697000 
54.572300, -115.522900, 5.286000 
54.596400, -110.395000, 65.957000 
55.335900, -119.223000, 3.292000 
50.647500, -113.772000, 3.038000 
54.194400, -116.632200, 9.254000 
53.546800, -113.734800, 1.741000 
53.245000, -115.674300, 6.010000 
53.746900, -113.164500, 0.570000 
53.718500, -113.183000, 0.004000 
54.144400, -115.691700, 0.800000 
49.789400, -112.126100, 2.708000 
54.179100, -115.806000, 0.843000 
52.564700, -112.141400, 419.238000 
51.531700, -111.786100, 36.854000 
54.007100, -119.104000, 50.453000 
51.742300, -114.134500, 1.867000 
52.496000, -114.988000, 2.077000 
50.675600, -110.025000, 1.701000 
53.529100, -113.387500, 25.725000 
52.322100, -113.516600, 0.377000 
53.571700, -113.349800, 95.515000 
52.959300, -115.893800, 9.980000 
52.463000, -114.346500, 2.510000 
51.637200, -112.866000, 0.488000 
52.776100, -115.660700, 5.210000 
52.758100, -114.111600, 8.930000 
52.226300, -115.177000, 5.380000 
58.500000, -119.416700, 16.130000 
53.089200, -116.805900, 0.274000 
53.559200, -113.388800, 0.036000 
52.940400, -114.832300, 3.258000 
55.725100, -119.399900, 5.427000 
52.308300, -113.550000, 133.075000 
49.713599, -112.796397, 0.985000 
51.191300, -113.940900, 23.195000 
49.305200, -114.000300, 11.937000 
51.039600, -114.559000, 21.000000 
51.965500, -114.753600, 17.200000 
56.380600, -116.795000, 6.103000 
53.722900, -113.174000, 0.089000 
53.721700, -113.191700, 18.306000 
53.841600, -113.097900, 133.350000 
53.652000, -116.099200, 2.023000 
54.423300, -117.760400, 8.758000 
57.003300, -111.466100, 681.951000 
57.040500, -111.619200, 761.440000 
53.560000, -114.486200, 85.801000 
53.508500, -114.557100, 825.683000 
53.448700, -114.449100, 199.637000 
52.385800, -113.595000, 0.024000 
51.022770, -114.027660, 0.370000 
52.033030, -113.938910, 38.106000 
53.227700, -114.988900, 5.000000 
53.593060, -116.390300, 65.007000 
51.570800, -114.851700, 3.164000 
55.070600, -118.688800, 1.102000 
50.846700, -113.581170, 187.240000 
55.071200, -118.691200, 56.962000 
53.795900, -113.099600, 10.160000 
53.804200, -113.082400, 7.821000 
53.413300, -117.570600, 318.005000 
50.845800, -113.586700, 7.070000 
53.533000, -113.411500, 0.552000 
53.541700, -113.391700, 208.676000 
53.181200, -115.762500, 14.904000 
51.219500, -114.645400, 4.171000 
50.805300, -110.034900, 5.985000 
54.833300, -118.646700, 9.368000 
54.524700, -116.794300, 2.712000 
52.553700, -111.694000, 0.447000 
54.130900, -115.546700, 0.713000 
53.204500, -116.811200, 2.640000 
50.086600, -110.716700, 12.256000 
53.550500, -113.358900, 69.077160 
58.555500, -118.915900, 3.318000 
51.526000, -113.880000, 1.118000 
51.696900, -114.475000, 10.905000 
55.248100, -114.514000, 0.648000 
53.022700, -112.811400, 0.001000 
54.772900, -110.579000, 93.360000 
54.185400, -116.210400, 13.460000 
51.400100, -114.034300, 5.790000 
53.757500, -113.149900, 1.253000 
51.926500, -114.542700, 0.642000 
54.427200, -116.884300, 6.660000 
53.132300, -115.981700, 4.110000 
55.913200, -115.150400, 0.948000 
52.035300, -115.137700, 1.113000 
53.728270, -113.235520, 15.025000 
54.510900, -115.511700, 7.143000 
53.283800, -110.031900, 16.396000 
50.061200, -110.723000, 0.465000 
55.481900, -119.059200, 6.484000 
51.789600, -114.702800, 2.037000 
49.701943, -112.803037, 3.269000 
54.238200, -115.379700, 1.500000 
53.721800, -113.192700, 2.858000 
53.725400, -113.193000, 6.360000 
55.029800, -118.744000, 44.267000 
55.041500, -119.631000, 3.694000 
55.273300, -114.599700, 0.184000 
55.162300, -118.816600, 1.674000 
53.505652, -113.412963, 0.863000 
49.628100, -114.571900, 2.191000 
50.848000, -113.581300, 0.019000 
57.546300, -119.112600, 1.310000 
55.040000, -115.475800, 3.050000 
50.597600, -111.881800, 27.230000 
50.583700, -113.871100, 27.573000 
53.250200, -115.555500, 3.312000 
55.489100, -119.750800, 10.940000 
49.723497, -112.785116, 0.247000 
53.581600, -113.599100, 12.684000 
55.876700, -119.301100, 0.753000 
51.222500, -114.495600, 6.701000 
53.576280, -113.317500, 0.476000 
51.060740, -113.995090, 0.431000 
51.030750, -113.399500, 0.150000 
53.557500, -116.547200, 8.463000 
59.063100, -118.875700, 1.478000 
53.817200, -113.133600, 17.484000 
51.058900, -115.174500, 161.446000 
51.004210, -113.989400, 0.300000 
52.940500, -112.721400, 1.033000 
52.327100, -112.718300, 16.270000 
56.904200, -117.633600, 2.110000 
53.670500, -115.762200, 1.191000 
53.723500, -113.173800, 5.874000 
53.908300, -118.816700, 2.360000 
50.058200, -110.728200, 11.648000 
54.133300, -115.366600, 4.796000 
53.719000, -113.205600, 0.039000 
55.074200, -117.274200, 2.053000 
58.194700, -116.350400, 3.023000 
55.199400, -116.221900, 2.082000 
55.993500, -113.480500, 2.230000 
53.576900, -113.570600, 0.809000 
53.799100, -113.080700, 7.170000 
58.518800, -117.119500, 97.220000 
54.139800, -115.689100, 1.556000 
54.587200, -112.803100, 0.529000 
53.332300, -113.524100, 0.201000 
49.693900, -112.096200, 4.880000 
53.498600, -113.387900, 0.001000 
53.616600, -115.711100, 0.030000 
52.510900, -110.969600, 0.030000 
50.543800, -111.795000, 0.030000 
55.833000, -119.470000, 0.030000 
53.902300, -115.189300, 2.730000 
53.740700, -113.023100, 17.365000 
52.212400, -113.843700, 1.540000 
52.228400, -114.397700, 2.824000 
51.189400, -113.937800, 3.566000 
52.766100, -114.285600, 0.496000 
53.593600, -113.335600, 0.180000 
57.298900, -111.503300, 20.388000 
49.725296, -112.798487, 2.615000 
50.040920, -110.721904, 5.210000 
50.443600, -110.882500, 2.270000 
50.269600, -112.893800, 3.315000 
54.846700, -112.567500, 0.424000 
49.789000, -112.134440, 7.690000 
52.308300, -113.550000, 615.746000 
51.910600, -114.668100, 1.538000 
58.447100, -119.238300, 3.945000 
58.460300, -115.238300, 0.520000 
53.402700, -117.599300, 1.722000 
50.577200, -111.178100, 0.539000 
56.981400, -111.462500, 0.320000 
52.869000, -115.101000, 0.823000 
50.671900, -110.028900, 1.396000 
52.904700, -115.324700, 0.727000 
55.582700, -110.888800, 5.053000 
53.091100, -111.768600, 1.032000 
55.069600, -110.536100, 27.558000 
53.373100, -116.086000, 1.368000 
51.006900, -113.192800, 2.848000 
52.308800, -113.790000, 1.548000 
57.351700, -111.522200, 23.008000 
53.628800, -113.307700, 3.791000 
51.154200, -114.187700, 7.246000 
51.028800, -114.044800, 5.423000 
53.519600, -113.529000, 3.286000 
51.024500, -114.025000, 9.920000 
52.315900, -113.850000, 2.398000 
50.847000, -113.591000, 5.243000 
53.819400, -113.141900, 2.860000 
54.043500, -117.420000, 1.557000 
49.975700, -114.130000, 0.905000 
52.058000, -114.908000, 0.882000 
52.983100, -112.189800, 0.569000 
54.288500, -116.978000, 0.410000 
54.829600, -118.647000, 1.859000 
51.099300, -112.639000, 1.002000 
53.960200, -116.460000, 0.825000 
54.483500, -118.100000, 0.512000 
57.188000, -118.248900, 0.416000 
52.719000, -115.708000, 0.363000 
51.360600, -111.745900, 0.426000 
55.450900, -113.923000, 0.547000 
50.697800, -111.531000, 1.173000 
50.704600, -110.844000, 0.481000 
51.943400, -114.736000, 2.006000 
53.470500, -116.496100, 1.367000 
50.693800, -114.330000, 1.352000 
52.355300, -115.332000, 0.702000 
51.444300, -114.527000, 0.996000 
53.244500, -116.238000, 1.525000 
53.481700, -113.489000, 1.415000 
51.015020, -114.026480, 20.816000 
51.068200, -115.136400, 98.112000 
53.862700, -110.639000, 0.430000 
52.479300, -115.206900, 1.795000 
53.431000, -117.540600, 0.044000 
53.010600, -112.810000, 0.631000 
52.255700, -113.886000, 0.455000 
53.645100, -114.130200, 0.316000 
53.555610, -113.633750, 0.038000 
52.028360, -113.954260, 2.177000 
53.584100, -113.614400, 1.473000 
51.407800, -113.668300, 0.871000 
50.963300, -112.288300, 0.840000 
50.676800, -110.018000, 0.755000 
50.701100, -111.095600, 0.645000 
53.571300, -113.339300, 7.150000 
53.066500, -117.404800, 11.810000 
53.543100, -117.797900, 0.359000 
52.588100, -111.206100, 0.011000 
53.943200, -113.596900, 129.000000 
54.293100, -116.188300, 4.027000 
53.826700, -113.603300, 1.855000 
53.039700, -111.220000, 1.609000 
55.866700, -119.596700, 0.749000 
53.559040, -113.693580, 0.704000 
50.991700, -114.030300, 0.255000 
51.168600, -114.210900, 0.926000 
50.991500, -114.030100, 0.491000 
51.065300, -115.221100, 1.361000 
55.736900, -117.185800, 13.225000 
55.757600, -118.696700, 1.050000 
53.550100, -113.775600, 12.230000 
53.501040, -113.489732, 13.092000 
52.375200, -114.921600, 7.508000 
50.026580, -110.665700, 6.763000 
51.020210, -114.019246, 12.637000 
49.878996, -112.774388, 0.394000 
49.790600, -112.131400, 0.603000 
53.573220, -113.316410, 1.073000 
53.303500, -113.577500, 1.940000 
51.212500, -113.958300, 0.234000 
55.969400, -117.575600, 0.423000 
52.412900, -114.407600, 1.328000 
49.976800, -112.042900, 0.866000 
50.194700, -110.479700, 0.539000 
53.601900, -111.628700, 3.270000 
55.141900, -118.464400, 0.374000 
49.784800, -112.151000, 0.533000 
52.843200, -111.722800, 0.466000 
53.607000, -112.592700, 0.332000 
53.537900, -111.785100, 0.608000 
53.635900, -112.019200, 0.623000 
51.209800, -110.161100, 0.338000 
51.791700, -111.536400, 0.405000 
52.555700, -111.805300, 0.964000 
56.036800, -113.782500, 0.327000 
52.402900, -111.736200, 0.512000 
55.644000, -114.659700, 1.544000 
54.897200, -117.708800, 0.683000 
54.101800, -114.292500, 0.338000 
54.221800, -110.584200, 0.503000 
53.883400, -110.041100, 0.574000 
50.471500, -111.606500, 1.892000 
50.227500, -113.548200, 0.367000 
53.155900, -112.326700, 0.824000 
55.869500, -112.001200, 0.453000 
55.924000, -111.896500, 0.451000 
52.923200, -115.107500, 0.538000 
52.322800, -114.020800, 0.596000 
58.568700, -119.201500, 4.934000 
55.985900, -119.955800, 0.579000 
55.767500, -119.588100, 0.700000 
54.138100, -111.908300, 0.428000 
53.890700, -117.354000, 0.542000 
55.396400, -119.599700, 0.794000 
53.956700, -111.172600, 0.408000 
53.796100, -111.941900, 0.690000 
54.203300, -116.848300, 0.595000 
53.766900, -112.203100, 0.917000 
50.129400, -111.908400, 4.204000 
55.328700, -119.388000, 0.412000 
54.494400, -115.957600, 0.833000 
54.538100, -115.932300, 0.707000 
54.650900, -114.528900, 1.432000 
55.116400, -116.712300, 0.127000 
52.544800, -110.713600, 0.354000 
58.943200, -118.916800, 5.503000 
59.230700, -119.275900, 0.726000 
59.067000, -118.875900, 5.969000 
59.194300, -118.604700, 0.426000 
58.975900, -119.118700, 0.301000 
59.005100, -119.033200, 0.260000 
57.364000, -119.763000, 0.322000 
52.588400, -113.161800, 0.320000 
52.180900, -112.647600, 0.464000 
51.893700, -114.400400, 0.627000 
52.480900, -114.870200, 0.375000 
52.544800, -114.641600, 0.481000 
52.319300, -111.477600, 1.385000 
51.977300, -111.173400, 0.509000 
52.333700, -111.357300, 2.158000 
51.962900, -111.016100, 0.814000 
51.911800, -111.188100, 2.059000 
52.515700, -113.173800, 1.385000 
52.104400, -110.695000, 2.924000 
52.020900, -110.809400, 0.332000 
52.421200, -110.388600, 1.440000 
52.264500, -110.570500, 0.297000 
50.737400, -112.084900, 0.563000 
54.162500, -112.841800, 0.341000 
50.704300, -111.155300, 0.887000 
50.838700, -111.520100, 0.526000 
52.166500, -113.256300, 0.633000 
54.785300, -117.658000, 3.770000 
57.200800, -118.819200, 0.392000 
55.494700, -119.289500, 0.583000 
49.852100, -111.665000, 2.485000 
51.682500, -111.293600, 0.800000 
51.488700, -113.153900, 0.854000 
53.719800, -113.596300, 0.661000 
50.675000, -110.049200, 0.676000 
53.416800, -113.917700, 1.253000 
53.941500, -113.664600, 0.281000 
53.137600, -113.794100, 0.848000 
55.305700, -115.046100, 0.427000 
57.189700, -119.054800, 0.123000 
53.821500, -113.490400, 5.229000 
56.964500, -117.007100, 0.588000 
52.366500, -112.734900, 0.892000 
52.122900, -110.570500, 4.523000 
52.479300, -110.936100, 2.409000 
53.861500, -114.756100, 0.722000 
57.153300, -118.334500, 1.828000 
51.333400, -110.667500, 0.379000 
51.959000, -110.767500, 0.421000 
55.698300, -118.783300, 0.626000 
55.714100, -118.830400, 0.412000 
56.982800, -118.305800, 0.309000 
51.773700, -114.222900, 0.415000 
51.991800, -110.928600, 1.152000 
56.069400, -119.877200, 0.466000 
56.506100, -117.982800, 0.338000 
51.413400, -111.766500, 0.307000 
50.220300, -112.444200, 0.450000 
49.521900, -112.859000, 0.412000 
51.919000, -114.394600, 1.105000 
51.897200, -115.040200, 0.085000 
51.828100, -114.980700, 0.359000 
53.912600, -116.745100, 0.143000 
54.207000, -117.169300, 0.550000 
54.385300, -116.975100, 0.364000 
57.338900, -119.657100, 1.003000 
57.193700, -118.199700, 4.654000 
57.418900, -118.942600, 0.266000 
57.502800, -118.745700, 2.677000 
57.338900, -118.460000, 0.638000 
55.352900, -110.627800, 0.228000 
55.396500, -110.737300, 0.313000 
55.691200, -111.275900, 0.635000 
55.509300, -114.146900, 0.040000 
55.585600, -117.891600, 4.017000 
53.159500, -114.902800, 0.651000 
54.829200, -119.490000, 0.040000 
52.544800, -114.545200, 0.744000 
53.103200, -115.363400, 1.461000 
52.814000, -114.786000, 0.434000 
52.708400, -115.428900, 0.769000 
53.610600, -117.695900, 1.435000 
53.625000, -117.782300, 0.390000 
53.828700, -115.943000, 0.312000 
49.958300, -113.556600, 0.514000 
53.076000, -111.299800, 0.378000 
53.035900, -111.403600, 1.158000 
53.777900, -115.974200, 0.378000 
54.985600, -119.828100, 0.406000 
57.418900, -119.561200, 0.389000 
51.065100, -114.130500, 0.857000 
51.180450, -113.937280, 5.817000 
53.013900, -116.258600, 0.592000 
52.703800, -114.572500, 0.905000 
52.064400, -114.271400, 0.860000 
51.027000, -114.018600, 1.220000 
54.130600, -119.218900, 0.451000 
52.272200, -111.031700, 0.385000 
51.213300, -111.355600, 0.466000 
52.013600, -112.986700, 0.309000 
54.894400, -111.813900, 0.562000 
55.069400, -113.313900, 0.653000 
53.499300, -116.805300, 1.404000 
50.718600, -111.322200, 1.689000 
51.620800, -112.069400, 0.355000 
54.152500, -111.588600, 0.365000 
55.432800, -114.807200, 1.151000 
57.004500, -113.188600, 1.847000 
52.915800, -113.022500, 1.279000 
51.635300, -112.531400, 1.072000 
55.186400, -111.439100, 0.330000 
51.449700, -111.571700, 0.914000 
54.257200, -112.373600, 0.473000 
54.447400, -117.523700, 0.320000 
55.334700, -119.405300, 0.606000 
56.135000, -113.028300, 2.200000 
56.891000, -112.671500, 0.589000 
56.134800, -113.201300, 1.415000 
55.121400, -114.159100, 0.302000 
53.997000, -111.569200, 0.520000 
54.130600, -115.231400, 0.863000 
54.685600, -117.414400, 0.519000 
54.523500, -113.846300, 0.338000 
54.612500, -118.214300, 1.616000 
53.215900, -116.497000, 0.538000 
54.102500, -112.310200, 0.420000 
55.631500, -112.189600, 0.520000 
54.261700, -117.249400, 0.415000 
55.949600, -110.624000, 0.300000 
55.891800, -111.717900, 0.360000 
50.567300, -111.213500, 0.377000 
54.510600, -117.501800, 0.319000 
53.418900, -110.297400, 0.630000 
53.868700, -110.202400, 1.178000 
52.155600, -113.529700, 0.683000 
56.956900, -112.850800, 0.373000 
54.702500, -112.900400, 0.535000 
53.770600, -117.601400, 1.279000 
56.913500, -112.765900, 0.360000 
55.968000, -113.369300, 1.800000 
54.760400, -113.959500, 0.336000 
53.583000, -116.842000, 0.949000 
54.803600, -110.347500, 0.551000 
54.687300, -117.588700, 0.378000 
54.528700, -117.464200, 0.742000 
50.002600, -111.695600, 1.743000 
56.302200, -112.309400, 0.331000 
50.047200, -113.556900, 0.333000 
55.823000, -110.792300, 0.442000 
50.511400, -111.289400, 0.505000 
56.622700, -119.946500, 2.630000 
54.105300, -117.512800, 0.318000 
50.191900, -111.301800, 0.795000 
53.714300, -110.747300, 0.416000 
54.974300, -117.285800, 0.317000 
50.231100, -111.434000, 1.248000 
54.206700, -116.766700, 0.400000 
53.706600, -117.241000, 0.700000 
53.928400, -116.717200, 0.170000 
51.971600, -112.630300, 0.411000 
51.315900, -113.428500, 0.429000 
52.613900, -112.805800, 0.670000 
52.544700, -112.902200, 0.513000 
51.691800, -112.224000, 0.586000 
51.225200, -113.612600, 0.339000 
55.993100, -119.771100, 0.356000 
55.265600, -114.601400, 2.416000 
53.388600, -115.315800, 2.670000 
55.146800, -114.517100, 0.700000 
50.471500, -111.652300, 3.648000 
54.541800, -117.884100, 0.667000 
50.397600, -113.925500, 0.778000 
56.556900, -119.363900, 0.812000 
53.706600, -115.976300, 0.437000 
50.653300, -111.166100, 0.550000 
50.576700, -112.630300, 0.318000 
51.024500, -111.642800, 3.453000 
51.552500, -111.490600, 0.528000 
51.176900, -112.055300, 0.595000 
51.915100, -113.373700, 0.344000 
52.091000, -112.761500, 0.300000 
52.851400, -114.046900, 0.634000 
55.781200, -114.307200, 0.348000 
52.197100, -114.367700, 0.318000 
53.825000, -115.556700, 0.662000 
57.066100, -114.777500, 6.570000 
56.880600, -114.757200, 0.930000 
56.796900, -114.349300, 0.660000 
57.309200, -114.856300, 0.990000 
56.960600, -114.716900, 0.810000 
56.215000, -110.968100, 0.359000 
52.260500, -113.816600, 0.445000 
55.639400, -118.984300, 0.329000 
52.366300, -114.963000, 1.015000 
55.666900, -117.761600, 0.793000 
55.651800, -111.084400, 2.667000 
55.432800, -118.041700, 0.345000 
56.930900, -115.252200, 0.330000 
55.800300, -117.813800, 0.383000 
56.281800, -119.166800, 0.561000 
56.731500, -115.611500, 0.560000 
52.370000, -115.061700, 0.375000 
54.348900, -119.463300, 1.705000 
55.586800, -119.433800, 0.629000 
52.399300, -115.020500, 0.801000 
57.418900, -119.675000, 0.604000 
56.300000, -119.097900, 0.459000 
57.374300, -119.234900, 1.237000 
55.769300, -118.567800, 0.641000 
55.429200, -113.618100, 0.414000 
54.033400, -117.756900, 2.220000 
54.965100, -119.306800, 1.840000 
56.091600, -111.039700, 0.373000 
52.140800, -112.157200, 0.306000 
55.954200, -117.710800, 0.496000 
50.165300, -110.666200, 0.328000 
51.495900, -114.210100, 0.604000 
50.202700, -110.661300, 0.424000 
50.336700, -110.135000, 1.098000 
50.294200, -110.593500, 0.866000 
50.191100, -110.259400, 0.631000 
53.337800, -111.243900, 0.741000 
52.090700, -112.766700, 2.120000 
55.862200, -119.589200, 0.340000 
56.098600, -119.288100, 0.318000 
55.945800, -119.805300, 0.566000 
55.943900, -119.923100, 0.450000 
49.698011, -112.823139, 0.019000 
50.289400, -112.007500, 0.345000 
50.438700, -111.284800, 1.581000 
50.671500, -111.695300, 0.704000 
51.126200, -112.359500, 0.714000 
50.675000, -111.762200, 0.565000 
50.802300, -111.902000, 0.563000 
50.795100, -112.017800, 0.502000 
50.893400, -112.174000, 0.561000 
50.842300, -112.463400, 0.379000 
50.915100, -112.451700, 1.614000 
50.707900, -112.353400, 0.380000 
50.711500, -112.394000, 0.860000 
50.889400, -113.406800, 0.583000 
51.402600, -113.247400, 0.679000 
49.205300, -111.037700, 0.503000 
50.766500, -111.946400, 1.426000 
57.931900, -117.835000, 0.706000 
58.081200, -117.635600, 0.815000 
57.808400, -118.093900, 0.423000 
55.047300, -110.577800, 0.687000 
55.294800, -110.795100, 0.304000 
57.266800, -114.892000, 0.578000 
50.165800, -111.052800, 0.326000 
50.223900, -110.761900, 1.788000 
50.224000, -110.037500, 2.816000 
50.398600, -110.503300, 11.391000 
50.573100, -111.177500, 0.797000 
50.700700, -110.478000, 0.993000 
50.700600, -110.772500, 0.508000 
52.574000, -115.393600, 0.375000 
56.095100, -113.448600, 5.924000 
50.536900, -112.031500, 1.120000 
50.700700, -111.022200, 0.403000 
52.526800, -111.782500, 1.198000 
50.314700, -111.968400, 0.481000 
50.631500, -111.022200, 3.413000 
50.336800, -111.169800, 0.589000 
53.148600, -111.195000, 0.646000 
53.075900, -111.299700, 1.021000 
53.126800, -111.043000, 0.350000 
52.424800, -110.364700, 0.690000 
53.763400, -114.770000, 0.836000 
53.810700, -114.706400, 0.393000 
52.457600, -113.576800, 0.715000 
53.254000, -113.048200, 0.433000 
53.064800, -110.608900, 0.440000 
52.333700, -111.059400, 0.981000 
56.302200, -119.901200, 0.335000 
51.239700, -115.564600, 0.458000 
51.766200, -111.963700, 0.381000 
50.922300, -112.003700, 0.406000 
55.633700, -119.575000, 0.997000 
55.619600, -119.503300, 0.506000 
50.333200, -111.732800, 1.146000 
53.837900, -113.933100, 0.447000 
52.188200, -114.344100, 0.301000 
52.908400, -114.088800, 0.307000 
53.188700, -115.642200, 0.470000 
51.439000, -112.054500, 0.456000 
51.359000, -112.360100, 0.678000 
51.784500, -113.402700, 0.383000 
51.531300, -113.276300, 1.000000 
51.642600, -113.337700, 2.219000 
53.374300, -114.527900, 1.234000 
53.989000, -116.950100, 0.848000 
53.228700, -115.104400, 2.035000 
54.323400, -115.677500, 1.070000 
51.726200, -114.436000, 0.456000 
54.509700, -110.909900, 0.324000 
52.435700, -113.390400, 1.270000 
55.433300, -116.483200, 0.859000 
51.971000, -114.052700, 0.349000 
52.450400, -110.851900, 2.065000 
52.482800, -110.026900, 1.145000 
52.465000, -110.121000, 0.589000 
52.359300, -114.785700, 1.686000 
52.486400, -114.490000, 0.388000 
53.825100, -116.396900, 0.535000 
50.758700, -112.498100, 0.520000 
50.100300, -112.262000, 0.441000 
51.093400, -112.820100, 0.541000 
52.275700, -114.218800, 0.828000 
53.843400, -112.979700, 0.635000 
51.871800, -112.887600, 0.450000 
52.115700, -110.983100, 0.612000 
56.613100, -112.849000, 1.575000 
56.233200, -113.896400, 1.105000 
55.385700, -113.001600, 0.564000 
50.889500, -111.184200, 0.455000 
50.587900, -111.815100, 2.100000 
49.758300, -112.159700, 0.492000 
50.711900, -111.057400, 0.972000 
54.800000, -119.106100, 2.254000 
53.428700, -116.722200, 0.414000 
53.635900, -116.931800, 0.618000 
52.806700, -116.210000, 1.476000 
52.472000, -110.093900, 0.306000 
49.900300, -111.817000, 1.010000 
50.689500, -111.554800, 0.757000 
52.610400, -114.821800, 1.203000 
58.568700, -119.061500, 1.650000 
56.313200, -111.636200, 14.805000 
54.268900, -111.143600, 0.444000 
57.877200, -119.740900, 0.666000 
49.652800, -111.231900, 0.413000 
56.706200, -110.377600, 1.370000 
53.561500, -116.577900, 12.673000 
50.299100, -112.185400, 0.353000 
53.523200, -114.879200, 0.130000 
56.560600, -119.031700, 0.768000 
52.042900, -114.588800, 0.820000 
53.974300, -114.923900, 0.320000 
52.759300, -115.531900, 0.360000 
49.816400, -112.070100, 0.080000 
52.522900, -111.634000, 0.074000 
49.791100, -112.557000, 0.021000 
49.761900, -113.394800, 0.050000 
50.693100, -111.322200, 0.340000 
51.739900, -113.351900, 0.830000 
54.963600, -117.670700, 0.925000 
58.615900, -119.015700, 0.393000 
58.466800, -118.788700, 0.453000 
58.761500, -118.690400, 1.135000 
49.697836, -112.821799, 0.466000 
55.254700, -118.930800, 1.389000 
55.254700, -118.917800, 0.792000 
54.538100, -119.066400, 0.647000 
55.327500, -119.007800, 0.465000 
56.833400, -113.112100, 0.689000 
55.847500, -111.358600, 0.303000 
57.200900, -112.905700, 1.794000 
59.641800, -118.307800, 3.129000 
54.418100, -116.362000, 0.868000 
54.330800, -116.367000, 0.316000 
54.232500, -116.611500, 0.350000 
54.363300, -116.624000, 1.173000 
54.792900, -115.521700, 4.200000 
55.825900, -115.229000, 0.020000 
50.111100, -111.954000, 0.350000 
54.458200, -115.641400, 0.380000 
53.828700, -115.943300, 0.320000 
54.647300, -115.495800, 1.130000 
53.352200, -115.421100, 0.338000 
55.710300, -116.604200, 0.383000 
55.651200, -116.386000, 1.425000 
51.868200, -110.139700, 0.495000 
53.090400, -115.245000, 1.340000 
53.254000, -114.437900, 0.797000 
53.181200, -114.486800, 2.272000 
52.936200, -114.160900, 1.617000 
52.890400, -114.865000, 0.370000 
56.648300, -115.705700, 1.234000 
55.441300, -116.773800, 0.423000 
56.458600, -119.914300, 0.508000 
54.844900, -115.332400, 2.580000 
56.546600, -115.293500, 0.578000 
53.428700, -115.125800, 1.131000 
56.590200, -115.878400, 1.966000 
50.337100, -111.513600, 1.494000 
53.479400, -115.130800, 0.577000 
52.446500, -114.671600, 0.402000 
52.650400, -115.080800, 1.727000 
52.155700, -110.893800, 2.948000 
57.320900, -118.063600, 0.321000 
53.173900, -114.884600, 1.433000 
57.851600, -119.158100, 0.459000 
50.271200, -110.376900, 0.399000 
52.439300, -115.044700, 0.534000 
52.461400, -114.346900, 0.746000 
53.064700, -116.436900, 0.721000 
53.163100, -117.017800, 0.660000 
57.042500, -111.905000, 7.133210 
55.750400, -119.787600, 0.755000 
56.368500, -115.360700, 0.324000 
56.764300, -115.631800, 0.963000 
53.752300, -117.099300, 0.890000 
50.253200, -111.319200, 0.579000 
50.736800, -113.325700, 0.390000 
54.668900, -118.908300, 0.471000 
55.603900, -119.347800, 0.577000 
54.672800, -118.914700, 0.533000 
54.370800, -116.874800, 0.554000 
52.028200, -114.809600, 0.483000 
52.843100, -115.604700, 0.601000 
50.173400, -112.395600, 0.546000 
52.545700, -114.106000, 0.343000 
50.085600, -111.589000, 0.742000 
50.013100, -112.393100, 2.538000 
50.046300, -112.477200, 0.730000 
54.290800, -118.493200, 0.960000 
58.368300, -118.990000, 0.612000 
50.889400, -114.761800, 2.070000 
49.229200, -114.029100, 5.875000 
49.488900, -113.955100, 8.250000 
52.088200, -115.689400, 0.380000 
51.135900, -114.144900, 0.622000 
51.599900, -115.356900, 0.638000 
51.635300, -115.139200, 0.413000 
53.174000, -114.554100, 0.829000 
52.042800, -114.958800, 0.335000 
53.272300, -114.725300, 0.612000 
56.251400, -119.960600, 0.303000 
52.621200, -112.211500, 0.657000 
53.279500, -111.587000, 2.850000 
53.195900, -111.911200, 0.373000 
52.701200, -112.259500, 0.762000 
50.994100, -113.958300, 0.700000 
53.499900, -113.418000, 0.012000 
55.771100, -119.308900, 1.439000 
54.421700, -117.784300, 0.576000 
53.734200, -118.395600, 0.863000 
52.766700, -116.393000, 1.039000 
56.095100, -118.758700, 0.780000 
53.854300, -117.391200, 1.139000 
55.378300, -118.499700, 3.231000 
56.440600, -119.775700, 0.831000 
54.265300, -116.342000, 0.527000 
54.119800, -116.273100, 0.790000 
53.577900, -116.599000, 0.632000 
53.799800, -116.092200, 0.624000 
54.079700, -118.342700, 0.318000 
54.178700, -117.328400, 3.814000 
53.918400, -117.297000, 0.492000 
56.223300, -119.570800, 0.539000 
52.681000, -110.184000, 0.457000 
52.989300, -114.157900, 0.526000 
52.918200, -110.258900, 0.300000 
52.646900, -110.188000, 1.786000 
52.890700, -110.252700, 0.485000 
52.830300, -116.272200, 1.016000 
53.022200, -116.520800, 0.524000 
52.958200, -114.679900, 0.592000 
52.969200, -116.692500, 2.780000 
54.141200, -112.958800, 0.488000 
55.266800, -112.567900, 0.424000 
56.364200, -119.934300, 0.785000 
55.338100, -118.536700, 1.703000 
50.168300, -112.299800, 0.426000 
50.013100, -112.611500, 1.891000 
50.311700, -112.515100, 0.388000 
56.851800, -115.208100, 0.367000 
52.792000, -112.562700, 0.068000 
52.031800, -112.629500, 0.614000 
55.070800, -118.695000, 0.340000 
53.346200, -113.517200, 1.074000 
53.170400, -115.177800, 0.311000 
53.847000, -114.619400, 0.736000 
53.484800, -115.607600, 1.201000 
53.385100, -115.612800, 1.952000 
53.290400, -115.831900, 0.444000 
52.180900, -113.083200, 0.639000 
53.305100, -115.691100, 0.325000 
53.483200, -115.526400, 0.631000 
52.188200, -110.988300, 1.398000 
49.616400, -111.917300, 4.232000 
50.169400, -112.501500, 1.188000 
54.690800, -115.704500, 0.767000 
54.465400, -113.221600, 0.328000 
54.162360, -115.733900, 2.561000 
54.432500, -116.139700, 0.372000 
52.475700, -111.700100, 0.573000 
55.197120, -118.788450, 0.490000 
52.981500, -112.707700, 1.519000 
52.349900, -110.266600, 1.490000 
49.833300, -111.699800, 11.938000 
49.516600, -112.517500, 1.034000 
55.072800, -116.975700, 0.361000 
51.828200, -111.774200, 0.782000 
51.686200, -110.666900, 0.117000 
56.070600, -119.960500, 0.535000 
54.145400, -115.815500, 0.319000 
54.105400, -117.526500, 1.954000 
55.950000, -110.601900, 0.630000 
49.594700, -111.905900, 1.814000 
57.087200, -112.899500, 0.705000 
56.007600, -113.402800, 4.193000 
54.054200, -118.308700, 0.827000 
56.578600, -119.058300, 2.121000 
53.977900, -116.751200, 2.900000 
55.318300, -116.491800, 0.410000 
50.093100, -110.732800, 0.475000 
53.590480, -116.172680, 0.409000 
51.624500, -112.952600, 0.635000 
51.700900, -112.852000, 0.426000 
52.759300, -114.125200, 0.392000 
51.930100, -113.538800, 0.334000 
53.959800, -111.818700, 0.406000 
54.956400, -119.783300, 0.369000 
55.254700, -119.458100, 0.580000 
53.958000, -118.772800, 0.573000 
55.771200, -115.548700, 3.487000 
55.618300, -119.613900, 0.808000 
52.322900, -114.707700, 0.488000 
56.271846, -111.498890, 0.354000 
56.535000, -115.016900, 0.701000 
54.807300, -115.413300, 5.316000 
54.752900, -115.439200, 2.448000 
54.800000, -115.520600, 2.036000 
53.294000, -115.972500, 0.546000 
54.467300, -110.209200, 0.431000 
54.273400, -110.751000, 0.436000 
54.169000, -115.762200, 0.339000 
53.578344, -115.855642, 0.757000 
55.407500, -119.226700, 0.305000 
57.488000, -119.168900, 0.975000 
56.586100, -118.991700, 1.740000 
51.359000, -112.418700, 0.573000 
53.021100, -116.216900, 0.313000 
52.475700, -110.322500, 0.347000 
56.495700, -115.604300, 0.425000 
56.517000, -116.045500, 6.163000 
56.491400, -115.397500, 0.416000 
52.366500, -110.791600, 0.729000 
56.527900, -115.311500, 1.335000 
51.569700, -114.985200, 0.620000 
52.322900, -110.298300, 0.420000 
56.506100, -119.432000, 0.947000 
49.731100, -113.460100, 0.035000 
49.709466, -112.781685, 0.499000 
52.942400, -113.511100, 1.818000 
51.900900, -111.608400, 0.576000 
54.338100, -116.580100, 0.695000 
55.833100, -119.058900, 0.343000 
55.829400, -119.052200, 0.462000 
55.007200, -116.873400, 0.637000 
53.484800, -115.607600, 0.308000 
54.166900, -118.486900, 0.770000 
51.489800, -112.888700, 0.387000 
50.831400, -110.865000, 0.343000 
49.907500, -112.227600, 0.464000 
54.668900, -117.651600, 1.444000 
58.568700, -119.334300, 0.713000 
51.491800, -114.030200, 0.512000 
52.794000, -111.825900, 0.480000 
53.434200, -111.805800, 0.762000 
51.804500, -113.239900, 1.238000 
52.192000, -114.111300, 0.334000 
53.363200, -112.039500, 0.326000 
53.134000, -111.850100, 1.258000 
53.575400, -113.624100, 14.930000 
53.714800, -113.190000, 0.461000 
57.217500, -110.895000, 24.486000 
55.745800, -119.620300, 0.537000 
52.661200, -110.496900, 0.339000 
52.679300, -110.155200, 0.729000 
50.556100, -114.236300, 0.094000 
56.666700, -111.345100, 14.730000 
56.055100, -115.366500, 1.204000 
52.875700, -111.422500, 0.437000 
52.875700, -111.483300, 1.012000 
54.506800, -116.789100, 0.328000 
51.176500, -114.194900, 0.890000 
53.558800, -113.473700, 0.673000 
53.558600, -113.368000, 277.000000 
55.835800, -114.697100, 0.310000 
51.727500, -113.819000, 0.393000 
51.326800, -110.165300, 2.448000 
51.341500, -110.147900, 1.775000 
57.219100, -118.769300, 0.469000 
54.903200, -115.205800, 3.260000 
50.993800, -113.990000, 11.944000 
55.201500, -119.881400, 0.382000 
56.197600, -116.144500, 1.382000 
53.768900, -112.166400, 0.657000 
51.145200, -112.507900, 0.342000 
55.554200, -119.760200, 0.493000 
52.493200, -114.318100, 0.426000 
54.954100, -115.218400, 0.230000 
52.115800, -110.579400, 4.338000 
58.494400, -118.673600, 0.769000 
57.211800, -118.010800, 0.394000 
54.438200, -119.676100, 1.015000 
53.834000, -117.912400, 12.365000 
53.987100, -117.351500, 1.254000 
50.571300, -112.146100, 0.361000 
50.683000, -111.548000, 2.626000 
55.320300, -118.762000, 0.321000 
50.624800, -111.588500, 0.802000 
50.064300, -112.276400, 0.405000 
49.119100, -113.761500, 0.601000 
52.137500, -113.477800, 0.560000 
53.237800, -114.601800, 0.390000 
50.631900, -111.011300, 1.022000 
50.155700, -114.453300, 0.690000 
54.423700, -119.349700, 0.310000 
54.685600, -118.772100, 0.340000 
50.087600, -112.282900, 0.401000 
50.486700, -112.917000, 0.423000 
53.332400, -111.451000, 0.455000 
50.640600, -114.293200, 0.049000 
50.950500, -113.958000, 1.093000 
56.486500, -114.120400, 0.356000 
52.764900, -114.957500, 0.547000 
52.941200, -118.043000, 3.286000 
56.937100, -113.480800, 1.003000 
58.695200, -114.005000, 3.196000 
55.483600, -115.394000, 0.500000 
57.546100, -119.106200, 0.421000 
58.727600, -111.136400, 1.312000 
50.593000, -111.492000, 1.202000 
53.175900, -115.271100, 0.823000 
55.160200, -118.818400, 38.600000 
54.870400, -117.652600, 0.492000 
49.867000, -111.383000, 0.926000 
53.559400, -113.347200, 8.300000 
51.071400, -115.132000, 1.001000 
50.701400, -111.554300, 3.381000 
51.570600, -113.688200, 0.497000 
51.723600, -113.616200, 0.340000 
51.770800, -113.622100, 1.267000 
59.254000, -119.683100, 0.737000 
55.634000, -115.938400, 0.418000 
52.361000, -113.819400, 0.056000 
52.549200, -113.840800, 0.395000 
49.720000, -113.500300, 0.772000 
53.599500, -111.416200, 0.875000 
55.714100, -115.899700, 1.662000 
54.379500, -117.210700, 0.352000 
54.866900, -118.798100, 0.557000 
55.248700, -119.246800, 0.339000 
54.477900, -117.590300, 0.485000 
53.666400, -117.259600, 2.681000 
50.479100, -111.473800, 0.750000 
52.630400, -114.346500, 0.335000 
54.040000, -114.130000, 0.385000 
54.455100, -111.092200, 1.016000 
56.482100, -117.963100, 1.034000 
54.247500, -110.686500, 0.451000 
52.530400, -112.934800, 0.442000 
53.936200, -113.499600, 0.800000 
51.600900, -111.231500, 0.360000 
50.393200, -113.828900, 0.387000 
50.540900, -111.794500, 0.870000 
52.568100, -114.455500, 0.541000 
55.103300, -119.192300, 2.832000 
55.092400, -119.186000, 1.673000 
53.564400, -116.250100, 0.459000 
57.662400, -119.822600, 0.346000 
56.620800, -119.463600, 1.165000 
52.441300, -115.281800, 0.572000 
54.055700, -117.243900, 1.299000 
53.655600, -117.081700, 1.159000 
53.221600, -114.973300, 1.997000 
55.278800, -114.766600, 2.368000 
55.118600, -118.361300, 3.235000 
54.423900, -110.304200, 1.093000 
54.171000, -118.334400, 3.454000 
50.485300, -111.171600, 3.157000 
50.626000, -111.626900, 4.177000 
52.932200, -110.764800, 0.492000 
52.255600, -111.618200, 0.450000 
53.566800, -113.365000, 4.998000 
52.639900, -111.273500, 8.726000 
52.675000, -114.717500, 0.348000 
52.437900, -113.858500, 0.331000 
54.638200, -118.396100, 0.525000 
54.342700, -110.328700, 4.460000 
52.262900, -111.618200, 0.795000 
52.110100, -110.968400, 1.141000 
53.500000, -113.440000, 1.593000 
53.266900, -111.912400, 0.310000 
53.477900, -111.936300, 0.500000 
53.427000, -112.075100, 0.482000 
54.675800, -115.393900, 1.358000 
56.454600, -119.905000, 1.855000 
51.030100, -114.041200, 0.728000 
53.543600, -113.494000, 1.301000 
51.030100, -114.041200, 0.395000 
53.561900, -113.506000, 0.353000 
56.524400, -113.464600, 0.578000 
53.343900, -114.323700, 0.049000 
54.285000, -115.698200, 2.250000 
52.196969, -112.869740, 0.760000 
51.694400, -113.214400, 0.360000 
52.470100, -114.346400, 1.778000 
55.250000, -116.290000, 1.474000 
52.380000, -114.140000, 2.012000 
52.866700, -112.200000, 1.399000 
51.435000, -111.755000, 0.954000 
53.329400, -114.290300, 1.750000 
52.718000, -114.022900, 0.386000 
52.976200, -115.262000, 0.406000 
52.965200, -115.243900, 0.533000 
53.034200, -115.290800, 0.962000 
55.110500, -119.199000, 1.068000 
52.514000, -115.042200, 0.515000 
52.384800, -113.713200, 0.475000 
49.591390, -114.028330, 0.843000 
50.266657, -112.836800, 1.223000 
52.776000, -110.484500, 0.622000 
53.870300, -117.088800, 0.437000 
52.295400, -115.825300, 1.482000 
52.863400, -110.466700, 0.313000 
57.288700, -111.886800, 0.440000 
55.842400, -119.691800, 0.568000 
54.623400, -118.192200, 0.759000 
54.125100, -116.816700, 1.319000 
52.641400, -115.125800, 0.988000 
52.583000, -113.734000, 0.313000 
59.916100, -117.034200, 0.433000 
51.157600, -114.191600, 0.745000 
53.678600, -113.804600, 1.147000 
53.007200, -117.327200, 0.426000 
53.693700, -113.844600, 2.287000 
52.494100, -113.852000, 0.710000 
50.845000, -111.684000, 1.353000 
55.998000, -118.532200, 2.159000 
54.863300, -119.001700, 0.638000 
54.352100, -119.460100, 0.528000 
54.116900, -110.214800, 0.429000 
57.347300, -119.552100, 0.781000 
53.066800, -115.412200, 0.457000 
52.102500, -114.426100, 0.802000 
54.299600, -118.520500, 0.332000 
51.887800, -114.647300, 0.480000 
51.905900, -114.594200, 0.410000 
56.517400, -115.693200, 1.513000 
52.945100, -113.804400, 0.350000 
53.688100, -111.365700, 0.581000 
53.604400, -111.322600, 0.361000 
54.416700, -118.735900, 0.337000 
57.309900, -119.751300, 0.311000 
56.193600, -110.950600, 15.985000 
53.348000, -115.995300, 0.371000 
54.404000, -118.882700, 0.344000 
53.519000, -118.083400, 0.384000 
52.420200, -115.198500, 0.477000 
55.110500, -119.185900, 1.148000 
55.052400, -119.453000, 0.353000 
55.527900, -110.873800, 6.722000 
54.226800, -118.628100, 0.736000 
52.635200, -111.263900, 0.470000 
51.825500, -110.338700, 0.318000 
54.365500, -118.325700, 0.443000 
52.006600, -110.870900, 0.894000 
53.666600, -115.632200, 0.873000 
51.821700, -110.350400, 0.338000 
52.483700, -114.527000, 0.378000 
51.950100, -114.594000, 0.694000 
51.964000, -114.740700, 0.694000 
51.749600, -114.819000, 0.694000 
55.666400, -110.714000, 6.223000 
56.619100, -115.141500, 0.339000 
56.411700, -110.937600, 22.851000 
53.019700, -112.193800, 0.604000 
55.233400, -115.069700, 3.500000 
51.786500, -113.399100, 0.360000 
52.112000, -112.984200, 0.060000 
51.857400, -114.986700, 0.030000 
53.193900, -115.291900, 0.964000 
53.734700, -113.683700, 0.468000 
57.884300, -118.604400, 0.329000 
53.054200, -114.935400, 2.008000 
52.697300, -111.200700, 0.355000 
52.047700, -113.673500, 0.675000 
52.395800, -110.504900, 0.788000 
50.413600, -112.006400, 0.495000 
56.546500, -115.248000, 1.811000 
56.925000, -115.902600, 1.411000 
56.099300, -116.320800, 3.675000 
57.666100, -119.185500, 0.322000 
54.590500, -115.856500, 0.326000 
52.594100, -114.879300, 1.360000 
51.898100, -113.567200, 1.321000 
54.198900, -119.052900, 0.483000 
56.173100, -116.199000, 7.479000 
56.303500, -116.556300, 0.186000 
54.323000, -110.250000, 2.190000 
54.656560, -119.915230, 1.607000 
52.801600, -116.463200, 0.458000 
52.817000, -110.537500, 0.450000 
52.969000, -116.688400, 0.394000 
54.441400, -116.121600, 0.233000 
57.545800, -119.110200, 1.293000 
53.176000, -115.272300, 0.783000 
55.662600, -111.257700, 60.173000 
53.975700, -117.287500, 1.926000 
53.862200, -111.637100, 0.302000 
55.997100, -113.473700, 1.927000 
54.914300, -118.912500, 0.364000 
51.716800, -114.642400, 1.135000 
55.608800, -118.003600, 2.828000 
53.812700, -114.728000, 0.586000 
55.640500, -117.119300, 6.871000 
53.791200, -114.612900, 0.451000 
55.489500, -118.325200, 5.009000 
53.350200, -110.845800, 0.853000 
55.031700, -115.592400, 0.300000 
54.710600, -117.615400, 1.154000 
54.349300, -111.382500, 1.847000 
53.190400, -115.223500, 0.318000 
53.322400, -110.671800, 0.431000 
55.466100, -119.543500, 0.545000 
52.608600, -114.724200, 0.449000 
53.957400, -116.720600, 0.231000 
55.488600, -119.348200, 0.087000 
53.499200, -116.805300, 2.515000 
53.920600, -110.608600, 0.709000 
53.352500, -110.112200, 1.369000 
56.499600, -119.229900, 0.722000 
54.612700, -118.213800, 0.957000 
55.704000, -119.301500, 0.340000 
55.863800, -119.715500, 0.579000 
54.760400, -113.959500, 0.320000 
53.540300, -111.784400, 0.361000 
49.987200, -111.739100, 0.583000 
54.666800, -115.321400, 1.444000 
54.674500, -115.292600, 2.442000 
49.696800, -114.201400, 0.630000 
56.113500, -111.829300, 4.727000 
52.758000, -114.107400, 0.730000 
53.107500, -116.763500, 0.373000 
52.950900, -115.104400, 0.655000 
51.551400, -113.064300, 1.457000 
53.450100, -116.033600, 0.411000 
50.442800, -111.519600, 1.814000 
52.211100, -113.268100, 1.047000 
50.296100, -111.553200, 0.339000 
53.608500, -115.435600, 0.921000 
56.143400, -119.360900, 2.239000 
52.269700, -113.087900, 0.330000 
54.226800, -118.628100, 2.049000 
51.743600, -113.251600, 0.706000 
51.396500, -114.028100, 0.418000 
54.830600, -119.662600, 0.355000 
55.699700, -118.129900, 2.792000 
55.784600, -117.073300, 0.602000 
55.767400, -117.517800, 0.300000 
53.778600, -113.079300, 3.544000 
50.517100, -111.365900, 1.057000 
50.515600, -111.370600, 1.169000 
50.196600, -111.343600, 1.170000 
50.520200, -111.372300, 1.357000 
52.394000, -114.885900, 0.484000 
50.470500, -111.368600, 0.635000 
53.459500, -115.516300, 0.571000 
55.022900, -118.573300, 0.219000 
54.345700, -118.405600, 0.514000 
52.968900, -115.872200, 0.280000 
53.044900, -115.985100, 0.330000 
53.501700, -112.072600, 0.310000 
53.314600, -114.750600, 2.068000 
52.459500, -113.729500, 1.950000 
54.316200, -116.571100, 0.457000 
53.059600, -112.681300, 1.368000 
53.263300, -114.467900, 0.786000 
51.741800, -113.350300, 0.240000 
50.705000, -111.023200, 0.301000 
55.711400, -116.603500, 0.801000 
55.752800, -118.684100, 1.516000 
55.641500, -117.328600, 1.762000 
53.634100, -113.040300, 0.570000 
49.702567, -112.786857, 1.534000 
53.392300, -115.310000, 1.313000 
56.288300, -116.864000, 2.118000 
52.360100, -114.714800, 0.373000 
56.302800, -116.244700, 3.688000 
53.968400, -115.342600, 1.509000 
54.834200, -118.639200, 0.693000 
53.584400, -113.547900, 1.183000 
50.042400, -112.293500, 0.508000 
51.012100, -114.026800, 0.606000 
53.767200, -112.809500, 1.021000 
54.541100, -118.179200, 1.312000 
53.855600, -116.983600, 1.196000 
53.647500, -113.622100, 1.013000 
55.532300, -119.063800, 0.930000 
52.852500, -110.472600, 0.606000 
52.706500, -110.110100, 0.669000 
52.646900, -110.169800, 0.903000 
54.619900, -118.815200, 0.333000 
52.707000, -115.443100, 0.312000 
53.728000, -114.630900, 0.417000 
52.972600, -115.358600, 0.355000 
54.346700, -114.898500, 0.777000 
50.599200, -112.131200, 0.310000 
50.956000, -112.612600, 0.464000 
51.074900, -114.138700, 0.719000 
53.819900, -112.764600, 2.742000 
57.286600, -111.599500, 2.505000 
53.761700, -113.679100, 1.500000 
57.335400, -111.755600, 142.140000 
52.246800, -112.587400, 0.524000 
53.907100, -112.731200, 0.347000 
54.997700, -115.371200, 0.300000 
55.081500, -115.642100, 0.310000 
53.972600, -113.252700, 0.355000 
53.172100, -110.229900, 0.350000 
54.310300, -118.502000, 0.340000 
55.495800, -119.360600, 0.393000 
51.654800, -114.186600, 0.728000 
53.325900, -110.677700, 0.787000 
54.783900, -119.214000, 0.514000 
50.519500, -111.283100, 0.527000 
54.478700, -117.490700, 0.589000 
55.329600, -115.011800, 0.489000 
52.397100, -115.125700, 0.308000 
50.048800, -112.035200, 0.312000 
55.419700, -114.729500, 0.518000 
53.587400, -113.364700, 0.460000 
49.873500, -111.613400, 0.739000 
50.539600, -111.825500, 0.746000 
54.709300, -115.435400, 0.486000 
50.622600, -111.659200, 1.676000 
54.663700, -115.224100, 0.395000 
56.115700, -119.262100, 0.330000 
50.079800, -110.790300, 67.770000 
53.589200, -117.458900, 0.008000 
50.695100, -113.668700, 0.487000 
53.627600, -115.965400, 0.300000 
53.517100, -116.404000, 0.460000 
54.099400, -117.772700, 0.835000 
53.986500, -117.677500, 0.328000 
55.340500, -119.218500, 1.670000 
52.662300, -110.181900, 0.805000 
53.051400, -114.037900, 0.998000 
53.252500, -115.388000, 1.070000 
53.212400, -115.357500, 0.373000 
50.282700, -111.559600, 0.560000 
53.659800, -116.650500, 1.302000 
53.725100, -116.523400, 0.638000 
53.725200, -117.235600, 0.471000 
55.742300, -118.087700, 0.662000 
55.026700, -114.378900, 0.689000 
52.223900, -113.152200, 0.341000 
51.530700, -112.035500, 0.811000 
50.197700, -113.419700, 0.420000 
54.031500, -117.113100, 0.790000 
55.615900, -118.139500, 2.403000 
54.006600, -119.105500, 62.840000 
52.262400, -110.352600, 0.467000 
51.964600, -114.735200, 0.349000 
53.248700, -115.388000, 2.207000 
53.573700, -113.348400, 0.350000 
51.165500, -114.222000, 0.890000 
50.806200, -113.440600, 0.644000 
49.784700, -112.833700, 0.815000 
49.944200, -111.810100, 1.036000 
53.728400, -115.602500, 0.020000 
55.158200, -116.113700, 0.313000 
55.550600, -117.328600, 0.757000 
55.616000, -117.360800, 1.274000 
52.970600, -113.290400, 1.177000 
53.014100, -112.637500, 0.506000 
54.082900, -114.778300, 0.722000 
52.682200, -114.940800, 0.417000 
54.503700, -115.487800, 0.490000 
50.803200, -111.005800, 0.380000 
54.743000, -116.222100, 0.554000 
53.848200, -114.617200, 0.504000 
56.819000, -115.585900, 0.315000 
52.586700, -114.993300, 0.326000 
55.751400, -119.799000, 0.508000 
50.398900, -112.000800, 0.756000 
56.052000, -115.368100, 0.445000 
50.482500, -111.674000, 0.625000 
56.666400, -115.725400, 0.749000 
52.883100, -110.751400, 0.656000 
53.066600, -115.533500, 0.310000 
49.736700, -111.451600, 1.276000 
53.190200, -116.051700, 0.574000 
53.151800, -116.133900, 0.712000 
50.851900, -113.505200, 1.480000 
49.974100, -110.576900, 0.644000 
53.241400, -113.619500, 0.810000 
56.582800, -119.361600, 0.467000 
52.319900, -114.372200, 0.440000 
52.621500, -110.097900, 0.468000 
54.052100, -117.442000, 0.578000 
55.553200, -118.818900, 0.897000 
53.226700, -114.034400, 0.400000 
53.007100, -115.324700, 0.301000 
54.022400, -114.873300, 0.417000 
54.314100, -114.323900, 0.869000 
53.507000, -115.781300, 0.314000 
53.417900, -115.625900, 0.300000 
53.149400, -114.731900, 0.614000 
