54.923116, -112.861867, 23.540000 
55.996700, -118.533600, 1.360000 
55.996700, -118.533600, 1.360000 
56.377200, -117.175600, 26.691000 
56.377200, -117.175600, 26.691000 
53.288500, -110.018300, 0.158000 
53.288500, -110.018300, 0.158000 
52.146300, -115.330000, 458.090000 
52.146300, -115.330000, 458.090000 
50.747700, -114.494700, 242.273000 
50.747700, -114.494700, 242.273000 
53.952700, -113.078000, 0.949000 
53.952700, -113.078000, 0.949000 
54.572300, -115.522900, 1.027000 
54.572300, -115.522900, 1.027000 
54.596400, -110.395000, 11.013000 
54.596400, -110.395000, 11.013000 
55.335900, -119.223000, 2.313000 
55.335900, -119.223000, 2.313000 
50.647500, -113.772000, 2.748000 
50.647500, -113.772000, 2.748000 
54.194400, -116.632200, 110.076000 
54.194400, -116.632200, 110.076000 
53.245000, -115.674300, 0.730000 
53.245000, -115.674300, 0.730000 
53.746900, -113.164500, 6.980000 
53.746900, -113.164500, 6.980000 
51.742300, -114.134500, 19.323000 
51.742300, -114.134500, 19.323000 
52.959300, -115.893800, 8.202000 
52.959300, -115.893800, 8.202000 
52.776100, -115.660700, 42.141000 
52.776100, -115.660700, 42.141000 
52.758100, -114.111600, 3.557000 
52.758100, -114.111600, 3.557000 
52.226300, -115.177000, 69.347000 
52.226300, -115.177000, 69.347000 
55.725100, -119.399900, 26.571000 
55.725100, -119.399900, 26.571000 
51.191300, -113.940900, 33.104000 
51.191300, -113.940900, 33.104000 
53.733200, -113.486200, 0.140000 
53.733200, -113.486200, 0.140000 
49.305200, -114.000300, 309.700000 
49.305200, -114.000300, 309.700000 
51.039600, -114.559000, 166.200000 
51.039600, -114.559000, 166.200000 
51.965500, -114.753600, 298.237000 
51.965500, -114.753600, 298.237000 
53.722900, -113.174000, 0.009000 
53.722900, -113.174000, 0.009000 
53.652000, -116.099200, 6.301000 
53.652000, -116.099200, 6.301000 
54.423300, -117.760400, 5.822000 
54.423300, -117.760400, 5.822000 
57.003300, -111.466100, 1143.951000 
57.003300, -111.466100, 1143.951000 
57.040500, -111.619200, 233.073000 
57.040500, -111.619200, 233.073000 
51.570800, -114.851700, 144.020000 
51.570800, -114.851700, 144.020000 
55.071200, -118.691200, 38.619000 
55.071200, -118.691200, 38.619000 
53.795900, -113.099600, 0.973000 
53.795900, -113.099600, 0.973000 
53.413300, -117.570600, 189.096000 
53.413300, -117.570600, 189.096000 
53.541700, -113.391700, 8.510000 
53.541700, -113.391700, 8.510000 
53.181200, -115.762500, 28.140000 
53.181200, -115.762500, 28.140000 
51.219500, -114.645400, 13.384000 
51.219500, -114.645400, 13.384000 
54.833300, -118.646700, 12.866000 
54.833300, -118.646700, 12.866000 
54.524700, -116.794300, 0.549000 
54.524700, -116.794300, 0.549000 
52.553700, -111.694000, 2.951000 
52.553700, -111.694000, 2.951000 
54.130900, -115.546700, 12.378000 
54.130900, -115.546700, 12.378000 
53.204500, -116.811200, 209.852000 
53.204500, -116.811200, 209.852000 
53.550500, -113.358900, 13.679000 
53.550500, -113.358900, 13.679000 
58.555500, -118.915900, 1.249000 
58.555500, -118.915900, 1.249000 
51.526000, -113.880000, 72.501000 
51.526000, -113.880000, 72.501000 
51.696900, -114.475000, 4.644000 
51.696900, -114.475000, 4.644000 
54.185400, -116.210400, 96.687000 
54.185400, -116.210400, 96.687000 
54.427200, -116.884300, 130.479000 
54.427200, -116.884300, 130.479000 
53.132300, -115.981700, 65.269000 
53.132300, -115.981700, 65.269000 
55.481900, -119.059200, 23.040000 
55.481900, -119.059200, 23.040000 
51.034710, -114.025600, 15.048000 
51.034710, -114.025600, 15.048000 
53.721800, -113.192700, 0.001000 
53.721800, -113.192700, 0.001000 
49.628100, -114.571900, 8.737000 
49.628100, -114.571900, 8.737000 
57.546300, -119.112600, 0.931000 
57.546300, -119.112600, 0.931000 
53.250200, -115.555500, 0.512000 
53.250200, -115.555500, 0.512000 
55.489100, -119.750800, 19.833000 
55.489100, -119.750800, 19.833000 
53.557500, -116.547200, 29.112000 
53.557500, -116.547200, 29.112000 
53.817200, -113.133600, 1.721000 
53.817200, -113.133600, 1.721000 
52.327100, -112.718300, 15.683000 
52.327100, -112.718300, 15.683000 
53.902300, -115.189300, 0.251000 
53.902300, -115.189300, 0.251000 
57.298900, -111.503300, 11.337000 
57.298900, -111.503300, 11.337000 
53.544400, -113.366200, 0.457000 
53.544400, -113.366200, 0.457000 
56.981400, -111.475800, 4.573000 
56.981400, -111.475800, 4.573000 
53.543100, -117.797900, 1.128000 
53.543100, -117.797900, 1.128000 
52.588100, -111.206100, 2.243000 
52.588100, -111.206100, 2.243000 
55.393100, -110.738300, 0.070000 
55.393100, -110.738300, 0.070000 
57.054200, -111.917200, 0.113000 
57.054200, -111.917200, 0.113000 
50.471500, -111.606500, 0.575000 
50.471500, -111.606500, 0.575000 
58.568700, -119.201500, 2.241000 
58.568700, -119.201500, 2.241000 
50.129400, -111.908400, 2.362000 
50.129400, -111.908400, 2.362000 
53.388600, -115.315800, 3.055000 
53.388600, -115.315800, 3.055000 
50.653300, -111.166100, 0.969000 
50.653300, -111.166100, 0.969000 
59.641800, -118.307800, 3.378000 
59.641800, -118.307800, 3.378000 
52.963700, -111.364700, 0.198000 
52.963700, -111.364700, 0.198000 
57.217500, -110.895000, 0.168000 
57.217500, -110.895000, 0.168000 
56.272700, -110.938200, 0.148000 
56.272700, -110.938200, 0.148000 
53.566800, -113.365000, 0.217000 
53.566800, -113.365000, 0.217000 
52.639900, -111.273500, 5.515000 
52.639900, -111.273500, 5.515000 
54.285000, -115.698200, 2.752000 
54.285000, -115.698200, 2.752000 
53.542800, -113.361400, 0.126000 
53.542800, -113.361400, 0.126000 
57.335400, -111.755600, 7.770000 
57.335400, -111.755600, 7.770000 
