56.377200, -117.175600, 1.136000 
53.344000, -114.305000, 0.551000 
51.531700, -111.786100, 0.001000 
53.529100, -113.387500, 2.264000 
53.571700, -113.349800, 0.215000 
57.003300, -111.466100, 0.297000 
57.040500, -111.619200, 1.034000 
53.560000, -114.486200, 0.153000 
53.508500, -114.557100, 2.251000 
53.448700, -114.449100, 0.059000 
55.071200, -118.691200, 0.127000 
53.413300, -117.570600, 0.078000 
53.581600, -113.599100, 0.005000 
53.507791, -113.486900, 0.051000 
51.001450, -113.975960, 0.042000 
53.512500, -113.424700, 0.193000 
57.351700, -111.522200, 0.013000 
