53.539700, -113.409200, 6.930000 
56.377200, -117.175600, 242.416000 
53.344000, -114.305000, 1233.500000 
53.733200, -113.175000, 36.933000 
53.288500, -110.018300, 1.380000 
52.146300, -115.330000, 6.609000 
50.747700, -114.494700, 10.269000 
54.596400, -110.395000, 65.957000 
53.718500, -113.183000, 0.004000 
54.144400, -115.691700, 0.800000 
49.789400, -112.126100, 207.744000 
54.179100, -115.806000, 2.911000 
52.564700, -112.141400, 1277.039000 
51.531700, -111.786100, 138.855000 
54.007100, -119.104000, 275.173000 
50.675600, -110.025000, 452.101000 
53.529100, -113.387500, 153.749000 
53.571700, -113.349800, 108.719000 
58.500000, -119.416700, 16.130000 
53.089200, -116.805900, 59.631000 
52.308300, -113.550000, 817.510000 
49.713599, -112.796397, 4.628000 
51.191300, -113.940900, 26.305000 
49.305200, -114.000300, 19.658000 
51.039600, -114.559000, 21.000000 
51.965500, -114.753600, 17.303000 
56.380600, -116.795000, 6.103000 
53.722900, -113.174000, 0.089000 
53.721700, -113.191700, 131.304000 
53.841600, -113.097900, 380.900000 
57.003300, -111.466100, 1978.137000 
57.040500, -111.619200, 3319.804000 
53.560000, -114.486200, 295.928000 
53.508500, -114.557100, 2847.629000 
53.448700, -114.449100, 688.582000 
52.385800, -113.595000, 8.985000 
50.031100, -110.641000, 10.500000 
51.181625, -114.472100, 0.155000 
52.033030, -113.938910, 50.118000 
53.593060, -116.390300, 103.660000 
51.570800, -114.851700, 3.244000 
50.846700, -113.581170, 187.240000 
55.071200, -118.691200, 91.584000 
53.795900, -113.099600, 10.196000 
53.804200, -113.082400, 20.761000 
53.413300, -117.570600, 504.545000 
50.845800, -113.586700, 375.370000 
53.541700, -113.391700, 509.104000 
52.553700, -111.694000, 0.447000 
50.086600, -110.716700, 34.395000 
53.550500, -113.358900, 136.437310 
55.248100, -114.514000, 1.542000 
54.772900, -110.579000, 93.360000 
54.185400, -116.210400, 13.460000 
53.728270, -113.235520, 40.403000 
53.283800, -110.031900, 30.790000 
51.789600, -114.702800, 17.047000 
49.701943, -112.803037, 53.786000 
54.238200, -115.379700, 27.200000 
53.721800, -113.192700, 21.958000 
53.725400, -113.193000, 80.640000 
55.029800, -118.744000, 449.008000 
55.273300, -114.599700, 3.457000 
55.162300, -118.816600, 30.573000 
50.848000, -113.581300, 0.019000 
50.597600, -111.881800, 27.230000 
50.583700, -113.871100, 27.573000 
53.581600, -113.599100, 102.988000 
51.058900, -115.174500, 639.409000 
53.723500, -113.173800, 47.711000 
53.908300, -118.816700, 9.240000 
50.058200, -110.728200, 29.502000 
54.133300, -115.366600, 51.656000 
58.194700, -116.350400, 18.895000 
58.518800, -117.119500, 285.170000 
54.139800, -115.689100, 16.433000 
54.587200, -112.803100, 5.553000 
53.332300, -113.524100, 0.728000 
53.616600, -115.711100, 0.030000 
52.510900, -110.969600, 0.030000 
50.543800, -111.795000, 0.030000 
55.833000, -119.470000, 0.030000 
53.740700, -113.023100, 86.365000 
57.298900, -111.503300, 20.388000 
52.308300, -113.550000, 676.205000 
53.402700, -117.599300, 14.775000 
55.069600, -110.536100, 27.558000 
57.351700, -111.522200, 29.027000 
51.154200, -114.187700, 35.122000 
51.028800, -114.044800, 19.572000 
51.024500, -114.025000, 39.800000 
51.015020, -114.026480, 31.848000 
51.068200, -115.136400, 152.314000 
53.431000, -117.540600, 0.780000 
53.010600, -112.810000, 11.417000 
52.255700, -113.886000, 7.963000 
53.645100, -114.130200, 5.663000 
53.555610, -113.633750, 0.050000 
53.584100, -113.614400, 1.724000 
53.571300, -113.339300, 8.780000 
53.066500, -117.404800, 900.170000 
53.543100, -117.797900, 0.359000 
52.588100, -111.206100, 0.011000 
53.943200, -113.596900, 183.000000 
51.065300, -115.221100, 26.062650 
55.736900, -117.185800, 149.851000 
53.550100, -113.775600, 118.561000 
53.501040, -113.489732, 88.596000 
52.375200, -114.921600, 15.958000 
51.020210, -114.019246, 27.887000 
49.784800, -112.151000, 12.546000 
51.488700, -113.153900, 0.854000 
55.943900, -119.923100, 0.450000 
49.698011, -112.823139, 0.447000 
53.561500, -116.577900, 108.397000 
49.697836, -112.821799, 5.809000 
51.411700, -114.027600, 0.044000 
57.042500, -111.905000, 7.160110 
49.229200, -114.029100, 7.377000 
49.488900, -113.955100, 10.960000 
54.162360, -115.733900, 53.297000 
52.981500, -112.707700, 22.755000 
52.349900, -110.266600, 23.977000 
49.833300, -111.699800, 111.766000 
54.467300, -110.209200, 51.053000 
54.169000, -115.762200, 40.180000 
50.995300, -113.973800, 0.001000 
49.731100, -113.460100, 0.060000 
49.709466, -112.781685, 0.456000 
52.942400, -113.511100, 28.026000 
56.242200, -117.325200, 24.642000 
52.794000, -111.825900, 13.960000 
53.434200, -111.805800, 19.811000 
51.804500, -113.239900, 31.214000 
53.575400, -113.624100, 278.687000 
57.217500, -110.895000, 24.507000 
51.176500, -114.194900, 10.038000 
53.558800, -113.473700, 6.388000 
53.558600, -113.368000, 277.000000 
50.993800, -113.990000, 23.506000 
55.160200, -118.818400, 59.505000 
53.559400, -113.347200, 33.600000 
51.071400, -115.132000, 5.743000 
52.361000, -113.819400, 0.766000 
52.549200, -113.840800, 6.090000 
49.720000, -113.500300, 12.348000 
53.599500, -111.416200, 15.394000 
53.221600, -114.973300, 37.281000 
55.278800, -114.766600, 44.192000 
55.118600, -118.361300, 60.387000 
54.423900, -110.304200, 20.404000 
53.745100, -113.235600, 16.210000 
53.566800, -113.365000, 197.396000 
52.639900, -111.273500, 344.618000 
51.094400, -114.049700, 148.000000 
52.866700, -112.200000, 19.529000 
51.435000, -111.755000, 13.320000 
53.329400, -114.290300, 24.434000 
51.157600, -114.191600, 41.777000 
53.678600, -113.804600, 23.165000 
53.007200, -117.327200, 1.181000 
53.693700, -113.844600, 16.559000 
52.494100, -113.852000, 7.837000 
50.845000, -111.684000, 18.317000 
55.666400, -110.714000, 6.264000 
56.411700, -110.937600, 24.630000 
55.662600, -111.257700, 60.173000 
55.640500, -117.119300, 6.871000 
53.350200, -110.845800, 20.999000 
56.113500, -111.829300, 4.727000 
53.554250, -114.962760, 11.018000 
53.314600, -114.750600, 13.388000 
52.459500, -113.729500, 28.208000 
55.752800, -118.684100, 30.566000 
49.702567, -112.786857, 29.435000 
53.584400, -113.547900, 28.167000 
51.074900, -114.138700, 0.719000 
53.819900, -112.764600, 45.435000 
57.286600, -111.599500, 10.882000 
57.335400, -111.755600, 142.140000 
50.079800, -110.790300, 67.770000 
53.589200, -117.458900, 72.330000 
54.006600, -119.105500, 1170.900000 
51.165500, -114.222000, 10.038000 
50.806200, -113.440600, 6.371000 
49.784700, -112.833700, 8.172000 
50.851900, -113.505200, 22.152000 
