53.344000, -114.305000, 0.159030 
54.596400, -110.395000, 0.006785 
52.564700, -112.141400, 0.072451 
51.531700, -111.786100, 0.108709 
54.007100, -119.104000, 0.003300 
54.775000, -115.218600, 0.000910 
53.529100, -113.387500, 0.013984 
49.713599, -112.796397, 0.000040 
57.003300, -111.466100, 0.045242 
57.040500, -111.619200, 0.020587 
53.560000, -114.486200, 0.038986 
53.508500, -114.557100, 0.160181 
53.448700, -114.449100, 0.029254 
53.795900, -113.099600, 0.000489 
53.413300, -117.570600, 0.001038 
53.541700, -113.391700, 0.004984 
53.550500, -113.358900, 0.005085 
53.581600, -113.599100, 0.026600 
51.222500, -114.495600, 0.000062 
51.058900, -115.174500, 0.019260 
52.827500, -110.859600, 0.000274 
53.740700, -113.023100, 0.000019 
52.674300, -111.311600, 0.000003 
51.068200, -115.136400, 0.000844 
57.335400, -111.755600, 0.004972 
