53.541700, -113.391700, 7.540000 
54.194400, -116.632200, 4.400000 
53.388700, -115.316900, 0.680000 
53.245000, -115.674300, 0.570000 
51.000100, -113.984300, 0.051000 
57.040500, -111.619200, 6.665000 
51.950100, -114.017700, 1.150000 
52.776100, -115.660700, 0.060000 
52.758100, -114.111600, 0.275000 
55.725100, -119.399900, 0.121000 
52.959300, -115.893800, 0.012000 
53.319500, -113.527900, 0.122000 
53.804200, -113.082400, 16.852000 
52.146300, -115.330000, 1.270000 
53.550500, -113.358900, 8.000000 
53.795900, -113.099600, 4.846000 
53.288500, -110.018300, 0.840000 
58.555500, -118.915900, 0.126000 
51.984500, -114.743800, 1.125000 
52.035300, -115.137700, 8.454000 
54.284800, -115.698000, 0.556000 
51.696900, -114.475000, 1.997000 
51.926500, -114.542700, 0.529000 
51.915300, -113.578100, 0.797000 
