55.725100, -119.399900, 3.406000 
51.000100, -113.984300, 0.162000 
53.733200, -113.175000, 0.023000 
53.550500, -113.358900, 0.300000 
50.747700, -114.494700, 0.700000 
52.758100, -114.111600, 0.010000 
55.414400, -119.601600, 0.100000 
51.219500, -114.645400, 8.500000 
53.048100, -113.921000, 0.100000 
51.191300, -113.940900, 0.800000 
52.463000, -114.346500, 0.110000 
52.496000, -114.988000, 2.700000 
54.179100, -115.806000, 0.005000 
58.500000, -119.416700, 0.130000 
52.959300, -115.893800, 0.110000 
53.388700, -115.316900, 0.611000 
54.572300, -115.522900, 0.400000 
54.524700, -116.794300, 11.600000 
52.385800, -113.595000, 420.140000 
52.553700, -111.694000, 1.430000 
54.596400, -110.395000, 0.400000 
50.982200, -113.974200, 0.001000 
52.286500, -114.970800, 0.300000 
51.696900, -114.475000, 0.100000 
54.427200, -116.884300, 3.429000 
54.259500, -117.216500, 3.899000 
49.476100, -112.652500, 0.100000 
54.284800, -115.698000, 10.402000 
51.526000, -113.880000, 0.100000 
51.915300, -113.578100, 0.100000 
