52.308300, -113.550000, 1.310000 
55.725100, -119.399900, 1.752000 
57.040500, -111.619200, 10.038000 
50.982200, -113.974200, 0.585000 
57.003300, -111.466100, 29.500000 
50.053700, -110.711390, 11.245000 
51.570800, -114.851700, 0.920000 
51.000100, -113.984300, 0.463000 
53.795900, -113.099600, 19.353000 
49.305200, -114.000300, 1.885000 
51.965500, -114.753600, 6.391000 
53.319500, -113.527900, 0.263000 
53.804200, -113.082400, 2.397000 
53.841600, -113.097900, 20.285000 
53.541700, -113.391700, 30.260000 
56.380600, -116.795000, 0.222000 
54.596400, -110.395000, 1.200000 
53.952700, -113.078000, 1.700000 
53.546800, -113.734800, 1.738000 
53.245000, -115.674300, 1.840000 
53.388700, -115.316900, 3.300000 
54.194400, -116.632200, 100.320000 
54.524700, -116.794300, 2.349000 
53.288500, -110.018300, 1.920000 
52.146300, -115.330000, 8.362000 
55.996700, -118.533600, 0.131000 
53.733200, -113.175000, 0.922000 
53.550500, -113.358900, 33.300000 
53.204500, -116.811200, 1.802000 
53.354600, -113.715000, 0.700000 
54.952700, -119.195300, 1.000000 
53.048100, -113.921000, 13.100000 
50.747700, -114.494700, 0.200000 
52.758100, -114.111600, 2.342000 
51.534800, -114.203700, 2.125000 
52.959300, -115.893800, 0.713000 
52.776100, -115.660700, 0.983000 
51.637200, -112.866000, 1.529000 
52.226300, -115.177000, 1.247000 
52.463000, -114.346500, 2.031000 
49.720100, -112.781900, 12.156000 
53.746900, -113.164500, 3.460000 
53.475900, -117.036500, 7.350000 
55.358300, -114.617200, 0.200000 
54.427200, -116.884300, 83.895000 
51.696900, -114.475000, 6.562000 
54.259500, -117.216500, 22.075000 
54.185400, -116.210400, 8.769000 
51.915300, -113.578100, 9.352000 
52.035300, -115.137700, 11.829000 
51.400100, -114.034300, 0.093000 
58.555500, -118.915900, 0.106000 
49.476100, -112.652500, 0.500000 
51.984500, -114.743800, 0.689000 
51.926500, -114.542700, 0.386000 
54.510900, -115.511700, 27.700000 
54.284800, -115.698000, 0.862000 
51.526000, -113.880000, 1.281000 
53.319300, -113.518000, 1.229000 
53.132300, -115.981700, 6.397000 
