53.354600, -113.715000, 1.200000 
55.414400, -119.601600, 0.134000 
53.048100, -113.921000, 2.800000 
51.950100, -114.017700, 2.579000 
52.776100, -115.660700, 0.213000 
53.795900, -113.099600, 0.210000 
52.959300, -115.893800, 0.181000 
52.146300, -115.330000, 3.490000 
51.570800, -114.851700, 0.090000 
53.288500, -110.018300, 1.820000 
54.524700, -116.794300, 1.381000 
52.226300, -115.177000, 0.889000 
57.003300, -111.466100, 62.600000 
55.725100, -119.399900, 0.781000 
51.965500, -114.753600, 2.368000 
53.541700, -113.391700, 6.280000 
54.596400, -110.395000, 1.100000 
53.550500, -113.358900, 4.300000 
50.747700, -114.494700, 0.100000 
52.463000, -114.346500, 0.631000 
49.305200, -114.000300, 2.048000 
51.637200, -112.866000, 0.071000 
52.758100, -114.111600, 1.960000 
57.040500, -111.619200, 14.266000 
58.555500, -118.915900, 0.115000 
54.427200, -116.884300, 74.570000 
51.696900, -114.475000, 0.702000 
54.284800, -115.698000, 0.460000 
51.400100, -114.034300, 0.100000 
51.526000, -113.880000, 0.175000 
