53.354600, -113.715000, 0.400000 
53.721700, -113.191700, 2113.240000 
53.204500, -116.811200, 1.000000 
55.725100, -119.399900, 0.100000 
53.048100, -113.921000, 3.000000 
52.308300, -113.550000, 0.360000 
51.191300, -113.940900, 1.000000 
54.952700, -119.195300, 0.500000 
53.319500, -113.527900, 0.523000 
49.305200, -114.000300, 0.945000 
51.965500, -114.753600, 0.008000 
55.414400, -119.601600, 0.100000 
50.747700, -114.494700, 0.300000 
53.571700, -113.349800, 18.024000 
52.553700, -111.694000, 0.900000 
56.377200, -117.175600, 710.700000 
50.805300, -110.034900, 4.400000 
54.194400, -116.632200, 1.100000 
50.994200, -113.985700, 3.544000 
50.982200, -113.974200, 14.874000 
53.570000, -113.611400, 22.325000 
53.572500, -113.360600, 62.290000 
50.647500, -113.772000, 0.600000 
53.733200, -113.175000, 4.000000 
51.000100, -113.984300, 0.659000 
50.845800, -113.586700, 0.100000 
53.582300, -113.588600, 201.158000 
52.226300, -115.177000, 0.010000 
53.287100, -113.541400, 1.600000 
57.003300, -111.466100, 3.000000 
54.923116, -112.861867, 85.602000 
53.841600, -113.097900, 40.100000 
53.413300, -117.570600, 238.900000 
55.071200, -118.691200, 76.100000 
55.996700, -118.533600, 0.556000 
50.086600, -110.716700, 400.083000 
52.286500, -114.970800, 0.400000 
52.758100, -114.111600, 0.010000 
51.696900, -114.475000, 0.126000 
58.555500, -118.915900, 0.145000 
51.915300, -113.578100, 0.045000 
49.476100, -112.652500, 0.300000 
53.340200, -113.538100, 0.277000 
54.284800, -115.698000, 0.129000 
53.531993, -113.364925, 6.160000 
