54.952700, -119.195300, 0.800000 
53.746900, -113.164500, 6.420000 
51.534800, -114.203700, 4.660000 
53.546800, -113.734800, 2.382000 
53.245000, -115.674300, 1.823000 
53.475900, -117.036500, 3.425000 
55.358300, -114.617200, 2.320000 
54.833300, -118.646700, 1.150000 
53.572500, -113.360600, 21.760000 
55.725100, -119.399900, 3.111000 
53.354600, -113.715000, 0.500000 
54.596400, -110.395000, 0.700000 
52.776100, -115.660700, 0.431000 
52.758100, -114.111600, 1.446000 
52.308300, -113.550000, 19.600000 
53.388700, -115.316900, 2.560000 
52.959300, -115.893800, 0.612000 
54.194400, -116.632200, 73.950000 
52.463000, -114.346500, 4.721000 
53.541700, -113.391700, 8.780000 
53.550500, -113.358900, 10.500000 
53.804200, -113.082400, 23.622000 
57.003300, -111.466100, 87.100000 
53.227700, -114.988900, 3.800000 
52.146300, -115.330000, 6.571000 
55.996700, -118.533600, 1.091000 
53.048100, -113.921000, 14.400000 
53.795900, -113.099600, 11.619000 
56.380600, -116.795000, 0.260000 
51.965500, -114.753600, 1.164000 
51.950100, -114.017700, 7.370000 
57.040500, -111.619200, 8.419000 
53.288500, -110.018300, 0.840000 
53.593060, -116.390300, 14.860000 
53.733200, -113.175000, 4.826000 
55.269500, -114.598300, 7.620000 
51.570800, -114.851700, 0.263000 
52.035300, -115.137700, 6.781000 
54.510900, -115.511700, 21.500000 
54.259500, -117.216500, 12.264000 
53.132300, -115.981700, 4.503000 
51.984500, -114.743800, 0.441000 
51.400100, -114.034300, 0.178000 
51.926500, -114.542700, 0.277000 
51.696900, -114.475000, 6.171000 
54.185400, -116.210400, 5.483000 
51.915300, -113.578100, 8.395000 
51.526000, -113.880000, 1.600000 
54.427200, -116.884300, 50.624000 
