53.952700, -113.078000, 0.200000 
53.288500, -110.018300, 0.400000 
53.550500, -113.358900, 9.000000 
53.319500, -113.527900, 0.291000 
57.040500, -111.619200, 8.250000 
53.795900, -113.099600, 1.512000 
52.776100, -115.660700, 0.069000 
52.758100, -114.111600, 0.135000 
51.965500, -114.753600, 1.770000 
57.003300, -111.466100, 13.200000 
51.534800, -114.203700, 0.751000 
51.950100, -114.017700, 2.515000 
51.570800, -114.851700, 0.045000 
52.959300, -115.893800, 0.043000 
53.541700, -113.391700, 13.520000 
51.696900, -114.475000, 0.092000 
54.284800, -115.698000, 0.055000 
51.526000, -113.880000, 0.060000 
