50.086600, -110.716700, 2218.909000 
55.071200, -118.691200, 44.405000 
53.508500, -114.557100, 10.512000 
53.560000, -114.486200, 396.346000 
53.718500, -113.183000, 0.100000 
54.923116, -112.861867, 41.196000 
53.841600, -113.097900, 1979.420000 
49.789400, -112.126100, 30.800000 
53.721700, -113.191700, 2152.115000 
54.144400, -115.691700, 0.158000 
52.322100, -113.516600, 18.836000 
52.033030, -113.938910, 35.655000 
57.040500, -111.619200, 765.852000 
53.571700, -113.349800, 34.357000 
50.957800, -113.981800, 9.135000 
50.846700, -113.581170, 10.600000 
50.845800, -113.586700, 1919.450000 
56.377200, -117.175600, 32.830000 
53.204500, -116.811200, 2.700000 
