52.309150, -113.809970, 0.004000 
52.146300, -115.330000, 0.820000 
53.652000, -116.099200, 0.150000 
54.194400, -116.632200, 0.316000 
52.553700, -111.694000, 0.006000 
50.982200, -113.974200, 0.058000 
53.570000, -113.611400, 0.062000 
51.570800, -114.851700, 0.097000 
54.130900, -115.546700, 0.051000 
54.524700, -116.794300, 0.974000 
57.040500, -111.619200, 81.630000 
53.421300, -113.904400, 0.010000 
57.003300, -111.466100, 56.340000 
52.776100, -115.660700, 0.892000 
52.758100, -114.111600, 0.976000 
55.725100, -119.399900, 0.004000 
52.308300, -113.550000, 0.068000 
49.720100, -112.781900, 3.430000 
53.541700, -113.391700, 2.371000 
52.226300, -115.177000, 0.118000 
51.965500, -114.753600, 0.133000 
53.245000, -115.674300, 0.149000 
52.959300, -115.893800, 1.502000 
53.746900, -113.164500, 0.020000 
51.191300, -113.940900, 0.515000 
53.795900, -113.099600, 0.574000 
53.288500, -110.018300, 0.161000 
53.804200, -113.082400, 6.653000 
55.996700, -118.533600, 0.015000 
50.959200, -113.981200, 0.194000 
54.427200, -116.884300, 0.254000 
55.993500, -113.480500, 0.019000 
53.340200, -113.538100, 0.053000 
53.530040, -113.402010, 0.303000 
57.546300, -119.112600, 0.252000 
55.199400, -116.221900, 0.001000 
54.772900, -110.579000, 0.089000 
53.557500, -116.547200, 0.035000 
50.963600, -113.976680, 0.273000 
53.616600, -115.711100, 10.231000 
53.527200, -113.354800, 0.397000 
55.489100, -119.750800, 0.002000 
53.550690, -113.349600, 7.200000 
55.069600, -110.536100, 0.102000 
53.550500, -113.358900, 4.156000 
52.869000, -115.101000, 0.372000 
49.628100, -114.571900, 0.096000 
52.035300, -115.137700, 0.015000 
53.902300, -115.189300, 0.343000 
54.185400, -116.210400, 0.081000 
51.696900, -114.475000, 0.391000 
