52.942400, -113.511100, 141.260000 
53.737500, -113.149000, 0.218000 
53.570000, -113.611400, 0.003000 
51.534800, -114.203700, 1.596000 
51.191300, -113.940900, 0.100000 
53.048100, -113.921000, 0.018000 
55.725100, -119.399900, 0.100000 
53.795900, -113.099600, 0.430000 
53.541700, -113.391700, 0.425000 
54.524700, -116.794300, 5.740000 
53.287100, -113.541400, 0.001000 
53.804200, -113.082400, 1.089000 
50.982200, -113.974200, 0.001000 
54.952700, -119.195300, 0.100000 
51.000700, -113.965670, 0.340000 
53.550500, -113.358900, 0.313000 
55.481900, -119.059200, 1.416000 
58.555500, -118.915900, 0.100000 
50.577200, -111.178100, 0.210000 
53.027300, -112.806300, 0.100000 
54.407700, -110.277800, 2.600000 
54.284800, -115.698000, 0.100000 
51.526000, -113.880000, 0.100000 
