52.850400, -114.543500, 0.002000 
56.215000, -110.968100, 0.220000 
59.641800, -118.307800, 0.112000 
57.590100, -117.531700, 2.219000 
49.449200, -111.616700, 0.027000 
51.086830, -114.043150, 0.249000 
51.049300, -114.066200, 0.003000 
49.372800, -110.672500, 0.010000 
50.994100, -113.958300, 70.800000 
52.696100, -114.863800, 11.122000 
53.804200, -113.082400, 1.212000 
52.308300, -113.550000, 1.763000 
55.725100, -119.399900, 0.515000 
57.040500, -111.619200, 246.443000 
53.795900, -113.099600, 3.713000 
57.003300, -111.466100, 174.250000 
51.570800, -114.851700, 1.059000 
50.982200, -113.974200, 0.152000 
53.570000, -113.611400, 0.060000 
54.423300, -117.760400, 8.137000 
49.305200, -114.000300, 1.594000 
51.191300, -113.940900, 0.479000 
56.380600, -116.795000, 0.133000 
53.652000, -116.099200, 1.148000 
51.965500, -114.753600, 1.748000 
54.572300, -115.522900, 1.767000 
54.524700, -116.794300, 1.355000 
54.596400, -110.395000, 0.292000 
55.335900, -119.223000, 0.066000 
52.553700, -111.694000, 0.186000 
54.952700, -119.195300, 4.486000 
53.421300, -113.904400, 0.412000 
53.952700, -113.078000, 0.525000 
54.194400, -116.632200, 2.239000 
54.833300, -118.646700, 1.339000 
53.546800, -113.734800, 2.289000 
50.647500, -113.772000, 0.210000 
53.733200, -113.175000, 0.045000 
53.288500, -110.018300, 0.662000 
54.923116, -112.861867, 0.991000 
55.996700, -118.533600, 0.239000 
50.747700, -114.494700, 0.345000 
53.204500, -116.811200, 1.748000 
52.146300, -115.330000, 2.860000 
53.048100, -113.921000, 4.023000 
52.226300, -115.177000, 2.508000 
53.541700, -113.391700, 10.162000 
52.959300, -115.893800, 2.379000 
52.496000, -114.988000, 1.041000 
52.758100, -114.111600, 1.039000 
53.181200, -115.762500, 5.815000 
55.358300, -114.617200, 0.049000 
52.776100, -115.660700, 1.345000 
53.245000, -115.674300, 0.302000 
53.746900, -113.164500, 0.610000 
51.534800, -114.203700, 0.848000 
54.185400, -116.210400, 0.527000 
53.543100, -117.797900, 0.210000 
55.393100, -110.738300, 0.002000 
57.351700, -111.522200, 1.196000 
52.588100, -111.206100, 0.042000 
49.628100, -114.571900, 0.110000 
50.959200, -113.981200, 1.296000 
57.546300, -119.112600, 0.607000 
53.550690, -113.349600, 11.268000 
57.054200, -111.917200, 0.139000 
58.555500, -118.915900, 0.838000 
51.696900, -114.475000, 2.041000 
53.530040, -113.402010, 3.867000 
54.420500, -110.213100, 0.001000 
52.904700, -115.324700, 3.106000 
53.571290, -113.355400, 2.787000 
53.817200, -113.133600, 0.113000 
51.910600, -114.668100, 1.380000 
50.963600, -113.976680, 4.367000 
53.286400, -110.017800, 0.006000 
52.656700, -111.311900, 0.003000 
53.557500, -116.547200, 0.832000 
52.869000, -115.101000, 1.920000 
52.035300, -115.137700, 2.793000 
57.298900, -111.503300, 19.822000 
54.588800, -115.862500, 0.018000 
53.373100, -116.086000, 3.004000 
54.772900, -110.579000, 1.584000 
55.069600, -110.536100, 1.253000 
52.674300, -111.311600, 0.161000 
51.000700, -113.965670, 1.120000 
55.489100, -119.750800, 0.047000 
53.581600, -113.599100, 0.100000 
53.250200, -115.555500, 0.233000 
54.427200, -116.884300, 1.764000 
55.074200, -117.274200, 0.151000 
53.504000, -113.450200, 5.456000 
53.550500, -113.358900, 21.251000 
55.833000, -119.470000, 11.909000 
54.284800, -115.698000, 3.857000 
51.010160, -113.964210, 1.026000 
55.913200, -115.150400, 0.031000 
53.902300, -115.189300, 1.548000 
55.199400, -116.221900, 0.018000 
51.376000, -113.949200, 0.001000 
56.981400, -111.475800, 0.162000 
53.544400, -113.366200, 0.104000 
51.001700, -113.994000, 10.160000 
53.319300, -113.518000, 2.922000 
51.526000, -113.880000, 1.840000 
53.527200, -113.354800, 1.682000 
51.915300, -113.578100, 0.696000 
53.670500, -115.762200, 1.055000 
55.481900, -119.059200, 0.066000 
53.616600, -115.711100, 25.963000 
55.041500, -119.631000, 3.161000 
