56.215000, -110.968100, 1.435000 
59.641800, -118.307800, 0.866000 
53.866900, -110.644900, 0.948000 
53.574200, -116.646900, 0.002000 
55.309200, -119.205800, 0.004000 
49.372800, -110.672500, 0.316000 
52.370000, -114.375800, 13.183000 
52.272100, -112.841400, 14.112000 
49.449200, -111.616700, 0.873000 
56.973300, -116.585000, 0.001000 
52.696100, -114.863800, 31.199000 
52.963700, -111.364700, 0.200000 
53.892900, -116.880400, 0.080000 
52.776100, -115.660700, 4.995000 
53.048100, -113.921000, 29.036000 
53.795900, -113.099600, 5.179000 
53.733200, -113.175000, 0.153000 
52.226300, -115.177000, 11.185000 
55.996700, -118.533600, 3.877000 
51.534800, -114.203700, 3.582000 
55.725100, -119.399900, 5.224000 
52.146300, -115.330000, 0.470000 
51.570800, -114.851700, 0.288000 
52.758100, -114.111600, 16.817000 
53.288500, -110.018300, 1.453000 
54.596400, -110.395000, 33.932000 
52.496000, -114.988000, 5.259000 
57.003300, -111.466100, 27.600000 
57.040500, -111.619200, 130.311000 
54.572300, -115.522900, 6.722000 
51.191300, -113.940900, 2.180000 
54.194400, -116.632200, 2.785000 
53.652000, -116.099200, 2.340000 
53.546800, -113.734800, 4.013000 
51.965500, -114.753600, 4.039000 
53.245000, -115.674300, 2.536000 
53.746900, -113.164500, 16.484000 
50.647500, -113.772000, 0.047000 
54.423300, -117.760400, 1.220000 
55.358300, -114.617200, 0.919000 
53.354600, -113.715000, 5.605000 
51.637200, -112.866000, 0.614000 
49.713599, -112.796397, 0.292000 
50.747700, -114.494700, 7.182000 
52.308300, -113.550000, 5.136000 
53.952700, -113.078000, 4.820000 
52.959300, -115.893800, 8.786000 
53.421300, -113.904400, 5.668000 
50.982200, -113.974200, 0.273000 
54.952700, -119.195300, 3.125000 
54.833300, -118.646700, 3.188000 
54.130900, -115.546700, 2.537000 
50.805300, -110.034900, 0.004000 
52.553700, -111.694000, 1.591000 
54.524700, -116.794300, 13.978000 
53.541700, -113.391700, 12.458000 
53.181200, -115.762500, 1.590000 
58.555500, -118.915900, 6.551000 
55.489100, -119.750800, 0.008000 
55.913200, -115.150400, 0.355000 
53.817200, -113.133600, 2.186000 
52.869000, -115.101000, 10.278000 
51.696900, -114.475000, 13.583000 
55.833000, -119.470000, 33.409000 
53.616600, -115.711100, 72.832000 
51.915300, -113.578100, 4.399000 
52.035300, -115.137700, 0.472000 
50.963600, -113.976680, 8.477000 
53.557500, -116.547200, 0.115000 
53.283800, -110.031900, 101.645000 
51.222500, -114.495600, 0.442000 
50.269600, -112.893800, 0.034000 
54.510900, -115.511700, 3.647000 
53.530040, -113.402010, 7.149000 
55.993500, -113.480500, 1.682000 
49.628100, -114.571900, 0.889000 
50.959200, -113.981200, 2.082000 
53.373100, -116.086000, 17.905000 
52.674300, -111.311600, 0.281000 
52.588100, -111.206100, 2.149000 
53.902300, -115.189300, 3.634000 
54.185400, -116.210400, 3.659000 
57.351700, -111.522200, 533.765000 
54.284800, -115.698000, 5.641000 
51.010160, -113.964210, 1.784000 
53.550690, -113.349600, 15.053000 
52.228400, -114.397700, 8.340000 
57.546300, -119.112600, 1.784000 
55.041500, -119.631000, 6.482000 
53.740700, -113.023100, 26.053000 
53.670500, -115.762200, 0.564000 
57.054200, -111.917200, 7.292000 
55.393100, -110.738300, 0.121000 
55.074200, -117.274200, 1.243000 
54.427200, -116.884300, 3.667000 
53.250200, -115.555500, 6.164000 
53.091100, -111.768600, 5.520000 
53.550500, -113.358900, 18.632000 
54.772900, -110.579000, 25.094000 
52.904700, -115.324700, 9.411000 
53.319300, -113.518000, 1.320000 
51.526000, -113.880000, 9.397000 
55.162300, -118.816600, 0.083000 
53.544400, -113.366200, 1.900000 
53.527200, -113.354800, 2.378000 
56.981400, -111.475800, 9.743000 
53.543100, -117.797900, 9.362000 
53.728270, -113.235520, 63.936000 
49.701943, -112.803037, 213.880000 
51.000700, -113.965670, 0.510000 
