57.590100, -117.531700, 0.016000 
52.850400, -114.543500, 0.008000 
51.049300, -114.066200, 0.006000 
54.524700, -116.794300, 1.150000 
55.725100, -119.399900, 0.700000 
53.354600, -113.715000, 0.651000 
51.191300, -113.940900, 0.500000 
54.194400, -116.632200, 1.139000 
53.541700, -113.391700, 2.250000 
55.358300, -114.617200, 0.070000 
54.423300, -117.760400, 1.466000 
54.572300, -115.522900, 2.343000 
51.534800, -114.203700, 0.321000 
51.570800, -114.851700, 0.283000 
55.996700, -118.533600, 0.417000 
54.952700, -119.195300, 1.037000 
53.048100, -113.921000, 3.427000 
53.288500, -110.018300, 0.674000 
53.652000, -116.099200, 0.376000 
53.746900, -113.164500, 1.923000 
52.758100, -114.111600, 2.402000 
52.553700, -111.694000, 0.987000 
51.637200, -112.866000, 0.342000 
49.305200, -114.000300, 1.803000 
53.181200, -115.762500, 1.206000 
57.040500, -111.619200, 64.940000 
52.959300, -115.893800, 1.424000 
54.596400, -110.395000, 0.152000 
50.747700, -114.494700, 0.209000 
57.003300, -111.466100, 199.300000 
53.245000, -115.674300, 0.577000 
52.146300, -115.330000, 1.110000 
51.965500, -114.753600, 0.789000 
53.421300, -113.904400, 1.184000 
54.833300, -118.646700, 1.445000 
53.546800, -113.734800, 1.311000 
52.226300, -115.177000, 2.058000 
53.795900, -113.099600, 0.184000 
52.776100, -115.660700, 0.668000 
52.228400, -114.397700, 1.323000 
53.616600, -115.711100, 20.699000 
54.772900, -110.579000, 0.327000 
52.674300, -111.311600, 0.038000 
53.902300, -115.189300, 0.916000 
52.035300, -115.137700, 1.145000 
54.427200, -116.884300, 0.551000 
53.817200, -113.133600, 0.268000 
53.530040, -113.402010, 0.647000 
51.915300, -113.578100, 0.331000 
53.550690, -113.349600, 2.900000 
53.132300, -115.981700, 0.066000 
54.284800, -115.698000, 0.255000 
51.696900, -114.475000, 0.575000 
53.250200, -115.555500, 0.239000 
57.546300, -119.112600, 0.166000 
53.544400, -113.366200, 0.200000 
53.091100, -111.768600, 0.848000 
58.555500, -118.915900, 0.323000 
52.869000, -115.101000, 2.035000 
54.510900, -115.511700, 1.148000 
53.550500, -113.358900, 1.947000 
54.185400, -116.210400, 0.200000 
53.373100, -116.086000, 2.900000 
57.351700, -111.522200, 2.216000 
52.904700, -115.324700, 4.124000 
55.041500, -119.631000, 2.964000 
51.526000, -113.880000, 0.481000 
51.910600, -114.668100, 0.753000 
53.557500, -116.547200, 0.123000 
51.078650, -114.017660, 4.800000 
