54.003300, -118.246500, 106.400000 
54.988000, -118.780000, 28.870000 
54.436100, -118.743800, 22.600000 
53.428700, -116.722200, 34.000000 
52.493600, -115.935000, 414.800000 
53.635900, -116.931800, 193.000000 
52.517600, -114.346500, 71.454000 
52.319200, -115.580000, 68.700000 
52.759300, -114.161600, 21.130000 
50.860700, -111.126500, 31.500000 
55.146800, -114.517100, 13.020000 
50.889500, -111.184200, 65.800000 
55.269300, -114.608900, 8.220000 
50.682300, -111.554800, 29.196000 
52.792000, -114.204100, 22.980000 
49.569200, -112.149200, 377.300000 
52.777600, -114.234300, 182.070000 
54.944400, -118.828100, 242.646000 
52.784800, -114.137400, 112.390000 
55.902200, -119.412500, 28.149000 
50.711900, -111.057400, 222.900000 
55.265600, -114.601400, 255.240000 
49.936700, -111.406500, 104.700000 
53.388600, -115.315800, 138.220000 
51.315900, -113.428500, 38.563000 
55.196500, -112.570400, 63.300000 
51.971600, -112.630300, 63.749000 
56.924300, -115.909600, 21.000000 
54.159000, -116.757000, 20.140000 
52.712000, -114.076600, 54.780000 
52.202900, -112.677300, 33.330000 
52.613900, -112.805800, 131.158000 
52.646500, -112.752900, 47.019000 
51.225200, -113.612600, 137.668000 
51.151500, -112.703700, 20.460000 
50.485900, -111.702200, 238.616000 
54.196200, -111.658400, 31.874000 
53.068700, -110.572200, 92.200000 
51.715300, -111.702200, 27.973000 
50.675000, -113.087500, 166.200000 
52.912000, -113.987700, 30.960000 
56.280700, -116.119100, 73.800000 
54.206700, -116.766700, 97.630000 
52.559300, -114.515200, 42.790000 
51.850100, -114.074900, 21.400000 
51.340600, -113.381400, 61.838000 
51.281700, -113.428000, 45.055000 
52.708400, -114.446600, 414.220000 
54.172900, -113.556600, 36.800000 
51.129700, -114.767900, 166.280000 
52.588400, -113.956000, 36.590000 
52.806700, -116.210000, 100.200000 
50.616800, -112.845300, 155.200000 
52.544700, -112.902200, 65.551000 
50.427600, -112.462300, 278.200000 
51.691800, -112.224000, 169.767000 
52.435700, -111.682000, 34.000000 
51.777300, -113.195400, 80.200000 
54.560100, -113.841100, 112.700000 
51.239000, -111.560600, 83.600000 
55.087300, -113.141000, 188.800000 
51.883700, -112.828700, 24.000000 
54.349000, -113.551600, 55.500000 
51.737300, -112.561700, 116.700000 
50.677900, -113.715700, 74.670000 
52.439300, -110.316400, 157.900000 
56.198300, -118.656300, 197.360000 
50.165800, -111.052800, 208.240000 
54.350500, -116.766800, 54.502000 
50.165800, -110.841900, 251.680000 
50.493100, -113.673600, 156.500000 
50.496700, -113.403600, 74.670000 
50.443500, -113.952200, 48.500000 
54.920000, -113.382500, 81.500000 
50.397600, -113.925500, 285.620000 
52.086500, -112.951800, 35.600000 
54.789300, -114.042500, 30.500000 
54.494500, -111.047000, 85.100000 
53.664100, -116.201800, 61.480000 
53.843400, -112.979700, 44.400000 
51.962900, -113.734300, 61.400000 
55.715500, -119.311000, 40.670000 
50.165800, -111.189800, 43.370000 
52.017300, -113.148800, 226.400000 
53.706600, -115.976300, 337.460000 
51.402400, -112.918100, 499.840000 
53.655600, -115.933200, 276.910000 
51.751800, -113.864600, 235.000000 
56.556900, -119.363900, 147.480000 
52.475700, -111.441400, 92.700000 
50.553600, -113.553000, 217.290000 
52.522800, -116.380000, 88.100000 
51.635400, -112.792600, 211.400000 
50.957700, -113.714500, 54.850000 
51.871800, -112.887600, 122.200000 
50.187500, -111.052800, 251.680000 
50.936300, -113.783200, 211.910000 
58.088400, -117.954200, 63.200000 
58.550400, -117.426700, 280.100000 
55.698000, -118.137100, 56.480000 
51.060700, -112.412000, 252.150000 
58.343200, -117.867500, 92.700000 
55.774800, -113.774700, 167.900000 
58.128400, -118.382100, 217.000000 
52.912000, -114.064600, 223.050000 
56.098700, -111.824500, 96.900000 
55.785900, -112.982900, 123.000000 
50.689500, -111.554800, 186.406000 
49.521900, -112.139500, 154.300000 
50.907900, -111.514200, 81.600000 
51.151500, -112.207800, 20.200000 
52.807000, -114.258600, 199.410000 
55.385700, -113.001600, 351.800000 
52.268500, -112.871100, 58.290000 
55.596700, -118.275600, 38.300000 
49.684600, -112.814600, 166.255000 
56.613100, -112.849000, 92.611000 
50.006500, -114.146000, 39.110000 
58.110400, -118.115600, 309.100000 
56.502900, -116.750400, 188.900000 
50.096700, -111.110000, 31.940000 
54.352600, -110.517800, 103.100000 
50.416300, -113.751900, 62.780000 
50.635800, -113.633400, 74.670000 
50.609400, -113.706700, 442.430000 
55.585700, -112.963500, 236.900000 
55.542000, -113.430800, 258.700000 
55.676700, -118.158900, 360.870000 
55.293900, -112.897500, 120.900000 
55.887600, -112.125700, 104.600000 
56.513900, -115.606000, 70.300000 
50.758400, -113.665400, 61.480000 
50.973000, -113.852900, 115.950000 
51.042300, -112.254500, 290.710000 
50.544700, -113.991300, 90.830000 
56.233200, -113.896400, 348.900000 
52.797900, -112.371400, 78.428000 
53.974300, -114.923900, 276.180000 
54.702500, -112.900400, 418.824000 
52.042900, -114.588800, 473.340000 
53.946900, -110.794600, 117.958000 
53.770600, -117.601400, 162.479000 
51.406200, -112.347600, 130.150000 
56.956900, -112.850800, 235.815000 
51.439000, -112.888700, 197.340000 
52.759300, -115.531900, 222.540000 
54.352500, -111.150000, 213.103000 
53.213700, -114.714000, 31.270000 
53.901500, -115.191100, 105.750000 
53.026900, -114.766400, 30.510000 
57.059400, -112.842800, 428.300000 
53.392300, -115.310800, 108.720000 
52.439300, -114.304600, 99.350000 
50.707900, -110.813900, 270.015000 
56.069400, -119.648100, 21.641000 
52.079300, -111.012200, 202.498000 
50.299100, -112.185400, 120.313000 
54.760400, -113.959500, 69.349000 
51.380700, -112.900600, 20.460000 
52.941900, -114.043400, 61.033000 
55.847900, -111.359500, 248.590000 
55.125000, -111.690600, 38.521000 
53.561500, -116.577900, 39.495000 
55.968000, -113.369300, 57.967000 
54.209200, -113.773700, 189.183000 
56.913500, -112.765900, 210.597000 
53.392300, -115.316900, 44.680000 
53.959800, -113.055400, 30.096000 
52.944800, -110.088600, 73.191000 
51.706400, -112.386200, 69.346000 
56.815400, -117.599500, 60.430000 
53.523200, -114.879200, 22.540000 
49.816400, -112.070100, 21.042000 
56.560600, -119.031700, 141.720000 
53.897900, -116.067500, 60.330000 
50.627800, -111.287500, 28.090000 
50.760700, -113.820700, 73.403000 
56.844200, -113.311100, 35.024000 
52.624800, -114.431000, 149.952000 
50.223900, -113.513800, 90.910000 
53.010400, -114.185700, 130.390000 
55.891800, -111.717900, 72.827000 
54.960000, -119.802500, 34.290000 
50.567300, -111.213500, 78.525000 
52.548400, -113.961800, 79.157000 
50.989600, -112.067900, 87.896000 
53.727000, -115.607500, 147.650000 
52.821100, -112.440600, 35.134000 
54.741800, -114.117800, 30.147000 
53.607000, -116.469400, 64.220000 
55.265600, -114.607800, 223.257000 
52.584630, -114.366953, 108.075000 
53.788700, -115.564200, 27.550000 
52.155700, -113.387700, 218.688000 
51.377000, -113.041600, 20.460000 
54.494400, -118.198900, 21.659000 
55.294800, -110.795100, 238.260000 
50.693200, -113.672900, 72.540000 
55.822600, -113.525900, 252.461000 
53.868700, -110.202400, 34.956000 
49.761900, -113.394800, 16.363000 
49.791100, -112.557000, 14.725000 
52.522900, -111.634000, 31.346000 
55.324600, -113.284900, 37.832000 
55.032800, -113.720300, 83.754000 
51.388100, -110.772500, 54.680000 
51.209800, -113.141000, 48.770000 
53.418900, -110.297400, 24.319000 
54.410900, -112.260400, 88.856000 
51.307900, -112.712600, 44.460000 
52.286500, -114.970800, 216.141000 
51.460600, -112.652800, 40.535000 
57.295400, -112.477900, 26.440000 
50.103900, -110.864700, 88.699000 
55.432900, -111.219800, 44.378000 
57.240900, -112.620700, 35.970000 
51.496900, -112.570600, 39.110000 
53.246800, -115.391700, 48.494000 
51.468800, -112.609800, 32.490000 
54.105300, -117.512800, 191.861000 
50.191900, -111.301800, 218.195000 
50.777100, -113.397000, 31.693000 
52.810400, -112.453400, 22.967000 
54.294400, -111.306700, 112.068000 
57.251800, -112.498500, 166.330000 
56.313200, -111.636200, 43.910000 
54.745300, -112.126900, 57.640000 
53.714300, -110.747300, 247.280000 
50.740700, -112.324500, 176.570000 
50.009200, -110.847500, 135.321000 
53.265100, -115.520000, 29.314000 
50.289400, -111.617800, 86.730000 
51.409800, -113.094600, 220.430000 
51.159000, -112.785100, 21.170000 
52.410000, -112.757800, 21.130000 
52.275700, -114.218800, 65.300000 
52.588400, -113.949900, 48.250000 
52.610400, -114.821800, 367.743000 
50.522300, -111.652300, 215.923000 
51.468100, -112.688100, 31.260000 
57.542900, -112.226600, 290.660000 
51.322600, -112.542000, 34.140000 
54.156100, -112.008600, 59.300000 
50.897000, -111.693700, 247.626000 
51.665300, -112.323200, 90.240000 
51.304300, -112.970900, 70.500000 
55.309200, -119.205800, 30.640000 
56.199000, -110.675100, 28.107000 
52.111800, -112.731200, 31.736000 
52.024500, -112.778700, 28.210000 
56.040300, -114.140600, 119.766000 
49.652800, -111.231900, 45.865000 
54.541800, -110.408400, 31.130000 
56.302200, -112.309400, 169.161000 
51.529900, -112.136700, 37.970000 
55.093800, -113.623700, 119.480000 
50.047200, -113.556900, 162.960000 
53.583000, -116.842000, 431.880000 
56.986100, -113.032800, 53.050000 
54.832800, -119.012000, 143.985000 
54.528700, -117.464200, 248.454000 
53.916400, -114.707900, 35.779000 
51.319000, -112.965100, 20.460000 
49.098600, -111.476400, 200.140000 
54.949200, -112.304700, 78.823000 
54.161300, -117.665100, 118.849000 
51.733100, -111.640300, 173.201000 
52.958300, -111.238400, 70.124000 
56.087800, -118.495600, 32.928000 
50.511400, -111.289400, 260.994000 
52.675900, -110.515800, 45.523000 
56.622700, -119.946500, 521.541000 
51.322600, -112.918100, 36.950000 
50.675000, -113.452200, 91.784000 
52.875700, -110.458600, 22.685000 
49.448100, -111.396900, 33.141000 
57.877200, -119.740900, 168.586000 
55.823000, -110.792300, 172.537000 
56.083300, -112.515100, 89.836000 
54.268900, -111.143600, 95.443000 
52.222500, -115.247400, 46.031000 
56.098700, -113.566400, 23.042000 
54.387000, -116.966700, 23.190000 
52.574000, -115.393600, 45.370000 
55.429200, -113.618100, 593.026000 
50.755100, -112.162300, 100.815000 
51.766200, -111.963700, 163.431000 
50.784300, -113.667400, 74.670000 
55.444000, -113.825000, 80.412000 
53.277000, -110.481000, 121.600000 
52.581200, -115.393600, 20.300000 
53.054000, -110.787500, 153.300000 
54.033400, -117.756900, 223.157000 
52.020900, -112.402800, 57.929000 
54.552500, -111.305300, 38.760000 
57.374300, -119.234900, 109.646000 
50.922300, -112.003700, 168.214000 
51.020700, -112.948400, 493.300000 
57.303800, -114.973000, 68.804000 
53.756800, -110.101300, 115.749000 
51.915400, -111.744500, 168.931000 
55.769300, -118.567800, 408.974000 
55.954200, -117.710800, 174.846000 
51.980900, -113.679200, 71.169000 
55.985800, -119.425600, 36.262000 
56.360600, -118.612500, 66.603000 
56.347100, -119.190500, 29.405000 
50.254700, -110.603200, 63.655000 
52.766800, -115.362200, 59.060000 
50.165300, -110.666200, 28.353000 
51.279000, -113.065200, 25.480000 
54.965100, -119.306800, 120.144000 
56.091600, -111.039700, 118.886000 
56.913400, -114.576700, 20.343000 
51.239700, -115.564600, 192.950000 
52.140800, -112.157200, 215.649000 
52.701200, -115.392500, 33.710000 
51.006200, -113.176000, 120.960000 
56.369360, -117.824655, 53.250000 
55.418300, -119.773300, 33.300000 
56.731500, -115.611500, 38.130000 
50.591500, -111.780300, 333.657000 
56.149400, -117.933300, 80.651000 
52.370000, -115.061700, 59.395000 
50.325800, -110.255600, 82.113000 
53.385100, -110.034700, 45.490000 
51.522600, -113.018200, 89.070000 
55.917500, -119.835200, 126.623000 
51.439000, -112.054500, 93.920000 
50.289400, -112.007500, 231.750000 
50.078300, -110.419700, 99.466000 
53.188700, -115.642200, 155.190000 
55.771500, -119.828100, 32.713000 
53.210800, -110.201900, 149.719000 
55.586800, -119.433800, 25.123000 
55.471000, -110.720700, 331.063000 
53.837900, -113.933100, 58.210000 
55.619600, -119.503300, 74.940000 
55.556700, -117.391900, 43.450000 
57.418900, -119.675000, 87.740000 
56.313200, -113.387800, 61.786000 
55.192900, -113.040200, 136.762000 
52.908400, -114.088800, 54.328000 
52.934000, -114.022100, 26.613000 
53.884000, -110.206800, 35.531000 
55.819300, -118.998300, 38.773000 
52.188200, -114.344100, 43.718000 
55.472800, -119.127200, 136.540000 
54.348900, -119.463300, 153.538000 
50.278300, -111.468400, 179.400000 
51.122600, -113.164300, 70.050000 
55.862200, -119.589200, 136.080000 
55.862200, -119.720300, 31.229000 
52.090700, -112.766700, 319.039000 
56.098600, -119.288100, 140.514000 
51.115100, -112.960100, 98.400000 
55.945800, -119.805300, 47.152000 
51.118700, -112.960100, 43.770000 
55.960400, -119.661700, 20.337000 
55.189200, -118.950000, 22.090000 
53.767000, -112.117000, 25.531000 
53.391400, -111.213900, 92.812000 
56.178700, -112.786300, 250.760000 
51.657300, -113.213200, 32.590000 
50.336800, -111.169800, 32.145000 
52.719200, -111.500600, 65.855000 
52.755700, -113.939100, 382.630000 
52.217300, -112.307300, 51.093000 
52.544700, -111.121700, 22.080000 
51.042300, -113.001000, 120.880000 
50.995000, -112.801700, 50.900000 
55.596700, -118.277000, 40.090000 
50.965900, -113.030200, 315.920000 
51.002300, -112.884200, 42.830000 
50.700700, -111.022200, 175.770000 
51.037000, -113.196300, 22.940000 
51.013400, -112.907600, 22.940000 
50.536900, -112.031500, 38.040000 
50.980700, -113.216800, 25.870000 
55.943900, -119.923100, 56.770000 
51.013400, -113.152700, 36.880000 
56.095100, -113.448600, 523.750000 
52.268400, -113.351800, 28.994000 
50.631500, -111.022200, 91.020000 
50.314700, -111.968400, 44.640000 
50.955100, -112.697800, 22.940000 
50.969800, -112.855100, 23.420000 
50.918700, -112.967000, 56.140000 
50.187500, -110.705000, 24.719000 
54.132200, -113.159900, 57.806000 
51.217000, -113.977700, 144.430000 
50.202700, -110.661300, 261.758000 
54.203300, -116.501500, 42.561000 
53.199500, -112.999300, 168.686000 
54.223000, -113.478600, 48.558000 
50.336700, -110.135000, 82.913000 
55.280000, -119.098100, 34.490000 
50.294200, -110.593500, 284.397000 
51.479000, -114.186000, 39.377000 
50.707600, -110.485200, 59.557000 
53.064800, -110.608900, 20.847000 
53.254000, -113.048200, 190.402000 
51.495900, -114.210100, 149.083000 
54.189000, -117.294500, 21.010000 
51.391800, -114.203500, 78.555000 
53.130400, -112.834300, 25.759000 
53.239500, -112.981000, 55.092000 
53.763400, -114.770000, 127.045000 
53.178600, -112.537000, 170.550000 
53.562800, -112.328500, 92.580000 
50.191100, -110.259400, 73.793000 
53.967600, -112.269100, 72.176000 
52.599300, -113.083800, 114.836000 
53.036000, -111.665600, 90.935000 
52.639300, -115.489700, 22.918000 
53.414200, -111.334200, 53.737000 
51.359000, -112.360100, 209.070000 
55.425700, -113.516100, 38.758000 
54.794400, -116.747600, 75.662000 
50.191100, -110.665000, 32.619000 
53.999800, -116.670400, 53.497000 
52.606500, -115.014400, 27.399000 
53.337800, -111.243900, 404.597000 
52.464700, -110.664400, 64.525000 
52.224500, -115.131900, 23.712000 
51.217000, -112.977600, 33.960000 
52.457600, -113.576800, 47.591000 
53.810700, -114.706400, 49.862000 
52.851400, -114.046900, 62.440000 
52.727800, -113.270100, 85.210000 
50.656800, -111.410100, 213.130000 
50.398600, -110.503300, 591.790000 
50.656900, -112.607200, 87.770000 
55.433300, -116.483200, 74.400000 
52.265500, -114.517800, 35.170000 
51.507100, -111.886500, 22.100000 
50.998700, -112.464500, 129.340000 
50.224000, -110.037500, 557.510000 
51.319000, -111.684200, 46.130000 
52.224500, -110.349700, 32.170000 
53.052300, -113.692600, 35.320000 
50.671500, -111.695300, 166.880000 
52.743400, -114.113400, 44.640000 
51.493300, -111.201400, 63.800000 
51.552600, -111.632500, 77.510000 
50.485900, -112.014200, 24.820000 
50.573100, -111.177500, 395.190000 
51.726200, -114.436000, 20.592000 
53.825000, -115.556700, 154.660000 
51.708200, -114.388800, 122.598000 
52.197100, -114.367700, 54.310000 
52.435700, -113.390400, 399.374000 
50.536800, -112.031500, 157.440000 
55.574700, -118.815800, 98.958000 
52.640400, -113.252100, 29.088000 
51.697300, -114.536800, 55.711000 
54.509700, -110.909900, 50.743000 
52.707000, -114.137500, 51.110000 
51.569800, -113.964100, 191.381000 
51.637100, -112.865800, 205.850000 
50.758700, -112.498100, 221.500000 
50.576700, -112.630300, 88.800000 
50.191100, -111.252600, 43.370000 
50.704200, -111.160300, 61.440000 
53.825100, -116.396900, 146.000000 
51.275400, -112.906500, 118.600000 
52.657600, -114.635400, 95.160000 
54.510600, -117.501800, 155.522000 
52.598500, -114.400200, 90.170000 
50.187600, -111.167000, 180.740000 
51.093400, -112.820100, 452.300000 
50.521800, -113.913200, 285.620000 
51.366200, -112.771200, 134.000000 
51.424300, -112.747800, 79.300000 
50.653300, -111.166100, 60.710000 
51.126200, -112.359500, 285.790000 
51.176900, -112.055300, 260.980000 
50.223900, -110.899700, 754.960000 
52.358000, -114.324100, 47.830000 
51.684400, -111.851300, 27.900000 
53.216900, -116.358700, 163.440000 
51.915100, -113.373700, 61.780000 
51.304300, -112.653700, 244.510000 
52.486400, -114.490000, 175.800000 
50.223900, -110.761900, 142.220000 
52.926700, -113.998900, 259.550000 
52.359300, -114.785700, 153.000000 
51.552500, -111.490600, 398.970000 
55.945800, -118.888600, 121.900000 
51.024500, -111.642800, 146.270000 
56.062200, -118.482500, 158.200000 
52.588400, -114.593500, 77.900000 
49.729200, -114.427200, 68.576000 
50.707900, -113.221600, 92.830000 
50.817000, -113.100200, 176.410000 
55.669900, -117.904200, 87.659000 
50.296700, -111.566200, 97.750000 
53.363200, -114.456300, 67.030000 
55.800300, -117.813800, 48.055000 
55.767500, -117.528200, 68.825000 
56.930900, -115.252200, 184.161000 
51.046200, -112.044500, 72.980000 
50.947900, -111.578100, 71.910000 
50.835100, -112.799000, 192.640000 
51.038600, -111.864000, 163.950000 
51.122600, -112.149500, 31.870000 
55.883900, -117.462000, 44.026000 
55.425600, -118.988600, 94.050000 
50.274700, -111.847600, 28.350000 
55.378300, -119.760600, 129.470000 
51.531300, -113.276300, 520.590000 
51.784500, -113.402700, 134.460000 
53.193400, -110.863100, 27.963000 
51.529700, -112.136700, 283.800000 
55.640300, -118.502800, 34.847000 
56.527800, -114.070000, 55.193000 
52.829600, -113.910900, 137.990000 
55.640300, -117.132400, 120.780000 
53.374300, -114.527900, 348.490000 
55.443900, -119.522500, 87.840000 
55.742300, -114.146900, 69.575000 
54.388400, -110.949300, 84.064000 
55.145600, -114.118900, 39.686000 
51.642600, -113.337700, 480.000000 
50.278300, -111.543100, 123.210000 
55.022000, -112.522700, 71.850000 
56.215000, -110.968100, 27.310000 
51.035000, -112.268600, 35.860000 
53.228700, -115.104400, 169.589000 
55.519900, -119.349500, 78.450000 
53.981500, -116.999800, 23.834000 
50.700600, -110.772500, 225.360000 
53.752300, -117.273100, 23.631000 
53.956200, -110.159100, 22.229000 
53.967700, -110.122400, 61.211000 
53.937900, -116.900400, 37.956000 
52.083000, -114.649300, 30.110000 
54.319800, -115.790300, 59.178000 
54.247000, -115.690000, 22.975000 
50.485900, -111.451200, 453.540000 
50.413200, -111.755900, 39.800000 
54.323400, -115.677500, 83.815000 
50.438700, -111.284800, 574.830000 
50.700700, -110.478000, 495.880000 
57.295300, -115.546100, 161.220000 
50.565900, -110.210200, 113.480000 
50.456800, -110.181600, 157.550000 
55.432800, -118.041700, 72.855000 
51.009800, -111.391500, 82.040000 
55.363900, -119.760600, 73.670000 
52.988300, -110.670000, 50.610000 
51.042300, -111.298100, 131.140000 
49.958300, -111.030000, 30.130000 
52.366300, -114.963000, 366.351000 
52.260500, -113.816600, 126.627000 
55.639400, -118.984300, 37.735000 
53.876200, -117.149000, 23.226000 
55.651800, -111.084400, 183.242000 
50.755100, -110.310200, 266.920000 
50.322300, -111.721200, 21.450000 
52.872800, -110.032400, 126.192000 
50.271200, -110.376900, 99.225000 
52.544800, -114.545200, 242.400000 
58.164800, -117.427500, 164.910000 
54.829200, -119.668600, 48.282000 
50.395000, -110.353900, 93.443000 
50.784300, -112.324500, 119.130000 
50.307500, -110.502500, 322.915000 
54.956400, -119.445600, 35.022000 
54.876400, -119.286100, 22.330000 
55.494700, -119.412800, 34.919000 
57.851600, -119.158100, 140.307000 
54.800000, -119.775600, 23.131000 
50.507600, -110.325200, 96.729000 
57.931900, -117.835000, 684.560000 
54.607200, -119.332000, 207.845000 
50.867900, -111.936700, 178.870000 
54.720000, -119.110600, 219.623000 
50.362200, -110.509100, 35.949000 
54.803600, -119.796400, 23.214000 
50.282400, -110.468900, 322.828000 
52.140800, -115.060200, 32.700000 
52.708400, -115.428900, 206.200000 
52.696000, -111.198200, 370.852000 
52.923200, -115.156100, 108.200000 
57.320900, -118.063600, 112.882000 
51.649800, -114.501300, 35.000000 
53.257600, -115.507800, 119.100000 
54.099600, -117.535500, 219.600000 
54.356200, -111.301200, 71.419000 
53.101200, -114.761900, 205.800000 
52.184500, -114.737900, 29.900000 
57.888400, -118.608700, 220.174000 
50.453200, -110.204700, 74.485000 
53.159500, -114.205700, 102.800000 
50.765900, -111.948400, 37.830000 
58.081200, -117.635600, 280.590000 
52.814000, -114.786000, 232.200000 
53.103200, -115.363400, 34.800000 
53.064700, -116.436900, 167.640000 
55.509300, -114.146900, 64.963000 
55.640400, -114.536400, 20.960000 
55.585600, -117.891600, 176.593000 
57.840900, -117.867800, 48.370000 
52.461400, -114.346900, 197.785000 
52.515700, -115.327200, 36.982000 
52.570100, -114.533200, 25.120000 
52.901100, -116.678000, 38.657000 
54.436200, -111.205100, 241.670000 
53.163100, -117.017800, 177.820000 
50.864300, -112.353400, 213.240000 
54.447300, -111.318700, 24.625000 
52.464700, -115.007500, 55.591000 
55.694100, -113.599400, 108.859000 
53.039400, -116.406400, 113.252000 
55.520400, -113.781100, 306.037000 
52.850300, -116.465800, 118.784000 
54.836400, -119.145800, 79.060000 
50.245900, -111.273100, 46.285000 
50.340400, -111.302000, 54.134000 
54.647200, -119.332000, 105.386000 
50.860700, -112.035100, 125.600000 
50.318700, -111.261700, 119.122000 
54.829200, -119.490000, 213.998000 
54.810800, -119.649700, 33.381000 
52.512000, -115.044700, 97.390000 
52.541200, -115.170800, 51.656000 
53.159500, -114.902800, 68.074000 
50.267600, -111.330600, 216.248000 
53.123200, -115.880800, 37.944000 
53.148700, -115.746100, 175.455000 
53.134000, -115.678900, 173.720000 
53.152300, -115.874700, 85.155000 
55.043600, -119.955600, 27.400000 
55.047200, -119.898100, 28.000000 
55.061900, -119.388100, 25.700000 
55.061900, -119.337000, 31.500000 
56.458600, -119.914300, 144.644000 
55.076400, -119.821700, 31.400000 
52.646500, -111.092500, 95.930000 
53.777900, -115.974200, 17.300000 
58.248400, -117.455300, 236.720000 
53.076000, -111.299800, 221.900000 
57.186200, -118.003300, 261.944000 
50.707900, -112.353400, 40.390000 
53.035900, -111.403600, 29.200000 
54.872900, -110.418400, 38.470000 
55.058300, -119.872800, 38.400000 
53.777900, -115.769200, 35.300000 
53.428700, -115.125800, 250.758000 
54.130700, -115.765300, 18.200000 
54.887200, -119.828100, 221.200000 
52.864800, -111.052700, 25.098000 
54.883700, -110.418400, 73.420000 
54.985600, -119.828100, 15.400000 
59.601800, -117.409700, 49.900000 
54.901900, -119.891700, 131.700000 
57.742220, -119.995050, 191.400000 
57.724400, -119.980900, 98.100000 
53.315900, -114.982200, 507.620000 
56.036700, -119.641700, 28.700000 
50.693200, -112.312800, 29.950000 
53.024700, -116.015300, 44.685000 
55.032800, -119.745000, 22.600000 
53.010400, -110.731400, 23.342000 
55.018300, -119.413600, 31.300000 
55.047200, -119.828100, 31.700000 
55.192700, -119.998300, 33.300000 
55.032800, -119.623900, 31.700000 
53.170400, -114.884200, 381.791000 
55.010800, -119.865000, 78.000000 
53.828700, -115.943000, 192.300000 
52.446500, -114.671600, 200.641000 
52.650400, -115.080800, 42.153000 
53.909800, -115.787800, 83.500000 
53.159500, -110.853300, 76.018000 
54.450800, -117.228100, 89.200000 
51.762600, -110.139700, 290.319000 
53.366700, -116.022500, 78.200000 
53.326800, -116.168000, 85.800000 
53.614300, -116.956500, 19.500000 
58.441200, -117.244700, 155.280000 
54.025400, -117.018400, 27.200000 
53.190400, -114.552300, 123.570000 
51.865400, -110.585600, 47.101000 
53.610600, -117.695900, 157.800000 
50.809500, -111.693700, 172.680000 
57.808400, -118.093900, 44.460000 
53.625000, -117.782300, 402.700000 
50.711500, -112.394000, 335.100000 
53.534300, -116.333900, 65.100000 
49.958300, -113.556600, 56.200000 
52.836500, -110.790500, 62.187000 
56.222300, -112.706800, 55.480000 
49.725600, -113.397600, 33.100000 
58.073200, -118.762000, 54.239000 
52.937600, -111.186100, 62.000000 
53.163200, -115.416100, 153.000000 
58.683300, -118.670000, 179.272000 
49.889200, -112.917600, 49.900000 
49.616400, -112.472000, 19.700000 
50.755100, -111.786200, 31.740000 
53.479400, -115.130800, 92.076000 
53.079500, -112.436700, 10.600000 
50.337100, -111.513600, 23.949000 
49.794700, -111.198100, 11.700000 
58.305400, -118.888000, 38.416000 
49.580000, -112.743700, 12.900000 
49.791100, -112.743700, 14.600000 
51.504500, -114.068500, 403.831000 
53.159700, -114.205700, 21.972000 
51.254200, -110.402700, 47.964000 
49.758300, -110.479100, 110.890000 
53.225100, -114.034600, 471.669000 
50.220300, -112.444200, 387.800000 
49.521900, -112.859000, 115.413000 
51.118600, -113.507500, 50.220000 
56.506100, -117.982800, 78.370000 
56.069400, -118.247000, 30.690000 
50.114700, -111.674500, 63.558000 
52.119200, -115.215400, 138.858000 
51.937300, -111.099200, 24.010000 
50.802300, -113.210200, 85.474000 
49.358100, -111.375000, 23.580000 
51.213400, -113.257700, 101.610000 
50.736800, -113.325700, 214.976000 
49.601900, -110.445000, 22.660000 
51.413400, -111.766500, 43.513000 
50.682300, -113.256300, 67.787000 
51.897200, -115.040200, 380.468000 
50.984300, -113.444300, 248.910000 
52.093600, -115.143800, 281.517000 
51.402600, -113.247400, 242.080000 
52.082800, -115.183500, 222.298000 
51.777200, -114.897900, 34.292000 
50.071100, -111.668700, 36.133000 
52.104400, -115.161600, 147.122000 
57.189800, -117.667000, 43.669000 
51.177000, -113.438500, 35.640000 
53.374300, -114.232100, 26.731000 
50.583900, -113.302700, 117.956000 
51.075100, -113.409300, 264.620000 
51.264300, -113.281000, 65.650000 
51.078700, -113.537700, 279.690000 
52.068200, -114.546800, 68.020000 
51.581600, -113.840400, 377.725000 
51.919000, -114.394600, 94.229000 
52.479300, -114.178200, 80.993000 
56.836900, -118.278100, 33.410000 
49.038100, -111.158900, 48.410000 
52.843100, -115.604700, 259.147000 
51.933600, -114.963200, 77.087000 
50.987900, -111.741500, 42.640000 
51.962900, -114.732100, 88.633000 
51.235400, -113.088500, 32.601000 
49.030800, -111.052700, 41.500000 
50.103900, -112.700900, 133.050000 
56.982800, -118.305800, 116.880000 
52.628400, -114.882100, 20.800000 
51.425100, -110.513800, 45.597000 
49.347200, -112.814200, 20.100000 
50.296700, -112.433700, 42.196000 
51.773700, -114.222900, 53.950000 
52.260900, -114.946900, 267.552000 
56.727900, -116.305700, 133.950000 
49.205300, -111.037700, 348.820000 
51.340700, -113.217900, 45.190000 
51.351800, -111.196500, 56.454000 
55.603900, -119.347800, 474.023000 
51.264300, -113.403500, 67.320000 
56.069400, -119.877200, 41.830000 
49.300000, -110.806400, 27.450000 
54.258200, -114.580800, 227.162000 
49.172800, -111.086400, 24.220000 
49.154400, -110.902200, 21.380000 
52.028200, -114.809600, 142.539000 
51.359000, -113.352900, 43.070000 
56.691400, -118.771700, 44.820000 
51.878900, -115.093200, 33.661000 
54.370800, -116.874800, 237.740000 
49.576400, -112.919200, 56.290000 
51.319000, -113.511800, 21.380000 
54.043400, -110.619200, 39.220000 
57.418900, -118.942600, 146.670000 
57.502800, -118.745700, 175.939000 
57.415300, -118.493900, 58.340000 
50.977000, -112.242800, 178.730000 
52.657600, -115.309200, 45.018000 
57.338900, -118.460000, 351.256000 
53.628700, -113.085700, 57.077000 
53.395900, -112.759100, 112.109000 
53.577900, -113.017900, 58.317000 
49.500000, -112.746700, 33.309000 
52.402900, -114.593500, 73.242000 
52.042900, -113.680200, 135.245000 
52.359400, -113.971400, 52.824000 
57.120900, -118.139200, 98.368000 
51.791800, -110.808900, 131.415000 
51.984500, -114.302100, 92.067000 
51.824000, -110.948800, 22.591000 
57.338900, -118.473600, 31.991000 
52.704800, -115.441100, 124.659000 
52.366500, -115.170800, 35.961000 
55.451200, -110.853100, 83.795000 
50.835100, -112.538700, 135.510000 
55.396500, -110.737300, 152.837000 
52.712000, -114.573800, 86.260000 
52.806800, -114.640400, 73.566000 
55.691200, -111.275900, 1047.396000 
51.464400, -114.961600, 153.428000 
51.377000, -114.814600, 302.769000 
52.661400, -114.635500, 30.818000 
53.141200, -114.327900, 83.643000 
55.676800, -111.113700, 39.317000 
55.720400, -111.347300, 71.610000 
54.381800, -111.238700, 24.355000 
51.806100, -114.998500, 22.551000 
51.838900, -114.980700, 87.209000 
55.713800, -111.263100, 78.643000 
50.940700, -112.371200, 20.660000 
57.042500, -111.905000, 57.696000 
55.352900, -110.627800, 132.426000 
53.912600, -116.745100, 129.292000 
55.520300, -119.315300, 26.530000 
54.029000, -116.769800, 27.678000 
54.319700, -116.718100, 33.393000 
50.784300, -111.543100, 29.197000 
54.287000, -117.069000, 22.574000 
51.264300, -113.205200, 251.740000 
56.280700, -116.053000, 53.961000 
55.713100, -119.672200, 168.912000 
51.380700, -113.229600, 142.170000 
49.500000, -111.009700, 40.505000 
51.850000, -115.105200, 34.924000 
51.624500, -113.799300, 36.212000 
51.791700, -114.915700, 29.890000 
50.758700, -111.641500, 120.358000 
53.752300, -117.099300, 132.519000 
57.193700, -118.199700, 140.914000 
50.929800, -112.458700, 20.050000 
49.914900, -112.361400, 24.530000 
57.113400, -118.058600, 106.052000 
49.874700, -112.387300, 35.355000 
49.289200, -112.797300, 64.502000 
49.492800, -112.830900, 95.711000 
56.131500, -115.962400, 42.847000 
54.385300, -116.975100, 254.627000 
57.066200, -118.031700, 552.556000 
54.345300, -116.880900, 58.159000 
54.350500, -116.766800, 180.455000 
53.275900, -113.989600, 111.772000 
57.338900, -119.657100, 662.032000 
50.889400, -113.406800, 129.770000 
49.118100, -113.637100, 223.978000 
57.349400, -118.670600, 120.517000 
55.843900, -111.090000, 138.291000 
55.102000, -110.507600, 39.060000 
54.476100, -119.173900, 39.410000 
50.867800, -111.796900, 107.432000 
56.149400, -112.314700, 22.486000 
50.893400, -112.174000, 206.640000 
55.112900, -110.853100, 63.540000 
53.415200, -110.857100, 89.141000 
54.538100, -119.066400, 192.910000 
50.795100, -112.017800, 408.120000 
54.419600, -117.293100, 67.167000 
53.968000, -110.969200, 104.848000 
54.855000, -118.521900, 70.855000 
52.235800, -113.377700, 54.051000 
54.447400, -117.523700, 374.685000 
50.940600, -111.880600, 274.388000 
56.135000, -113.028300, 34.806000 
56.891000, -112.671500, 308.908000 
51.217000, -111.922300, 54.159000 
54.708900, -113.448100, 73.526000 
55.581900, -112.320000, 99.560000 
52.250100, -115.042200, 4.420000 
54.548100, -117.411400, 283.154000 
54.127300, -110.890400, 104.206000 
52.755600, -111.282200, 115.728000 
55.149300, -111.090900, 35.540000 
52.697500, -116.005000, 29.140000 
51.943400, -112.077500, 70.154000 
51.609700, -112.623300, 39.494000 
54.127000, -114.655800, 48.400000 
51.275400, -111.325900, 31.617000 
53.512300, -115.611900, 52.040000 
56.265800, -117.823100, 24.557000 
54.185400, -114.210700, 139.555000 
54.536100, -117.111400, 79.338000 
51.449700, -111.571700, 125.380000 
55.997300, -111.352400, 24.746000 
55.418300, -111.411700, 141.222000 
50.863600, -111.847200, 117.893000 
55.996800, -110.822600, 35.363000 
56.011400, -119.759500, 100.300000 
57.200900, -112.905700, 795.761000 
55.186400, -111.439100, 189.227000 
57.004500, -113.047100, 48.633000 
54.763600, -114.302800, 52.097000 
51.635300, -112.531400, 38.517000 
54.505300, -116.450600, 62.964000 
55.069300, -110.545900, 76.190000 
57.485900, -113.793100, 144.053000 
54.516100, -116.886800, 52.587000 
52.334100, -113.674200, 60.358000 
52.806100, -112.442400, 95.253000 
54.375200, -110.402100, 30.237000 
56.833400, -113.112100, 459.429000 
56.033100, -119.489400, 32.358000 
54.798600, -114.203400, 102.322000 
57.168200, -112.845200, 37.291000 
57.106200, -112.252700, 27.109000 
54.825800, -113.307300, 100.843000 
54.257200, -112.373600, 183.279000 
55.847500, -111.358600, 103.975000 
54.345300, -112.905000, 63.963000 
55.338400, -111.264800, 93.746000 
54.640100, -110.964800, 20.357000 
56.498700, -112.481600, 136.795000 
52.162900, -114.576800, 39.200000 
52.279300, -114.129100, 35.340000 
54.978300, -117.708800, 72.140000 
54.479800, -111.021700, 126.985000 
55.688200, -113.897000, 70.327000 
52.424800, -114.340700, 49.570000 
52.344800, -114.262400, 95.550000 
50.828700, -111.791400, 57.135000 
52.359300, -113.715200, 387.220000 
58.692300, -118.796500, 92.990000 
54.627100, -118.513200, 58.210000 
54.627000, -117.464200, 154.731000 
50.101700, -111.307800, 61.151000 
55.309300, -110.480100, 49.460000 
54.814400, -113.605600, 51.346000 
58.670400, -119.559800, 64.740000 
58.685100, -118.669200, 135.290000 
55.687800, -113.748600, 21.528000 
55.367600, -110.563700, 23.200000 
52.130100, -110.099100, 21.420000 
55.631500, -112.189600, 317.921000 
56.255000, -119.517800, 27.690000 
51.424300, -112.994500, 20.460000 
52.326500, -114.515200, 592.250000 
52.130100, -110.116900, 53.770000 
53.607000, -116.703700, 194.916000 
55.876700, -110.880600, 47.047000 
57.273600, -115.892500, 53.265000 
55.949600, -110.624000, 191.576000 
54.102500, -112.310200, 252.641000 
54.786400, -112.744200, 132.290000 
53.912600, -110.712200, 31.929000 
54.452400, -116.966400, 29.339000 
54.610700, -112.540200, 78.160000 
55.833200, -110.907600, 38.273000 
55.136500, -113.794500, 56.762000 
51.570600, -111.357100, 85.156000 
54.963600, -117.670700, 265.262000 
55.643900, -111.924200, 36.970000 
50.802300, -111.902000, 258.870000 
53.997000, -111.569200, 277.597000 
50.165900, -110.089100, 285.559000 
50.085700, -110.117500, 48.978000 
55.240100, -114.042800, 82.238000 
50.136800, -110.197500, 53.074000 
50.698800, -111.458000, 74.701000 
50.522300, -111.359500, 36.266000 
54.816000, -118.715600, 192.463000 
55.597300, -111.770600, 198.028000 
52.599200, -113.973100, 69.129000 
53.836200, -111.321500, 20.784000 
55.509200, -111.690300, 22.328000 
49.485000, -111.218200, 34.344000 
56.407900, -110.929200, 216.580000 
51.961400, -112.370000, 80.323000 
55.121400, -114.159100, 81.925000 
50.675000, -111.762200, 121.080000 
54.859700, -118.569200, 160.767000 
54.523500, -113.846300, 147.829000 
54.685600, -117.414400, 196.958000 
55.218400, -111.316200, 90.750000 
54.612500, -118.214300, 168.744000 
51.555400, -110.009400, 24.846000 
53.215900, -116.497000, 279.251000 
55.072900, -110.526700, 38.630000 
54.130600, -115.231400, 194.347000 
55.232900, -110.698700, 49.460000 
53.032300, -111.293600, 21.270000 
52.966800, -111.131600, 75.570000 
51.264200, -112.381900, 139.906000 
50.889600, -113.406800, 58.480000 
53.963400, -114.836900, 72.438000 
55.927500, -119.857800, 66.880000 
55.651200, -116.386000, 129.175000 
53.564700, -116.719200, 199.800000 
53.192300, -115.293900, 382.312000 
50.031100, -112.638300, 22.977000 
51.027000, -114.018600, 24.001000 
54.949300, -110.622600, 194.180000 
53.090400, -115.245000, 409.300000 
52.903500, -114.698900, 126.020000 
51.868200, -110.139700, 137.792000 
58.081200, -117.828800, 35.253000 
55.710300, -116.604200, 63.439000 
56.088100, -119.934800, 41.848000 
56.538600, -119.950600, 194.915000 
54.459900, -119.717000, 51.090000 
56.975500, -113.309600, 110.173000 
54.880400, -113.491800, 128.344000 
52.013600, -112.986700, 94.505000 
54.894400, -111.813900, 196.552000 
54.970900, -110.750100, 43.430000 
50.805800, -111.507500, 249.663000 
52.999100, -112.971000, 27.290000 
50.642300, -112.301500, 62.700000 
53.279500, -114.774200, 57.683000 
54.130600, -119.218900, 77.880000 
54.956500, -110.616200, 35.540000 
54.439300, -119.655000, 21.660000 
50.635100, -112.237600, 34.200000 
51.970000, -110.629400, 138.299000 
50.675000, -112.288900, 37.710000 
57.560800, -119.521200, 328.300000 
50.678700, -112.272300, 61.450000 
57.753600, -119.768200, 49.700000 
55.830300, -116.673400, 94.527000 
51.065100, -114.130500, 43.848000 
57.448200, -115.377300, 7.800000 
53.054000, -114.933300, 317.096000 
55.167200, -118.930800, 38.300000 
54.854500, -111.802000, 199.220000 
57.346400, -119.099000, 276.900000 
57.480800, -119.160100, 82.000000 
55.683900, -119.393300, 46.019000 
52.941600, -114.418200, 162.989000 
55.979700, -119.426100, 63.000000 
57.399800, -119.513100, 27.400000 
57.418900, -119.561200, 229.000000 
57.571700, -119.775100, 254.300000 
52.639300, -114.557400, 37.573000 
53.181200, -114.486800, 252.823000 
56.112800, -119.529000, 104.295000 
53.919700, -114.717800, 144.769000 
50.700700, -112.110300, 239.500000 
50.901600, -110.480800, 142.931000 
50.885900, -110.524400, 142.931000 
51.500600, -113.804400, 83.864000 
53.254000, -114.437900, 171.750000 
51.180450, -113.937280, 136.865000 
52.933900, -116.173600, 27.973000 
52.890400, -114.865000, 117.971000 
53.013900, -116.258600, 151.357000 
52.747000, -115.255600, 47.714000 
53.035900, -110.994100, 49.301000 
52.703800, -114.572500, 828.188000 
54.792900, -115.521700, 330.120000 
54.363300, -116.624000, 61.359000 
54.232500, -116.611500, 290.629000 
50.718600, -111.322200, 106.020000 
54.152500, -111.588600, 48.186000 
50.627900, -111.965600, 190.560000 
53.872500, -116.085000, 72.710000 
55.026700, -112.185100, 48.070000 
56.917300, -112.960700, 20.492000 
54.418100, -116.362000, 490.067000 
54.923600, -114.111400, 54.450000 
53.440800, -111.000500, 24.215000 
58.728700, -118.005300, 124.547000 
54.527200, -112.926100, 56.232000 
54.330800, -116.367000, 58.319000 
55.047300, -110.577800, 292.940000 
50.915100, -112.451700, 734.820000 
54.487200, -118.213000, 35.310000 
51.620800, -112.069400, 119.490000 
51.082500, -111.915600, 147.342000 
53.828700, -115.943300, 324.620000 
54.985700, -110.737300, 23.200000 
53.497900, -116.666800, 93.516000 
54.458200, -115.641400, 151.300000 
53.745000, -116.818300, 31.617000 
53.499300, -116.805300, 249.654000 
54.647300, -115.495800, 42.430000 
59.641800, -118.307800, 149.070000 
50.842300, -112.463400, 215.840000 
55.069400, -113.313900, 247.547000 
55.782200, -112.034400, 34.283000 
57.004500, -113.188600, 760.323000 
53.686900, -116.776400, 24.392000 
54.967700, -113.936500, 88.762000 
58.568700, -118.515600, 23.130000 
52.210100, -114.302100, 40.730000 
52.177300, -114.296300, 110.610000 
53.970700, -115.744200, 26.304000 
52.006400, -115.137700, 22.401000 
53.170400, -115.177800, 91.533000 
52.213700, -114.308200, 289.250000 
53.021100, -116.216900, 48.372000 
51.668100, -113.615000, 68.200000 
51.559000, -113.282700, 43.510000 
53.272300, -114.915000, 39.450000 
51.609800, -113.535200, 47.130000 
51.479000, -112.982800, 77.100000 
52.202900, -112.271500, 25.560000 
51.737300, -113.124300, 124.080000 
51.402600, -112.330600, 74.520000 
55.403900, -119.168600, 36.490000 
55.763900, -119.581400, 122.340000 
52.646500, -113.306300, 36.860000 
54.898100, -118.922500, 26.780000 
54.796400, -119.082000, 105.400000 
50.965800, -114.872700, 156.600000 
50.515100, -111.313400, 100.200000 
53.039500, -110.101600, 45.700000 
53.021200, -110.260500, 20.900000 
50.555100, -112.623100, 132.700000 
54.465400, -113.221600, 228.210000 
53.548700, -110.071600, 87.600000 
53.537900, -110.990000, 61.200000 
55.469300, -113.833000, 31.100000 
54.290900, -111.144500, 26.528000 
52.606500, -111.760300, 21.539000 
57.968400, -119.321200, 99.530000 
57.819200, -119.576200, 30.145000 
59.103300, -119.918400, 22.330000 
53.115900, -110.853300, 90.000000 
54.301800, -111.213400, 26.730000 
52.970400, -110.780000, 61.600000 
53.104800, -114.871900, 83.506000 
50.431200, -111.589200, 220.746000 
50.576800, -113.071200, 44.000000 
56.527900, -115.311500, 28.082000 
56.491400, -115.397500, 46.244000 
54.199800, -113.212900, 116.358000 
54.730800, -118.598600, 60.900000 
53.305100, -114.841400, 79.039000 
54.352600, -111.821500, 33.990000 
52.300900, -112.886300, 27.345000 
57.488000, -119.168900, 24.704000 
53.847000, -110.326900, 48.200000 
51.569700, -114.985200, 239.400000 
53.272300, -114.725300, 36.483000 
50.398600, -112.313100, 33.900000 
55.538400, -112.262400, 55.520000 
54.730800, -118.592200, 23.600000 
53.217600, -110.181100, 79.900000 
53.484800, -115.607600, 118.899000 
55.134700, -119.143100, 24.140000 
53.279500, -111.587000, 738.722000 
53.737900, -113.819900, 24.020000 
51.428200, -113.458800, 44.340000 
53.578344, -115.855642, 95.450000 
55.065700, -110.539500, 31.910000 
53.734300, -113.863500, 34.070000 
49.881900, -112.735100, 26.463000 
50.504000, -111.210100, 26.690000 
52.035400, -113.453200, 21.800000 
52.046500, -113.465200, 36.670000 
51.417000, -113.176800, 32.720000 
54.916500, -110.367300, 37.290000 
49.376400, -112.476700, 47.450000 
51.286200, -113.200200, 20.460000 
55.876800, -111.326700, 35.950000 
53.590480, -116.172680, 270.550000 
55.065700, -110.533100, 31.910000 
52.210100, -112.068700, 35.010000 
53.195900, -111.911200, 282.192000 
49.041700, -112.068700, 24.220000 
53.385100, -115.612800, 212.596000 
55.411100, -118.885600, 67.190000 
52.180900, -113.083200, 68.096000 
53.152200, -116.113000, 34.430000 
52.672000, -114.555700, 25.710000 
54.840100, -110.444000, 29.250000 
55.041200, -110.577800, 117.000000 
55.072900, -110.705300, 26.590000 
55.025700, -110.584200, 36.980000 
53.359500, -114.878000, 57.206000 
54.239800, -115.564700, 50.500000 
52.492800, -115.295100, 43.200000 
50.427500, -112.462300, 28.704000 
54.279800, -117.012600, 22.214000 
55.736000, -119.076000, 46.894000 
50.565900, -112.640300, 28.704000 
50.500400, -112.456700, 149.537000 
55.749400, -119.562000, 20.320000 
50.482200, -112.588700, 28.704000 
51.359000, -112.418700, 285.810000 
51.100700, -111.403100, 131.680000 
51.449800, -113.164900, 27.350000 
53.301500, -113.072700, 26.812000 
50.860700, -110.229100, 32.260000 
53.792300, -114.482500, 29.290000 
56.513300, -119.832100, 79.060000 
53.872600, -116.782300, 28.247000 
55.003700, -111.100600, 36.980000 
49.965600, -112.644000, 22.490000 
53.657900, -116.666800, 96.810000 
53.847000, -114.619400, 95.889000 
53.736200, -113.833900, 16.180000 
52.435700, -110.364700, 36.810000 
51.049800, -113.659900, 62.730000 
56.051400, -119.589200, 33.610000 
51.399000, -112.683100, 23.430000 
50.525900, -111.797300, 22.730000 
54.239700, -118.593500, 20.800000 
52.621200, -112.211500, 158.923000 
50.518700, -111.416700, 22.730000 
51.784500, -113.532900, 36.670000 
51.639000, -112.840100, 21.800000 
51.879000, -112.792600, 45.100000 
50.073300, -112.673700, 151.280000 
51.271500, -111.772300, 93.000000 
54.668900, -117.651600, 20.700000 
49.005300, -112.213700, 23.000000 
50.398600, -112.847300, 47.880000 
52.060900, -113.888800, 104.402000 
52.890400, -114.246600, 95.625000 
52.192000, -114.111300, 223.320000 
53.727000, -114.631700, 93.473000 
50.398600, -113.054000, 40.527000 
55.713200, -115.905600, 60.619000 
54.265300, -116.342000, 35.660000 
51.151500, -113.823200, 44.090000 
50.013100, -112.611500, 267.350000 
52.755700, -113.939100, 51.364000 
54.454400, -116.090400, 58.292000 
53.228700, -114.554100, 41.376000 
53.508700, -117.061200, 20.741000 
52.135400, -113.872800, 37.984000 
54.166900, -118.486900, 40.516000 
52.104500, -113.656300, 65.938000 
51.489800, -112.888700, 165.493000 
52.973900, -116.872200, 89.907000 
51.388200, -114.808800, 29.764000 
50.311700, -112.515100, 39.020000 
52.144500, -113.608500, 30.781000 
51.431700, -113.757500, 53.360000 
53.690700, -115.717500, 111.180000 
56.121200, -115.994600, 28.213000 
56.211500, -115.967100, 28.213000 
54.341700, -116.943700, 25.785000 
54.221800, -114.737500, 23.044000 
51.591800, -113.770200, 31.317000 
55.705800, -119.548900, 25.785000 
51.286100, -112.147500, 99.466000 
53.563400, -116.728500, 45.730000 
55.338300, -118.872800, 59.749000 
54.101800, -115.665000, 23.701000 
55.363900, -118.905000, 85.665000 
53.887000, -116.396900, 47.010000 
53.745000, -114.220600, 73.532000 
54.392600, -114.474200, 84.842000 
55.276400, -118.699200, 59.749000 
54.174300, -116.141400, 77.037000 
54.119800, -116.273100, 67.260000 
55.504200, -118.945300, 86.310000 
51.993000, -114.889600, 38.019000 
57.217500, -110.895000, 131.000000 
53.017500, -116.907800, 26.739000 
54.189000, -115.640000, 35.644000 
53.363200, -112.039500, 45.312000 
53.374300, -111.809800, 39.545000 
54.079800, -115.426900, 108.351000 
54.072600, -115.640000, 26.004000 
54.545400, -114.794200, 186.630000 
52.290100, -114.099300, 25.615000 
52.340900, -114.280400, 25.880000 
53.432200, -117.689800, 26.043000 
51.086100, -114.767700, 30.000000 
52.039300, -112.987700, 25.580000 
51.071500, -114.697700, 30.000000 
52.282900, -113.113200, 38.346000 
51.671700, -112.507500, 25.580000 
52.828400, -113.872400, 73.920000 
50.168300, -112.299800, 97.610000 
53.134000, -111.850100, 93.930000 
52.224500, -114.326000, 26.470000 
58.517600, -119.194600, 29.940000 
52.257300, -114.349900, 39.200000 
52.199300, -114.475200, 26.470000 
52.031800, -112.629500, 248.831000 
52.584800, -114.298500, 21.021000 
52.871900, -113.065000, 32.150000 
52.253700, -114.397700, 26.470000 
52.042800, -114.958800, 201.467000 
51.369700, -114.985200, 39.060000 
52.250100, -114.397700, 38.018000 
52.260900, -114.391800, 57.815000 
52.260900, -114.373800, 29.280000 
52.384800, -114.539300, 200.320000 
52.942400, -113.511100, 179.988000 
51.624500, -111.863100, 163.520000 
50.453100, -112.755300, 30.010000 
51.900900, -111.608400, 611.710000 
55.654700, -119.289500, 31.707000 
53.661500, -117.277000, 46.043000 
54.643600, -118.383500, 28.634000 
56.429800, -116.363500, 85.443000 
58.011900, -119.480700, 180.713000 
55.978600, -118.888600, 126.551000 
57.564400, -119.521200, 149.570000 
56.506100, -119.432000, 52.597000 
52.002900, -114.916800, 37.948000 
50.016700, -111.805600, 26.627000 
53.969410, -110.454161, 117.383000 
54.461800, -111.780100, 124.370000 
54.178700, -117.328400, 665.330000 
55.070800, -118.695000, 80.770000 
52.392000, -115.128900, 69.148000 
50.160800, -112.957000, 140.860000 
52.610400, -111.670100, 116.110000 
51.464500, -114.467900, 201.930000 
50.214700, -112.367800, 38.360000 
53.484800, -115.607600, 60.789000 
56.851800, -115.208100, 21.500000 
53.705100, -116.438600, 30.620000 
52.384800, -112.223400, 85.590000 
53.141200, -115.691100, 268.686000 
51.366200, -114.761800, 91.040000 
50.302500, -112.390600, 48.560000 
50.060300, -112.299800, 188.990000 
54.567300, -115.527500, 80.452000 
52.344800, -112.211500, 83.271000 
54.243300, -116.899800, 26.400000 
55.789500, -112.281800, 37.010000 
53.588700, -114.244300, 20.265000 
52.122800, -115.084100, 37.948000 
52.293700, -112.934100, 37.430000 
52.592000, -114.274600, 17.640000 
51.741700, -112.469200, 131.416000 
54.072600, -116.574000, 20.209000 
54.101800, -116.799500, 72.603000 
52.788400, -112.489800, 164.995000 
53.381500, -114.188800, 73.518000 
54.654500, -110.459000, 37.081000 
52.792000, -112.562700, 347.701000 
54.359700, -118.756300, 253.120000 
51.282600, -113.123800, 28.765000 
51.657300, -112.786700, 40.279000 
53.916200, -116.732600, 26.270000 
54.485300, -118.778300, 235.570000 
56.342300, -110.585600, 20.939000 
54.349000, -112.642700, 28.145000 
50.536800, -111.744200, 55.627000 
51.639000, -110.465500, 27.879000 
55.822200, -118.914700, 29.694000 
55.120000, -111.688300, 107.816000 
52.395700, -113.047700, 46.728000 
53.712300, -117.221500, 28.827000 
55.702000, -112.379300, 21.930000 
51.505700, -112.656500, 31.231000 
55.509200, -118.101900, 40.141000 
55.460400, -112.213500, 22.900000 
54.105400, -117.131800, 71.437000 
56.211400, -117.533300, 25.609000 
55.491170, -116.186500, 273.980000 
53.745000, -110.723900, 24.920000 
54.992900, -111.355600, 32.582000 
54.814400, -118.623100, 41.129000 
54.840000, -118.552800, 25.280000 
54.734400, -118.902000, 47.489000 
55.458400, -116.165600, 30.160000 
54.054200, -118.308700, 199.774000 
56.047800, -119.563100, 24.270000 
52.601300, -115.221600, 21.430000 
53.607000, -110.262700, 20.665000 
54.989300, -111.489500, 77.628000 
54.359700, -119.138900, 50.360000 
54.690800, -118.522800, 23.274000 
54.690800, -118.491000, 28.650000 
54.672800, -118.465700, 28.399000 
50.176700, -110.442700, 46.819000 
54.105400, -110.862600, 25.046000 
51.919000, -112.686200, 23.390000 
51.919000, -114.631600, 98.393000 
53.712300, -116.148900, 28.946000 
53.977900, -116.751200, 81.470000 
53.419200, -115.091500, 87.763000 
51.449800, -112.642000, 21.600000 
51.551800, -112.483400, 21.600000 
54.397700, -117.708900, 26.017000 
54.556200, -113.822200, 121.189000 
50.824200, -110.859400, 56.598000 
53.580200, -112.048700, 96.359000 
49.988300, -110.914000, 40.535000 
50.084400, -110.607000, 391.793000 
52.253700, -112.599800, 47.155000 
50.896900, -110.633600, 34.582000 
50.744200, -110.130000, 32.045000 
53.479500, -115.224400, 37.463000 
49.972800, -110.755600, 49.060000 
54.970900, -114.291100, 21.082000 
55.378300, -118.499700, 71.923000 
54.479700, -117.550400, 20.070000 
54.930800, -119.235000, 55.985000 
54.614400, -117.013100, 31.342000 
51.559000, -112.471500, 31.260000 
55.382000, -111.760100, 419.290000 
56.924300, -112.683500, 25.606000 
54.476300, -119.173900, 71.030000 
56.171400, -118.282200, 48.114000 
54.698600, -110.738900, 224.009000 
52.383300, -115.066700, 43.690000 
55.058700, -111.895500, 62.534000 
55.487500, -118.548300, 82.448000 
52.766700, -116.393000, 622.958000 
53.697900, -117.153700, 61.083000 
54.224660, -110.514600, 76.380000 
56.578600, -119.058300, 54.726000 
56.070600, -119.960500, 44.720000 
53.959800, -114.700300, 26.340000 
56.484100, -119.974000, 30.340000 
55.822200, -119.117800, 36.850000 
49.823900, -112.432300, 29.793000 
55.575800, -119.522400, 20.300000 
56.218700, -116.251300, 20.120000 
53.017600, -114.370700, 312.419000 
52.937600, -114.270700, 62.477000 
55.458300, -119.573900, 51.050000 
57.440800, -118.487200, 25.620000 
54.159800, -112.203800, 93.220000 
55.174800, -112.281000, 209.930000 
54.113800, -114.655500, 37.590000 
54.861700, -118.967200, 38.044000 
57.411700, -118.493900, 57.171000 
54.145400, -115.815500, 24.750000 
53.155400, -110.509500, 43.370000 
55.705900, -111.282600, 28.200000 
53.483200, -112.906800, 98.437000 
53.850700, -117.410100, 25.802000 
55.509200, -119.627000, 50.531000 
51.828200, -111.774200, 131.453000 
55.749400, -119.893100, 42.097000 
52.846800, -114.185700, 731.947000 
55.611700, -112.611600, 43.090000 
52.755700, -114.107100, 108.747000 
54.367200, -110.503100, 76.360000 
51.686200, -110.666900, 317.868000 
51.686200, -110.737700, 24.207000 
52.435700, -112.620400, 29.793000 
55.072800, -116.975700, 276.941000 
56.120300, -119.497500, 34.970000 
50.096700, -113.596300, 26.185000 
52.755700, -110.228000, 37.545000 
55.931200, -110.822600, 25.465000 
55.149300, -113.329700, 32.440000 
56.560600, -118.544700, 166.320000 
52.268400, -113.041600, 85.595000 
56.222200, -119.610300, 48.078000 
55.156500, -113.387500, 23.536000 
55.898700, -116.466600, 445.799000 
51.020600, -111.402200, 53.453000 
52.337300, -112.879100, 84.815000 
52.337300, -112.885200, 24.877000 
52.333700, -112.885200, 30.126000 
50.187500, -112.090900, 24.559000 
55.232900, -111.496200, 27.879000 
55.901100, -117.749900, 22.550000 
54.374400, -117.275900, 33.769000 
51.748200, -112.277600, 28.515000 
53.512300, -117.141200, 33.157000 
55.087200, -119.452000, 28.938000 
52.446500, -115.249200, 24.520500 
54.956400, -119.783300, 104.500000 
53.937900, -110.836700, 22.891000 
56.095100, -118.758700, 78.490000 
54.348990, -110.766800, 85.550000 
54.105400, -117.526500, 57.000000 
54.858100, -119.770600, 44.500000 
57.219000, -116.403500, 27.000000 
54.632500, -117.512700, 20.833000 
57.502900, -116.505500, 54.500000 
53.952600, -117.559000, 30.030000 
52.279300, -110.081400, 29.710000 
52.908400, -111.125500, 31.200000 
50.667900, -113.053800, 84.251000 
54.359800, -110.285900, 76.410000 
54.225300, -118.305200, 40.600000 
51.813700, -113.621800, 164.261000 
50.022400, -110.743000, 45.063000 
53.668700, -114.176600, 26.630000 
53.843400, -114.146800, 38.240000 
52.220900, -114.630400, 53.143000 
55.494700, -118.108200, 40.740000 
53.959800, -111.818700, 37.366000 
52.944800, -114.264600, 39.050000 
53.958000, -118.772800, 59.226000 
53.792300, -114.613000, 153.670000 
55.967500, -118.436700, 37.838000 
54.956400, -119.783300, 69.690000 
53.039400, -110.895300, 100.964000 
52.915900, -114.006000, 95.160000 
52.100900, -114.791600, 84.162000 
55.349200, -119.850600, 26.680000 
54.174300, -110.555300, 36.050000 
52.002900, -113.399600, 31.090000 
51.973700, -113.572700, 60.270000 
51.533400, -114.327100, 33.540000 
52.028200, -113.572700, 44.970000 
52.748400, -115.513900, 119.840000 
52.650400, -115.429700, 24.980000 
51.780900, -113.266600, 54.540000 
53.836200, -115.620000, 21.820000 
55.367500, -119.220300, 29.320000 
51.930100, -113.538800, 80.610000 
55.640300, -119.627000, 47.092000 
52.664800, -114.569300, 24.760000 
50.220500, -112.444200, 130.900000 
52.035400, -113.614300, 33.540000 
51.675400, -113.367100, 34.530000 
53.363200, -111.879500, 132.733000 
54.527300, -112.930700, 35.096000 
54.952800, -119.190300, 52.035000 
55.523900, -119.380300, 28.145000 
54.312600, -113.263200, 39.528000 
54.512600, -113.139300, 37.706000 
53.355900, -114.896400, 135.117000 
50.424000, -110.089700, 38.612000 
53.639500, -117.079800, 59.985000 
55.341700, -118.914200, 107.800000 
53.186800, -115.156400, 31.794000 
52.726800, -114.537400, 101.978000 
51.649800, -110.530500, 43.554000 
50.533200, -110.130000, 38.612000 
50.675000, -110.031700, 39.606000 
52.024500, -112.916300, 38.303000 
56.458600, -119.914300, 46.160000 
56.271846, -111.498890, 453.416000 
56.411400, -118.440600, 30.738000 
54.171500, -112.197600, 52.430000 
52.701200, -112.259500, 140.680000 
55.800300, -118.225300, 72.760000 
57.000700, -115.478700, 39.431000 
57.022600, -115.377900, 28.665000 
57.179000, -115.613400, 23.047000 
55.178300, -117.509900, 21.370000 
52.162900, -114.851300, 77.019000 
54.276200, -110.010000, 113.246000 
55.432800, -119.606100, 26.070000 
52.562900, -112.530200, 96.358000 
56.888200, -114.536100, 28.640000 
54.305300, -119.289100, 23.118000 
52.242900, -112.474500, 43.483000 
54.323400, -110.925300, 138.026000 
55.226800, -119.028200, 24.040000 
51.624500, -113.041600, 20.190000 
51.580900, -112.977000, 27.270000 
52.050000, -110.420600, 32.450000 
50.111100, -113.482500, 67.110000 
52.057300, -114.630400, 32.720000 
51.599000, -113.029900, 43.640000 
51.009610, -110.752190, 77.800000 
51.195100, -112.102800, 46.750000 
51.162600, -112.021200, 46.750000 
53.026900, -114.766400, 85.310000 
56.440600, -119.775700, 22.800000 
53.210400, -114.713000, 43.640000 
52.555700, -114.449100, 114.770000 
51.584400, -113.070000, 23.420000 
51.624500, -112.952600, 152.800000 
51.660900, -112.875600, 31.360000 
51.700900, -112.852000, 120.030000 
53.941500, -116.720100, 35.543000 
54.516100, -116.754000, 29.570000 
50.159000, -110.667200, 36.939000 
50.533100, -112.444200, 196.700000 
50.136700, -110.732800, 37.971000 
50.093100, -110.732800, 179.800000 
50.747800, -110.882500, 26.330000 
50.787900, -110.813900, 53.760000 
50.784300, -110.836900, 34.390000 
50.780700, -110.825500, 47.620000 
53.628700, -115.945500, 58.060000 
50.525800, -113.243800, 156.500000 
55.661900, -118.744500, 27.430000 
50.780700, -110.732700, 40.230000 
55.633200, -115.944800, 41.419000 
52.543100, -114.280500, 24.960000 
50.201900, -112.381700, 27.270000 
55.411100, -119.136700, 27.010000 
50.712300, -111.062700, 43.890000 
50.595100, -111.190100, 22.120000 
50.453200, -110.187500, 65.450000 
53.767000, -117.497000, 569.849000 
51.395400, -111.331700, 54.540000 
52.468400, -114.328800, 64.440000 
52.384800, -114.382900, 40.740000 
54.676500, -115.527500, 22.090000 
52.803100, -115.665500, 21.820000 
53.752300, -115.874700, 45.050000 
50.325800, -110.255600, 32.720000 
52.803100, -115.810800, 42.110000 
52.512000, -114.394900, 74.180000 
52.537600, -114.292700, 22.420000 
52.508400, -114.382900, 34.090000 
52.541200, -114.322700, 29.490000 
50.282300, -110.468900, 65.450000 
53.566900, -118.022600, 50.886000 
55.174700, -119.302500, 38.230000 
52.453700, -114.328800, 21.580000 
52.515700, -114.449100, 21.820000 
52.486500, -114.322700, 49.870000 
51.940900, -113.242900, 49.090000 
54.421700, -117.784300, 80.169000 
52.759300, -114.125200, 107.360000 
55.232800, -119.355300, 27.270000 
55.225600, -119.072200, 22.960000 
55.269200, -119.490300, 114.770000 
55.251100, -119.426100, 63.410000 
59.601800, -117.409700, 114.020000 
58.234000, -118.787900, 118.432000 
54.385300, -118.624900, 122.808000 
57.971400, -118.584100, 26.117000 
54.137600, -116.392000, 39.220000 
52.938100, -116.431900, 55.460000 
53.607000, -116.537300, 26.680000 
52.989300, -114.157900, 89.280000 
58.255700, -119.187300, 33.904000 
58.059200, -118.287500, 105.888000 
53.022200, -116.520800, 122.090000 
56.223300, -119.570800, 93.280000 
51.563500, -110.569800, 73.650000 
54.003600, -111.818700, 36.919000 
53.854300, -117.391200, 364.110000 
54.034500, -117.180900, 32.380000 
51.118600, -114.732700, 30.000000 
52.969200, -116.692500, 389.420000 
49.229200, -114.029100, 431.864000 
50.002300, -112.873400, 100.300000 
53.002000, -110.993900, 41.500000 
54.162360, -115.733900, 218.670000 
53.918400, -117.297000, 124.570000 
53.297900, -110.089400, 25.085000 
52.766800, -114.489100, 36.800000 
50.889400, -114.761800, 253.000000 
52.958200, -114.679900, 38.000000 
53.923400, -116.775900, 45.830000 
57.895700, -118.780100, 38.133000 
53.778100, -117.552900, 260.515000 
54.317700, -116.573000, 136.250000 
51.198900, -114.820200, 30.000000 
54.760100, -113.815800, 195.000000 
55.738300, -119.841100, 68.192000 
52.608500, -114.186200, 111.623000 
54.109000, -117.137900, 45.815000 
53.241400, -113.838700, 62.420000 
52.714500, -114.317100, 33.580000 
52.730400, -114.112900, 126.163000 
54.079700, -118.342700, 32.880000 
54.672900, -114.212800, 12.000000 
55.571800, -112.549600, 23.210000 
52.890400, -113.878500, 53.419000 
52.919400, -113.835000, 107.382000 
55.349000, -112.184100, 40.310000 
54.341400, -116.301500, 30.360000 
53.323600, -116.995400, 70.140000 
52.874300, -110.428000, 55.610000 
53.097500, -113.193900, 76.028000 
53.006700, -116.852800, 53.850000 
55.320300, -118.762000, 76.050000 
54.612800, -116.228500, 63.142000 
50.566500, -111.376300, 21.438000 
52.362900, -114.599300, 30.955000 
53.734300, -117.360400, 75.672000 
53.799800, -116.092200, 157.870000 
52.830300, -116.272200, 268.160000 
58.368300, -118.990000, 380.565000 
52.452000, -114.392900, 24.610000 
54.830200, -118.652600, 160.230000 
53.272200, -111.781400, 20.990000 
56.065900, -116.957700, 54.430000 
55.691100, -117.210200, 22.680000 
52.766800, -112.514200, 23.595000 
53.485200, -111.928200, 56.360000 
52.020900, -112.665300, 39.945000 
56.666700, -111.345100, 81.470000 
49.903900, -111.332300, 174.600000 
51.815100, -115.296600, 129.040000 
52.079200, -112.616700, 39.945000 
52.874300, -110.162700, 83.770000 
54.198400, -119.053700, 352.141000 
52.745300, -112.501600, 38.851000 
53.330700, -113.719400, 43.240000 
54.148900, -118.794300, 109.771000 
55.305000, -118.914200, 34.020000 
50.556100, -114.236300, 104.290000 
53.427000, -112.075100, 131.480000 
54.416100, -119.347500, 56.270000 
53.858600, -112.279100, 24.050000 
53.441500, -111.903700, 35.930000 
54.301700, -118.649900, 110.510000 
53.528800, -111.964900, 121.920000 
54.221800, -116.197900, 52.440000 
50.187900, -112.225200, 26.173000 
55.862200, -119.418900, 19.300000 
52.545700, -114.106000, 217.965000 
55.548100, -118.995000, 23.830000 
51.600900, -111.231500, 218.770000 
53.463300, -111.903700, 24.050000 
51.599900, -115.356900, 136.165000 
54.506800, -116.789100, 23.523000 
51.135900, -114.144900, 53.950000 
53.486800, -114.330700, 79.920000 
55.266800, -112.567900, 85.400000 
53.419700, -111.977100, 36.890000 
52.875700, -111.483300, 44.200000 
53.266900, -111.912400, 48.990000 
52.875700, -111.422500, 286.470000 
52.039300, -111.376500, 59.470000 
56.113100, -119.536700, 23.210000 
53.325100, -111.681700, 58.250000 
54.233700, -117.030600, 22.940000 
56.055100, -115.366500, 28.610000 
55.117900, -112.737900, 33.900000 
52.088200, -115.689400, 82.940000 
53.711900, -117.052500, 43.810000 
55.028400, -112.266100, 27.430000 
53.753700, -114.443000, 20.730000 
51.625300, -111.195200, 29.990000 
54.189000, -112.109800, 144.620000 
56.364200, -119.934300, 182.600000 
53.117300, -110.803900, 40.220000 
51.460700, -112.959200, 25.290000 
53.477900, -111.936300, 268.300000 
51.635300, -115.139200, 238.368000 
51.719000, -112.390100, 142.129000 
51.606100, -115.131800, 25.073000 
54.516700, -119.292000, 43.650000 
53.577900, -116.599000, 60.580000 
52.661200, -110.496900, 22.510000 
51.668100, -115.170400, 25.073000 
54.635300, -119.318300, 58.350000 
53.454300, -117.159800, 117.040000 
55.835100, -112.252100, 21.200000 
51.046900, -114.076500, 24.961000 
51.046900, -114.076500, 55.243000 
54.033400, -117.162900, 24.730000 
56.135000, -119.595800, 89.240000 
53.067000, -115.439900, 36.520000 
49.488900, -113.955100, 558.220000 
51.778000, -113.101500, 52.600000 
57.579200, -119.301800, 40.330000 
50.086600, -110.716700, 2413.705000 
53.572500, -113.360600, 822.639000 
58.500000, -119.416700, 70.200000 
53.733200, -113.175000, 2122.450000 
49.789400, -112.126100, 51.300000 
50.747700, -114.494700, 562.483000 
53.048100, -113.921000, 3343.000000 
54.179100, -115.806000, 51.217000 
53.593060, -116.390300, 138.232000 
54.833300, -118.646700, 280.874000 
50.647500, -113.772000, 31.070000 
56.380600, -116.795000, 157.089000 
53.727300, -113.087100, 5.740000 
53.776000, -113.088600, 18.343000 
53.421300, -113.904400, 299.526000 
53.529100, -113.387500, 152.374000 
52.146300, -115.330000, 322.580000 
51.219500, -114.645400, 411.610000 
52.308300, -113.550000, 2299.153000 
55.269500, -114.598300, 104.190000 
50.845800, -113.586700, 1190.690000 
54.144400, -115.691700, 49.058000 
55.996700, -118.533600, 647.996000 
57.040500, -111.619200, 11410.000000 
54.572300, -115.522900, 941.220000 
53.721700, -113.191700, 2161.724000 
53.539700, -113.409200, 447.000000 
50.675600, -110.025000, 57.130000 
51.570800, -114.851700, 38.191000 
51.086700, -114.008800, 24.460000 
54.423300, -117.760400, 751.447000 
52.776100, -115.660700, 207.060000 
54.130900, -115.546700, 366.636000 
54.952700, -119.195300, 669.435000 
50.846700, -113.581170, 317.400000 
52.496000, -114.988000, 284.851000 
53.448700, -114.449100, 11060.770000 
53.288500, -110.018300, 101.174000 
52.940400, -114.832300, 364.190000 
52.564700, -112.141400, 9952.000000 
53.508500, -114.557100, 25285.000000 
53.718500, -113.183000, 0.170000 
53.804200, -113.082400, 466.744000 
51.965500, -114.753600, 187.690000 
51.039600, -114.559000, 341.000000 
51.181625, -114.472100, 1.280000 
54.007100, -119.104000, 2182.000000 
54.524700, -116.794300, 811.730000 
53.795900, -113.099600, 857.867000 
54.923116, -112.861867, 1490.440000 
54.194400, -116.632200, 554.500000 
49.305200, -114.000300, 480.006000 
50.989700, -113.993800, 12.570000 
52.033030, -113.938910, 50.937000 
53.833100, -113.108900, 21.500000 
52.959300, -115.893800, 851.740000 
54.775000, -115.218600, 69.076000 
57.003300, -111.466100, 11104.480000 
53.541700, -113.391700, 1972.357000 
50.805300, -110.034900, 1701.930000 
49.713599, -112.796397, 16.197000 
55.358300, -114.617200, 251.380000 
56.377200, -117.175600, 975.171000 
52.226300, -115.177000, 753.550000 
53.722900, -113.174000, 1.700000 
53.204500, -116.811200, 114.095000 
53.413300, -117.570600, 642.690000 
53.089200, -116.805900, 98.800000 
53.560000, -114.486200, 6848.300000 
51.022770, -114.027660, 35.182000 
53.841600, -113.097900, 1343.510000 
53.587300, -113.363000, 104.219000 
53.652000, -116.099200, 40.882000 
53.746900, -113.164500, 46.430000 
51.531700, -111.786100, 11330.000000 
53.227700, -114.988900, 97.388000 
53.733200, -113.486200, 0.750000 
55.071200, -118.691200, 846.540000 
51.742300, -114.134500, 219.675000 
52.758100, -114.111600, 906.050000 
55.335900, -119.223000, 27.990000 
52.553700, -111.694000, 153.929000 
53.245000, -115.674300, 172.300000 
53.181200, -115.762500, 333.498000 
52.322100, -113.516600, 36.396000 
53.354600, -113.715000, 209.000000 
51.534800, -114.203700, 246.100000 
54.596400, -110.395000, 5423.000000 
55.725100, -119.399900, 263.476000 
52.385800, -113.595000, 21.320000 
53.952700, -113.078000, 407.192000 
53.571700, -113.349800, 216.036000 
51.191300, -113.940900, 1064.832000 
51.637200, -112.866000, 255.090000 
52.463000, -114.346500, 307.730000 
53.344000, -114.305000, 12899.633000 
53.767000, -116.751200, 38.370000 
53.740300, -116.622700, 77.254000 
53.937900, -116.660900, 39.520000 
53.170400, -115.770500, 22.240000 
53.006800, -110.995000, 152.960000 
50.817600, -110.448000, 58.680000 
57.361200, -119.754000, 104.280000 
53.472200, -115.100000, 66.480000 
51.407800, -113.668300, 240.790000 
51.813700, -114.536800, 70.332000 
51.099300, -112.639000, 251.460000 
52.046500, -114.588800, 185.824000 
52.983100, -112.189800, 45.020000 
55.125900, -117.838000, 147.720000 
53.902300, -115.189300, 72.370000 
52.035400, -114.612700, 55.230000 
52.119300, -114.684100, 30.130000 
51.890100, -114.495200, 92.070000 
57.879100, -118.418300, 27.470000 
52.058000, -114.908000, 254.690000 
51.935300, -112.079200, 105.770000 
52.581200, -113.971000, 161.620000 
52.450100, -113.682100, 35.600000 
52.453700, -113.634100, 36.780000 
54.402000, -112.553000, 32.530000 
54.288500, -116.978000, 49.660000 
52.126500, -114.650500, 77.350000 
54.829600, -118.647000, 320.740000 
55.480300, -118.952000, 61.400000 
54.560100, -111.770600, 137.830000 
52.355300, -115.332000, 50.720000 
50.693800, -114.330000, 237.950000 
53.470500, -116.496100, 74.930000 
54.961900, -117.297700, 33.720000 
53.862700, -110.639000, 27.400000 
52.512000, -115.044700, 39.144000 
50.751500, -113.079900, 44.182000 
54.094600, -112.306000, 34.840000 
50.716700, -112.983300, 115.637000 
55.141900, -118.464400, 31.069000 
52.824800, -113.824100, 20.239000 
51.068200, -115.136400, 731.617000 
51.444300, -114.527000, 86.850000 
53.635900, -112.019200, 104.640000 
51.400100, -114.034300, 761.011000 
51.015020, -114.026480, 32.786000 
53.244500, -116.238000, 211.280000 
52.843200, -111.722800, 400.530000 
52.970400, -111.689500, 43.330000 
54.284800, -115.698000, 301.596000 
52.755200, -110.747000, 84.840000 
53.537900, -111.785100, 224.720000 
53.607000, -112.592700, 40.840000 
57.188000, -118.248900, 96.920000 
50.205800, -110.476900, 78.115000 
53.010600, -112.810000, 1.882000 
52.246500, -112.444500, 44.100000 
52.719000, -115.708000, 36.940000 
53.645100, -114.130200, 4.868000 
53.960200, -116.460000, 167.050000 
50.194700, -110.479700, 368.498000 
52.255700, -113.886000, 3.831000 
54.483500, -118.100000, 109.650000 
55.450900, -113.923000, 77.090000 
50.187500, -110.476900, 86.573000 
53.099500, -115.364200, 32.750000 
53.601900, -111.628700, 35.863000 
53.757500, -113.149900, 115.974000 
55.814900, -119.365000, 48.300000 
53.177600, -110.969700, 24.461000 
53.057500, -111.097200, 70.051000 
53.152300, -111.076600, 50.669000 
51.943400, -114.736000, 426.390000 
53.439500, -112.589600, 259.410000 
50.697800, -111.531000, 297.510000 
53.537900, -117.085900, 52.819000 
53.221500, -110.859400, 24.331000 
50.704600, -110.844000, 336.150000 
53.431000, -117.540600, 0.313000 
50.040920, -110.721904, 732.070000 
53.345800, -111.251900, 16.700000 
50.664700, -113.784200, 19.400000 
53.091100, -111.768600, 399.900000 
49.797800, -113.043600, 25.600000 
52.904700, -115.324700, 105.000000 
53.608100, -111.264400, 24.300000 
55.582700, -110.888800, 21.730000 
49.801900, -113.104700, 38.100000 
49.677359, -112.862698, 3.883000 
55.866700, -119.596700, 73.412000 
54.772900, -110.579000, 1142.003000 
51.052000, -114.010500, 1.687000 
53.039700, -111.220000, 87.282000 
53.826700, -113.603300, 102.669000 
54.285600, -115.711100, 57.790000 
54.140000, -115.553900, 8.278000 
57.298900, -111.503300, 455.135000 
52.966900, -111.253100, 10.900000 
54.839400, -118.658900, 76.827000 
55.706400, -118.772800, 69.200000 
54.427200, -116.884300, 810.750000 
54.846700, -112.567500, 97.152000 
58.460300, -115.238300, 912.000000 
54.926900, -111.936100, 75.829000 
52.308300, -113.550000, 654.462000 
52.375200, -114.921600, 49.053000 
58.447100, -119.238300, 243.000000 
53.501040, -113.489732, 20.639000 
54.938200, -114.342200, 31.360000 
53.402700, -117.599300, 67.769000 
53.472878, -113.616936, 1.896000 
57.218000, -111.027000, 24.930000 
52.869000, -115.101000, 448.900000 
50.269600, -112.893800, 617.550000 
50.671900, -110.028900, 33.110000 
53.622800, -115.869400, 28.300000 
57.076100, -111.918900, 111.200000 
53.652200, -113.716400, 13.000000 
50.577200, -111.178100, 227.000000 
51.065300, -115.221100, 8.128000 
51.056600, -115.164300, 460.680000 
53.284200, -110.012400, 67.800000 
55.964900, -117.593500, 6.980000 
55.969400, -117.575600, 181.670000 
51.316900, -113.390300, 24.350000 
54.512600, -111.824500, 113.570000 
53.999800, -114.445300, 76.490000 
52.228400, -114.397700, 750.587000 
53.819400, -113.141900, 109.850000 
56.373300, -119.922800, 35.840000 
52.212400, -113.843700, 57.216000 
50.701100, -111.095600, 174.000000 
53.691700, -113.614400, 42.080000 
52.412900, -114.407600, 44.130000 
53.109200, -114.981300, 7.510000 
54.618200, -112.665200, 13.920000 
49.975700, -114.130000, 94.020000 
51.984500, -114.743800, 46.550000 
52.752900, -114.445400, 95.860000 
50.676800, -110.018000, 47.810000 
53.740700, -113.023100, 1138.400000 
54.043500, -117.420000, 256.460000 
50.963300, -112.288300, 172.790000 
51.006900, -113.192800, 179.530000 
53.529649, -113.495611, 2.086000 
51.926500, -114.542700, 36.744000 
49.725300, -112.790000, 0.791000 
53.550500, -113.358900, 1603.000000 
57.351700, -111.522200, 518.247000 
50.671900, -113.459400, 27.900000 
53.373100, -116.086000, 499.200000 
53.582200, -113.544400, 1.423000 
54.293100, -116.188300, 211.070000 
53.593600, -113.335600, 138.200000 
53.519600, -113.529000, 170.008000 
52.315900, -113.850000, 55.800000 
52.766100, -114.285600, 12.827000 
51.189400, -113.937800, 110.103000 
50.847000, -113.591000, 200.950000 
53.066500, -117.404800, 10.360000 
53.863100, -113.393900, 35.200000 
54.185400, -116.210400, 630.690000 
51.024500, -114.025000, 32.800000 
59.095900, -118.576100, 45.739000 
57.364000, -119.763000, 224.593000 
57.382500, -119.778400, 70.391000 
59.219800, -119.268700, 32.747000 
59.005100, -119.033200, 118.562000 
52.588400, -113.161800, 27.967000 
52.632000, -112.945400, 56.034000 
57.318100, -119.860100, 34.900000 
53.250200, -115.555500, 168.295000 
55.876700, -119.301100, 154.452000 
58.943200, -118.916800, 115.412000 
53.581600, -113.599100, 854.660000 
55.116400, -116.712300, 21.205000 
55.489100, -119.750800, 158.500000 
58.997900, -118.797500, 38.931000 
59.117900, -118.654500, 38.101000 
59.165100, -118.725800, 85.525000 
52.319300, -111.477600, 190.696000 
52.544800, -114.641600, 72.514000 
54.588800, -115.862500, 38.956000 
52.199300, -114.564900, 31.583000 
55.040000, -115.475800, 227.416000 
52.395700, -115.188900, 24.902000 
52.326500, -111.128600, 78.164000 
51.955400, -111.845300, 42.443000 
52.220900, -111.937300, 110.655000 
52.235700, -111.788100, 265.953000 
50.583700, -113.871100, 39.088000 
52.549700, -112.579400, 90.168000 
52.180900, -112.647600, 32.157000 
50.597600, -111.881800, 40.320000 
52.144400, -115.535000, 49.433000 
52.480900, -114.870200, 60.910000 
52.402900, -114.707700, 176.420000 
52.449900, -112.566500, 23.398000 
51.893700, -114.400400, 87.766000 
53.956700, -111.172600, 21.243000 
50.100300, -111.988100, 105.140000 
55.396400, -119.599700, 950.454000 
52.035300, -115.137700, 503.661000 
58.555500, -118.915900, 57.195000 
53.557500, -116.547200, 935.346000 
50.096700, -112.125100, 23.715000 
54.392500, -117.069000, 26.309000 
51.540900, -114.103800, 147.756000 
50.198300, -112.119200, 26.838000 
55.887600, -116.459900, 88.789000 
59.063100, -118.875700, 515.515000 
55.641700, -119.635000, 37.753000 
55.713100, -119.600800, 52.143000 
52.790700, -114.130700, 232.106000 
55.640300, -119.568600, 28.495000 
55.713100, -119.419200, 74.219000 
54.443600, -112.583200, 42.840000 
54.338200, -114.060400, 95.626000 
54.650900, -114.528900, 86.368000 
55.913200, -114.482200, 28.499000 
53.736200, -113.833900, 22.275000 
51.222500, -114.495600, 916.315000 
53.952600, -112.390400, 32.900000 
53.977100, -117.285100, 453.186000 
53.927000, -114.376900, 33.560000 
52.244400, -114.735500, 40.251000 
53.854300, -111.365100, 28.155000 
55.647500, -119.548900, 116.518000 
55.432500, -116.486000, 308.013000 
50.129400, -111.908400, 589.824000 
54.494400, -115.957600, 101.910000 
55.720300, -119.406100, 36.486000 
52.621200, -114.827900, 74.404000 
54.003900, -111.817000, 46.830000 
56.964500, -117.007100, 208.578000 
52.366500, -112.734900, 142.467000 
57.157300, -115.122000, 89.378000 
53.949000, -113.285400, 46.774000 
52.722900, -112.841600, 47.147000 
53.283800, -110.031900, 32.165000 
59.623400, -117.727200, 99.907000 
50.061200, -110.723000, 35.280000 
51.504500, -112.677300, 36.163000 
52.268400, -112.790700, 27.650000 
52.355700, -112.831000, 39.023000 
53.137600, -113.794100, 36.590000 
55.305700, -115.046100, 59.872000 
53.941500, -113.664600, 251.328000 
53.416800, -113.917700, 110.177000 
53.894300, -113.416000, 42.455000 
56.731500, -115.478100, 45.985000 
53.179500, -111.779500, 77.500000 
51.213400, -111.030000, 41.228000 
57.189700, -119.054800, 216.036000 
55.481900, -119.059200, 27.340000 
57.346400, -119.099000, 104.754000 
53.821500, -113.490400, 115.644000 
51.959000, -110.767500, 104.520000 
51.333400, -110.667500, 59.834000 
55.698300, -118.783300, 46.619000 
54.127000, -110.486500, 51.460000 
56.818900, -118.570000, 22.110000 
54.334500, -110.310900, 106.903000 
53.529577, -113.499847, 35.870000 
54.510900, -115.511700, 1286.280000 
55.714100, -118.830400, 120.727000 
56.582500, -118.118100, 22.210000 
51.533400, -114.327100, 33.871000 
56.058600, -118.161700, 26.310000 
53.861500, -114.756100, 100.960000 
56.717000, -113.378900, 25.871000 
51.607100, -110.282400, 47.586000 
51.591800, -110.750000, 68.373000 
57.153300, -118.334500, 59.960000 
49.689200, -112.942000, 98.252000 
52.264500, -110.570500, 59.839000 
55.162300, -118.816600, 32.000000 
55.273300, -114.599700, 22.215000 
52.028200, -110.564700, 69.473000 
52.104400, -110.695000, 356.406000 
51.977300, -110.486900, 97.135000 
54.162500, -112.841800, 76.820000 
51.526000, -113.880000, 421.507000 
50.704300, -111.155300, 158.240000 
52.064500, -111.298700, 26.985000 
52.333700, -111.357300, 120.219000 
51.977300, -111.173400, 142.148000 
57.546300, -119.112600, 189.910000 
52.446500, -111.272700, 196.620000 
49.871100, -112.913700, 45.920000 
50.838700, -111.520100, 148.480000 
52.515700, -113.366300, 32.983000 
52.366500, -113.191800, 195.365000 
49.628100, -114.571900, 49.464000 
52.515700, -113.173800, 1261.291000 
52.450100, -113.167900, 41.797000 
53.725400, -113.193000, 945.140000 
55.494700, -119.289500, 64.570000 
55.029800, -118.744000, 308.970000 
53.104800, -111.556500, 110.809000 
54.238200, -115.379700, 256.200000 
53.719800, -113.596300, 40.590000 
51.890100, -114.359100, 43.060000 
52.457600, -114.419100, 201.630000 
51.488700, -113.153900, 473.900000 
54.290800, -116.918700, 190.342000 
57.299000, -118.228900, 61.670000 
51.300700, -112.042600, 38.820000 
50.922300, -111.391500, 73.450000 
52.166500, -113.256300, 241.140000 
50.977000, -111.683100, 4.830000 
55.041500, -119.631000, 772.800000 
54.785300, -117.658000, 321.380000 
54.796400, -117.658000, 74.020000 
52.286500, -114.123200, 54.820000 
54.345400, -110.025800, 30.950000 
56.091500, -111.817800, 60.400000 
56.055900, -111.830900, 21.790000 
54.116200, -114.856400, 142.270000 
55.991165, -112.032320, 45.620000 
54.229000, -110.348600, 46.680000 
52.366800, -112.136500, 41.560000 
55.556800, -110.717800, 34.280000 
54.210700, -110.241900, 76.150000 
55.074200, -117.274200, 421.630000 
53.072300, -112.400100, 35.390000 
56.204300, -111.715600, 133.183000 
54.432500, -110.306400, 35.580000 
54.298200, -112.824300, 45.300000 
53.670500, -115.762200, 255.840000 
54.472500, -114.812200, 93.860000 
55.869500, -112.001200, 43.400000 
55.756800, -110.529800, 135.420000 
55.225700, -114.493000, 155.150000 
58.194700, -116.350400, 21.309000 
55.640400, -110.627000, 293.010000 
50.058200, -110.728200, 742.000000 
52.327100, -112.718300, 1329.540000 
54.101800, -114.292500, 261.750000 
55.873200, -112.145400, 99.890000 
54.174300, -110.298300, 41.540000 
55.203600, -116.615600, 74.850000 
55.924000, -111.896500, 136.690000 
55.268600, -114.584700, 39.206000 
55.247500, -116.641600, 253.570000 
50.937000, -113.292700, 131.110000 
54.479800, -110.332600, 28.410000 
54.105400, -113.442700, 23.510000 
55.069600, -110.536100, 253.390000 
54.062600, -110.292200, 52.790000 
50.904300, -113.308500, 272.500000 
54.133300, -115.366600, 39.200000 
53.821500, -110.035000, 177.800000 
53.883400, -110.041100, 360.800000 
53.890700, -117.354000, 278.575000 
50.227500, -113.548200, 197.210000 
53.277900, -110.034300, 47.940000 
54.141800, -110.925300, 157.970000 
54.221800, -110.584200, 30.840000 
54.025400, -110.681200, 110.000000 
52.912000, -110.682700, 20.500000 
52.908400, -112.435300, 194.280000 
54.243400, -110.762300, 30.090000 
53.155900, -112.326700, 328.100000 
55.913200, -115.150400, 324.073000 
50.231100, -113.519600, 233.000000 
53.723500, -113.173800, 115.882000 
50.151100, -113.562100, 82.850000 
50.242200, -113.617100, 102.280000 
54.113300, -110.564600, 44.570000 
54.056020, -110.357560, 38.990000 
49.088900, -112.582300, 108.840000 
51.915300, -113.578100, 223.189000 
51.058900, -115.174500, 3270.000000 
52.373700, -114.076000, 41.290000 
51.649800, -110.187200, 220.700000 
58.518800, -117.119500, 143.453000 
54.587200, -112.803100, 24.750000 
52.322800, -114.020800, 41.290000 
52.104500, -113.077400, 98.680000 
54.218200, -110.712000, 66.810000 
52.592000, -113.967900, 50.280000 
53.531993, -113.364925, 417.500000 
52.926800, -111.889500, 161.750000 
53.799100, -113.080700, 210.264000 
52.322800, -114.020800, 220.950000 
58.568700, -119.201500, 195.310000 
52.479300, -115.206900, 441.762000 
51.209800, -110.161100, 99.890000 
53.817200, -113.133600, 28.546000 
54.658200, -111.622300, 151.420000 
54.687300, -111.944600, 85.330000 
51.696900, -114.475000, 1174.711000 
55.931200, -112.047000, 159.520000 
50.059200, -112.039500, 56.009000 
52.308200, -114.096500, 43.900000 
55.985900, -119.955800, 90.180000 
53.581900, -113.590000, 0.124000 
55.767500, -119.588100, 37.488000 
58.501200, -117.145600, 66.000000 
51.213400, -110.336100, 172.020000 
52.774000, -113.520700, 132.610000 
55.644000, -114.659700, 364.780000 
52.719300, -113.617900, 28.990000 
55.199400, -116.221900, 65.690000 
52.861200, -113.539100, 39.330000 
51.770100, -111.422000, 117.930000 
52.857600, -113.320700, 27.900000 
54.897200, -117.708800, 156.500000 
52.923200, -115.107500, 203.630000 
55.513100, -113.475000, 107.290000 
52.779800, -113.629900, 66.250000 
55.248100, -114.514000, 49.940000 
52.402900, -111.736200, 367.260000 
55.858700, -113.841400, 100.820000 
52.872000, -113.629900, 72.450000 
52.868400, -113.666300, 54.440000 
53.132300, -115.981700, 84.205000 
52.555700, -111.805300, 123.390000 
55.993500, -113.480500, 67.416000 
56.036800, -113.782500, 186.200000 
53.345100, -114.743600, 110.540000 
52.402900, -111.844500, 33.400000 
52.734000, -113.162900, 22.120000 
