50.995300, -113.973800, 0.001000 
53.370400, -112.832900, 5.237000 
52.857600, -113.053800, 6.281000 
52.308400, -114.218800, 12.888000 
53.733200, -113.175000, 16.652000 
57.003300, -111.466100, 23.910000 
53.500100, -113.392700, 1.000000 
53.541700, -113.391700, 7.113000 
52.308300, -113.550000, 44.341000 
53.539700, -113.409200, 2.300000 
53.572500, -113.360600, 0.907000 
57.040500, -111.619200, 68.516000 
53.817200, -113.133600, 1.893000 
53.530040, -113.402010, 6.181000 
56.981400, -111.462500, 1.886000 
