53.024700, -115.531100, 0.002000 
53.574200, -116.646900, 0.001000 
56.215000, -110.968100, 0.056000 
55.309200, -119.205800, 0.002000 
53.159500, -114.902800, 3.796000 
57.590100, -117.531700, 1.840000 
53.866900, -110.644900, 0.547000 
49.449200, -111.616700, 0.011000 
51.411700, -114.027000, 1.260000 
49.372800, -110.672500, 0.004000 
50.995300, -113.973800, 0.001000 
52.395700, -114.039900, 46.788000 
52.292200, -113.816900, 1.392000 
50.994100, -113.958300, 16.300000 
51.049300, -114.066200, 0.001000 
53.370400, -112.832900, 13.051000 
52.857600, -113.053800, 16.841000 
52.309150, -113.809970, 0.017000 
52.696100, -114.863800, 17.987000 
52.308400, -114.218800, 36.166000 
53.048100, -113.921000, 3.714000 
57.040500, -111.619200, 561.758000 
53.421300, -113.904400, 1.920000 
54.572300, -115.522900, 1.520000 
54.596400, -110.395000, 0.371000 
49.305200, -114.000300, 1.807000 
49.720100, -112.781900, 11.928000 
52.959300, -115.893800, 0.306000 
53.559400, -113.597500, 5.241000 
53.181200, -115.762500, 2.159000 
52.776100, -115.660700, 0.370000 
51.965500, -114.753600, 1.926000 
53.952700, -113.078000, 0.641000 
54.524700, -116.794300, 1.789000 
52.146300, -115.330000, 2.810000 
54.423300, -117.760400, 2.859000 
55.996700, -118.533600, 0.062000 
53.245000, -115.674300, 0.220000 
54.833300, -118.646700, 0.579000 
56.380600, -116.795000, 0.634000 
54.952700, -119.195300, 3.295000 
52.553700, -111.694000, 0.208000 
51.570800, -114.851700, 1.132000 
52.226300, -115.177000, 1.127000 
54.194400, -116.632200, 2.970000 
55.358300, -114.617200, 0.087000 
51.534800, -114.203700, 0.365000 
53.746900, -113.164500, 0.214000 
53.652000, -116.099200, 1.757000 
54.130900, -115.546700, 0.215000 
53.795900, -113.099600, 5.350000 
53.804200, -113.082400, 0.074000 
57.003300, -111.466100, 277.340000 
53.570000, -113.611400, 0.040000 
50.983000, -113.988400, 28.300000 
53.546800, -113.734800, 2.208000 
50.982200, -113.974200, 0.050000 
52.308300, -113.550000, 1.593000 
50.747700, -114.494700, 0.295000 
53.288500, -110.018300, 0.802000 
52.758100, -114.111600, 0.264000 
50.647500, -113.772000, 0.010000 
51.191300, -113.940900, 0.313000 
53.541700, -113.391700, 12.318000 
55.725100, -119.399900, 0.298000 
58.555500, -118.915900, 0.613000 
52.656700, -111.311900, 0.002000 
54.420500, -110.213100, 0.001000 
52.674300, -111.311600, 0.163000 
51.000700, -113.965670, 2.390000 
55.993500, -113.480500, 0.061000 
54.510900, -115.511700, 1.848000 
53.616600, -115.711100, 41.990000 
52.035300, -115.137700, 1.423000 
53.817200, -113.133600, 0.028000 
53.557500, -116.547200, 0.250000 
53.550690, -113.349600, 5.166000 
53.286400, -110.017800, 0.003000 
54.427200, -116.884300, 1.733000 
51.910600, -114.668100, 1.142000 
53.340200, -113.538100, 0.462000 
53.527200, -113.354800, 0.468000 
55.069600, -110.536100, 0.204000 
51.005290, -114.058570, 3.600000 
54.588800, -115.862500, 0.010000 
57.546300, -119.112600, 0.341000 
49.628100, -114.571900, 0.054000 
53.740700, -113.023100, 1.004000 
53.902300, -115.189300, 1.551000 
53.373100, -116.086000, 1.649000 
50.959200, -113.981200, 0.365000 
51.078650, -114.017660, 0.520000 
52.869000, -115.101000, 1.119000 
55.199400, -116.221900, 0.002000 
53.250200, -115.555500, 0.458000 
55.074200, -117.274200, 0.112000 
53.670500, -115.762200, 0.233000 
55.041500, -119.631000, 1.110000 
51.915300, -113.578100, 0.225000 
55.489100, -119.750800, 0.007000 
55.833000, -119.470000, 19.261000 
52.904700, -115.324700, 1.237000 
53.550500, -113.358900, 19.547000 
56.981400, -111.475800, 0.069000 
54.772900, -110.579000, 0.358000 
53.543100, -117.797900, 0.201000 
51.696900, -114.475000, 0.743000 
50.963600, -113.976680, 1.141000 
55.393100, -110.738300, 0.001000 
53.531993, -113.364925, 0.245000 
54.185400, -116.210400, 0.342000 
52.588100, -111.206100, 0.015000 
51.526000, -113.880000, 1.069000 
53.544400, -113.366200, 0.076000 
53.221200, -114.993900, 0.006000 
53.530040, -113.402010, 1.069000 
54.284800, -115.698000, 1.020000 
