53.204500, -116.811200, 166.900000 
51.534800, -114.203700, 30.239000 
57.003300, -111.466100, 26.700000 
52.758100, -114.111600, 2.440000 
52.226300, -115.177000, 38.500000 
49.305200, -114.000300, 195.800000 
53.746900, -113.164500, 1.470000 
52.146300, -115.330000, 193.570000 
51.219500, -114.645400, 47.548000 
51.570800, -114.851700, 274.002000 
51.742300, -114.134500, 37.540000 
55.725100, -119.399900, 10.141000 
51.039600, -114.559000, 51.000000 
51.191300, -113.940900, 114.050000 
50.747700, -114.494700, 78.323000 
51.965500, -114.753600, 119.300000 
54.923116, -112.861867, 1.810000 
57.040500, -111.619200, 127.047000 
53.181200, -115.762500, 23.365000 
57.546300, -119.112600, 0.926000 
51.526000, -113.880000, 22.435000 
53.557500, -116.547200, 138.002000 
