52.395700, -114.039900, 13.666000 
52.308400, -114.218800, 9.851000 
55.733100, -118.462000, 8.900000 
52.857600, -113.053800, 4.800000 
53.737500, -113.149000, 0.047000 
53.370400, -112.832900, 4.003000 
50.845800, -113.586700, 0.900000 
55.269500, -114.598300, 17.561000 
53.582300, -113.588600, 5.050000 
54.923116, -112.861867, 6.467000 
53.804200, -113.082400, 0.626000 
51.191300, -113.940900, 5.153000 
53.593060, -116.390300, 1.895000 
53.571700, -113.349800, 12.082000 
50.086600, -110.716700, 7.428000 
53.572500, -113.360600, 0.855000 
53.048100, -113.921000, 29.986000 
58.501200, -117.145600, 0.800000 
55.029800, -118.744000, 76.600000 
56.389600, -118.950300, 0.040000 
55.162300, -118.816600, 1.175000 
55.432500, -116.486000, 67.843000 
54.238200, -115.379700, 10.300000 
53.332300, -113.524100, 0.011000 
51.696900, -114.475000, 14.932000 
59.063100, -118.875700, 11.282000 
51.488700, -113.153900, 5.620000 
