50.700700, -112.110300, 58.050000 
51.213400, -113.257700, 78.110000 
51.042300, -112.254500, 28.620000 
51.151500, -112.703700, 31.630000 
50.438700, -111.284800, 505.470000 
50.849500, -112.411200, 25.070000 
51.275400, -112.906500, 90.360000 
51.322600, -112.542000, 52.780000 
50.274700, -111.847600, 47.710000 
51.075100, -112.231200, 29.920000 
51.042300, -113.001000, 34.190000 
51.424300, -112.994500, 31.630000 
50.238300, -111.939500, 27.860000 
51.013400, -112.907600, 38.620000 
50.693200, -112.312800, 48.730000 
51.159000, -112.785100, 32.730000 
51.177600, -112.785100, 24.150000 
51.013400, -113.152700, 50.780000 
51.340700, -113.217900, 53.970000 
50.296700, -111.566200, 69.050000 
51.377000, -113.041600, 31.630000 
50.860700, -112.035100, 88.320000 
51.122600, -113.164300, 32.710000 
51.402400, -112.918100, 148.810000 
51.300700, -112.524500, 25.450000 
51.264300, -113.403500, 57.500000 
50.842300, -112.463400, 163.300000 
51.359000, -113.352900, 66.600000 
51.013400, -112.301200, 20.820000 
51.420600, -113.052500, 29.740000 
50.859000, -112.255100, 25.470000 
50.751500, -112.237600, 21.360000 
50.627900, -111.965600, 121.800000 
50.809500, -111.693700, 138.990000 
50.656800, -111.410100, 141.430000 
51.322600, -112.918100, 42.470000 
51.129700, -114.767900, 60.560000 
51.151500, -112.207800, 31.240000 
51.380700, -113.229600, 94.400000 
50.485900, -111.451200, 415.750000 
50.671500, -111.695300, 117.340000 
50.977000, -112.242800, 133.430000 
51.006200, -113.176000, 80.040000 
51.380700, -112.900600, 31.630000 
50.536800, -112.031500, 32.080000 
50.929800, -112.458700, 33.350000 
50.889400, -113.406800, 199.570000 
50.795100, -112.017800, 376.530000 
50.765900, -111.948400, 63.680000 
50.278300, -111.468400, 25.800000 
51.319000, -112.965100, 31.630000 
50.635100, -112.237600, 57.570000 
51.020700, -112.948400, 205.940000 
50.893400, -112.174000, 239.270000 
50.485900, -112.014200, 37.700000 
51.118700, -112.505300, 29.740000 
51.304300, -112.653700, 79.930000 
51.406200, -112.347600, 40.680000 
51.217000, -113.977700, 115.990000 
51.177000, -113.438500, 59.980000 
50.289400, -112.007500, 229.180000 
50.867900, -111.936700, 123.650000 
50.675000, -111.762200, 194.800000 
51.217000, -112.977600, 45.860000 
51.239000, -113.164300, 20.870000 
50.711500, -112.394000, 410.350000 
50.835100, -112.538700, 31.080000 
50.984300, -113.444300, 225.820000 
51.279000, -113.065200, 41.390000 
51.402600, -113.247400, 170.170000 
50.998700, -112.464500, 96.310000 
50.940700, -112.371200, 24.530000 
50.649500, -112.347600, 21.400000 
51.078700, -113.537700, 21.960000 
50.915100, -112.451700, 749.530000 
51.307900, -112.712600, 53.750000 
50.413200, -111.755900, 26.160000 
50.755100, -111.786200, 41.670000 
51.075100, -113.409300, 175.570000 
51.126200, -112.359500, 126.190000 
50.802300, -111.902000, 179.150000 
54.439300, -119.655000, 33.480000 
54.130600, -119.218900, 95.420000 
52.999100, -112.971000, 28.180000 
52.703800, -114.572500, 68.021000 
52.747000, -115.255600, 38.014000 
56.917300, -112.960700, 33.520000 
57.702900, -114.066100, 27.200000 
50.718600, -111.322200, 67.772000 
54.459900, -119.717000, 81.580000 
53.499300, -116.805300, 89.639000 
55.069400, -113.313900, 50.296000 
56.975500, -113.309600, 170.340000 
51.180450, -113.937280, 255.088000 
49.725600, -113.397600, 55.500000 
49.580000, -112.743700, 22.800000 
53.163200, -115.416100, 227.300000 
49.794700, -111.198100, 20.600000 
49.616400, -112.472000, 34.700000 
49.438100, -112.448700, 25.100000 
53.909800, -115.787800, 30.000000 
51.665300, -112.323200, 59.517000 
54.985600, -119.828100, 22.900000 
51.065100, -114.130500, 26.294000 
57.560800, -119.521200, 22.600000 
55.167200, -118.930800, 36.300000 
56.036700, -119.641700, 44.600000 
54.887200, -119.828100, 39.100000 
53.035900, -111.403600, 51.200000 
53.076000, -111.299800, 39.100000 
53.215900, -116.497000, 57.600000 
55.891800, -111.717900, 23.136000 
55.949600, -110.624000, 22.980000 
55.862600, -119.715000, 24.661000 
52.155700, -113.387700, 21.694000 
55.631500, -112.189600, 50.206000 
55.688200, -113.897000, 31.963000 
54.627000, -117.464200, 29.147000 
53.583000, -116.842000, 162.176000 
55.125000, -111.690600, 31.919000 
54.760400, -113.959500, 36.460000 
56.069400, -119.648100, 33.506000 
54.494400, -118.198900, 38.311000 
56.913500, -112.765900, 20.934000 
53.770600, -117.601400, 27.840000 
54.702500, -112.900400, 26.789000 
57.059400, -112.842800, 29.239000 
55.843900, -111.090000, 32.135000 
54.447400, -117.523700, 25.579000 
50.940600, -111.880600, 38.955000 
51.449700, -111.571700, 25.662000 
55.884400, -113.291000, 39.700000 
57.485900, -113.793100, 52.698000 
53.610600, -117.695900, 22.400000 
54.612500, -118.214300, 73.447000 
54.130600, -115.231400, 24.744000 
56.135000, -113.028300, 41.413000 
57.004500, -113.188600, 75.653000 
54.816000, -118.715600, 45.030000 
53.997000, -111.569200, 225.794000 
56.134800, -113.201300, 23.823000 
56.891000, -112.671500, 26.266000 
53.374300, -114.232100, 44.994000 
49.521900, -112.859000, 179.013000 
53.625000, -117.782300, 27.500000 
51.254200, -110.402700, 74.191000 
51.413400, -111.766500, 67.271000 
56.069400, -118.247000, 47.217000 
50.220300, -112.444200, 155.536000 
52.064400, -115.131800, 28.487000 
52.090000, -115.161600, 29.076000 
53.385100, -114.324300, 31.812000 
51.897200, -115.040200, 51.221000 
51.911800, -114.512900, 30.348000 
55.887500, -119.098100, 31.337000 
51.948100, -115.081600, 26.087000 
56.691400, -118.771700, 69.340000 
51.002300, -112.394500, 28.507000 
51.425100, -110.513800, 70.358000 
50.987900, -111.741500, 66.447000 
49.576400, -112.919200, 87.060000 
56.836900, -118.278100, 51.530000 
51.235400, -113.088500, 50.416000 
56.982800, -118.305800, 179.650000 
56.968100, -118.280600, 20.110000 
56.506100, -117.982800, 120.910000 
56.069400, -119.877200, 43.780000 
56.727900, -116.305700, 206.600000 
49.303600, -110.576900, 30.454000 
51.937300, -111.099200, 36.740000 
56.622500, -118.558100, 24.890000 
51.351800, -111.196500, 87.187000 
54.043400, -110.619200, 60.649000 
54.720000, -119.110600, 139.782000 
54.607200, -119.332000, 53.640000 
54.800000, -119.775600, 34.492000 
52.544800, -114.545200, 18.200000 
54.796400, -119.439200, 21.746000 
55.585600, -117.891600, 82.459000 
51.878900, -115.093200, 58.272000 
54.025400, -117.018400, 47.800000 
53.614300, -116.956500, 34.300000 
54.099600, -117.535500, 28.200000 
54.829200, -119.668600, 40.622000 
55.520400, -113.781100, 22.314000 
52.814000, -114.786000, 17.400000 
52.872000, -115.362200, 16.300000 
53.103200, -115.363400, 61.400000 
52.184500, -114.737900, 22.100000 
53.101200, -114.761900, 14.800000 
55.509300, -114.146900, 50.620000 
57.193700, -118.199700, 28.580000 
57.346400, -118.350000, 22.626000 
57.502800, -118.745700, 46.908000 
54.207000, -117.169300, 34.254000 
54.287000, -117.069000, 20.259000 
53.912600, -116.745100, 30.842000 
51.828100, -114.980700, 28.281000 
57.338900, -119.657100, 153.080000 
54.436200, -111.205100, 49.735000 
55.691200, -111.275900, 59.553000 
55.396500, -110.737300, 74.128000 
55.352900, -110.627800, 80.242000 
57.338900, -118.460000, 53.320000 
57.393600, -118.555300, 25.577000 
49.729200, -114.427200, 110.730000 
55.883900, -117.462000, 73.346000 
56.930900, -115.252200, 194.992000 
55.432800, -118.041700, 86.493000 
55.651800, -111.084400, 278.158000 
52.366300, -114.963000, 154.115000 
52.260500, -113.816600, 208.342000 
56.281800, -119.166800, 27.251000 
55.917500, -119.835200, 25.792000 
55.640300, -118.502800, 43.862000 
54.388400, -110.949300, 36.429000 
56.527800, -114.070000, 33.376000 
55.800300, -117.813800, 69.905000 
53.193400, -110.863100, 48.221000 
52.707000, -114.137500, 79.030000 
52.197100, -114.367700, 38.550000 
52.193500, -112.771900, 25.310000 
52.265500, -114.517800, 54.880000 
50.656900, -112.607200, 135.720000 
52.851400, -114.046900, 98.420000 
51.493300, -111.201400, 99.050000 
52.337200, -115.123200, 24.880000 
52.743400, -114.113400, 58.530000 
57.066100, -114.777500, 29.230000 
55.519900, -119.349500, 121.690000 
57.295300, -115.546100, 249.290000 
56.215000, -110.968100, 23.400000 
53.216900, -116.358700, 129.560000 
53.825000, -115.556700, 239.190000 
56.098600, -119.288100, 489.306000 
55.862200, -119.589200, 467.386000 
52.544700, -111.121700, 33.880000 
53.337800, -111.243900, 42.804000 
50.294200, -110.593500, 22.330000 
52.090700, -112.766700, 1183.396000 
50.980700, -113.216800, 43.540000 
51.037000, -113.196300, 38.620000 
50.965900, -113.030200, 50.820000 
55.945800, -119.805300, 99.160000 
50.995000, -112.801700, 46.240000 
50.969800, -112.855100, 39.010000 
50.955100, -112.697800, 38.620000 
52.268400, -113.351800, 20.950000 
55.943900, -119.923100, 32.530000 
50.336700, -110.135000, 27.346000 
54.033400, -117.756900, 66.572000 
55.429200, -113.618100, 189.529000 
55.769300, -118.567800, 28.392000 
57.303800, -114.973000, 23.007000 
55.444000, -113.825000, 121.858000 
54.552500, -111.305300, 27.716000 
55.471000, -110.720700, 31.100000 
54.348900, -119.463300, 54.801000 
55.192900, -113.040200, 26.083000 
57.374300, -119.234900, 96.019000 
55.895000, -118.317500, 25.120000 
50.202700, -110.661300, 36.771000 
51.391800, -114.203500, 121.454000 
51.495900, -114.210100, 226.039000 
55.954200, -117.710800, 29.815000 
56.347100, -119.190500, 48.163000 
52.140800, -112.157200, 65.966000 
53.277000, -110.481000, 51.648000 
50.165300, -110.666200, 21.768000 
55.258300, -114.588300, 68.950000 
54.196200, -111.658400, 53.651000 
54.387000, -116.966700, 117.560000 
58.601100, -118.787200, 45.900000 
52.050100, -112.728300, 85.530000 
54.974300, -117.285800, 83.850000 
54.416000, -115.636200, 79.210000 
51.552600, -111.632500, 121.030000 
54.944400, -118.828100, 34.185000 
51.715300, -111.702200, 46.649000 
53.574200, -116.646900, 77.050000 
51.281700, -113.428000, 41.383000 
51.691800, -112.224000, 21.168000 
51.315900, -113.428500, 41.954000 
56.027200, -115.328300, 28.677000 
51.225200, -113.612600, 25.306000 
56.622700, -119.946500, 79.855000 
54.410900, -112.260400, 37.270000 
53.714300, -110.747300, 24.671000 
50.191900, -111.301800, 26.991000 
51.460600, -112.652800, 50.851000 
55.823000, -110.792300, 21.396000 
56.199000, -110.675100, 47.853000 
53.024700, -115.531100, 80.670000 
55.309200, -119.205800, 154.720000 
54.156100, -112.008600, 39.867000 
51.468100, -112.688100, 21.823000 
51.468800, -112.609800, 22.860000 
51.496900, -112.570600, 27.304000 
50.653300, -111.166100, 94.590000 
50.704200, -111.160300, 95.000000 
50.576700, -112.630300, 137.300000 
52.926700, -113.998900, 299.860000 
53.388600, -115.285000, 23.560000 
53.706600, -115.976300, 166.690000 
51.319000, -111.684200, 59.180000 
51.637100, -112.865800, 307.440000 
52.358000, -114.324100, 55.730000 
51.915100, -113.373700, 40.790000 
51.176900, -112.055300, 403.580000 
51.552500, -111.490600, 201.280000 
51.024500, -111.642800, 157.660000 
55.698000, -118.137100, 79.480000 
55.596700, -118.275600, 144.275000 
49.684600, -112.814600, 32.733000 
55.676700, -118.158900, 155.090000 
50.682300, -111.554800, 49.144000 
55.269300, -114.608900, 2.610000 
53.388600, -115.315800, 26.600000 
55.265600, -114.601400, 30.630000 
50.957700, -113.714500, 29.990000 
50.397600, -113.925500, 19.470000 
50.443500, -113.952200, 36.030000 
50.609400, -113.706700, 25.550000 
50.006500, -114.146000, 67.960000 
50.453200, -110.204700, 125.080000 
51.531300, -113.276300, 28.560000 
50.362200, -110.509100, 60.404000 
50.340400, -111.302000, 50.026000 
50.245900, -111.273100, 77.752000 
54.967500, -119.131600, 29.100000 
51.359000, -112.360100, 26.160000 
50.318700, -111.261700, 160.521000 
50.817000, -113.100200, 69.310000 
50.282400, -110.468900, 229.370000 
51.642600, -113.337700, 55.210000 
53.374300, -114.527900, 30.860000 
50.507600, -110.325200, 162.078000 
50.267600, -111.330600, 363.434000 
52.934000, -114.022100, 44.628000 
50.591500, -111.780300, 321.161000 
58.768700, -118.739800, 23.930000 
52.188200, -114.344100, 51.379000 
52.461400, -114.346900, 332.849000 
52.908400, -114.088800, 91.402000 
50.078300, -110.419700, 167.185000 
53.134000, -115.678900, 39.922000 
53.148700, -115.746100, 40.754000 
52.541200, -115.170800, 86.908000 
52.439300, -115.044700, 28.045000 
50.325800, -110.255600, 137.993000 
53.981500, -116.999800, 40.649000 
54.029000, -117.124000, 29.626000 
57.106200, -112.252700, 28.089000 
50.707900, -113.221600, 157.090000 
53.937900, -116.900400, 37.899000 
53.876200, -117.149000, 32.541000 
50.715500, -110.953700, 30.578000 
52.696000, -111.198200, 26.365000 
52.359300, -113.715200, 28.400000 
58.434000, -118.998400, 29.318000 
56.833400, -113.112100, 41.729000 
53.228700, -115.104400, 264.988000 
50.395000, -110.353900, 107.564000 
51.038600, -111.864000, 43.720000 
50.271200, -110.376900, 108.202000 
51.122600, -112.149500, 26.400000 
57.851600, -119.158100, 49.990000 
50.835100, -112.799000, 35.180000 
50.307500, -110.502500, 146.907000 
50.565900, -110.210200, 25.180000 
53.585100, -117.209300, 23.066000 
57.888400, -118.608700, 17.396000 
50.755100, -110.310200, 55.380000 
51.046200, -112.044500, 100.470000 
49.958300, -111.030000, 52.870000 
51.042300, -111.298100, 23.920000 
53.752300, -117.099300, 336.396000 
52.272000, -114.290200, 31.617000 
52.224500, -115.131900, 39.868000 
52.701200, -113.266000, 23.881000 
52.642900, -113.191800, 31.990000 
52.599300, -113.083800, 192.971000 
53.130400, -112.834300, 43.359000 
52.966800, -111.131600, 126.970000 
54.132200, -113.159900, 97.301000 
52.606500, -115.014400, 46.192000 
54.203300, -116.501500, 71.641000 
54.223000, -113.478600, 81.734000 
53.032300, -111.293600, 35.700000 
53.923400, -116.626800, 24.695000 
50.784300, -111.543100, 49.144000 
50.336800, -111.169800, 21.422000 
50.311200, -110.296600, 32.226000 
50.631500, -111.022200, 70.410000 
50.758700, -111.641500, 28.422000 
50.314700, -111.968400, 71.420000 
52.755700, -113.939100, 83.390000 
49.118100, -113.637100, 31.356000 
56.178700, -112.786300, 101.710000 
51.657300, -113.213200, 50.220000 
52.639300, -115.489700, 38.572000 
57.004500, -117.942800, 23.820000 
57.066200, -118.031700, 61.786000 
51.766200, -111.963700, 202.002000 
52.020900, -112.402800, 95.781000 
53.039400, -116.406400, 187.546000 
51.915400, -111.744500, 83.787000 
50.922300, -112.003700, 105.859000 
53.163100, -117.017800, 298.846000 
53.021100, -116.363600, 23.981000 
58.695900, -118.782300, 23.930000 
55.498300, -119.516700, 28.029000 
52.570100, -114.533200, 42.283000 
58.732300, -118.831800, 23.930000 
55.619600, -119.503300, 126.085000 
53.064700, -116.436900, 88.007000 
58.732300, -118.845900, 23.930000 
51.377000, -114.814600, 27.136000 
51.806100, -114.998500, 37.771000 
51.773600, -114.874300, 24.643000 
55.985800, -119.425600, 61.038000 
57.042500, -111.905000, 225.596000 
50.889600, -113.406800, 98.390000 
53.054000, -110.787500, 232.510000 
53.064800, -110.608900, 31.744000 
53.254000, -113.048200, 320.887000 
58.703200, -118.775400, 23.930000 
49.787500, -111.979500, 27.797000 
52.806800, -114.640400, 123.835000 
58.739500, -118.824800, 23.930000 
50.853400, -113.464600, 22.520000 
50.591500, -111.491200, 26.116000 
50.689500, -111.554800, 22.782000 
52.610400, -114.821800, 46.474000 
55.710300, -116.604200, 24.665000 
52.042900, -114.588800, 32.650000 
53.192300, -115.293900, 28.724000 
59.641800, -118.307800, 88.797000 
52.903500, -114.698900, 364.410000 
50.485900, -111.702200, 29.195000 
50.897000, -111.693700, 30.323000 
50.522300, -111.652300, 26.389000 
52.886800, -111.022500, 29.131000 
53.392300, -115.310800, 30.080000 
53.279500, -114.774200, 48.471000 
53.265100, -115.520000, 43.658000 
52.759300, -115.531900, 15.170000 
53.035900, -110.994100, 36.830000 
52.493600, -115.935000, 593.700000 
52.890400, -114.865000, 30.084000 
53.026900, -114.766400, 20.190000 
50.711900, -111.057400, 29.300000 
55.683900, -119.393300, 22.404000 
49.936700, -111.406500, 33.100000 
56.280700, -116.119100, 23.200000 
53.254000, -114.437900, 39.442000 
52.543100, -114.280500, 18.170000 
53.090400, -115.245000, 45.277000 
53.213700, -114.714000, 48.210000 
50.427600, -112.462300, 31.800000 
53.181200, -114.486800, 40.691000 
51.529900, -112.136700, 25.380000 
53.561500, -116.577900, 5139.930000 
57.877200, -119.740900, 102.854000 
50.707900, -110.813900, 269.984000 
54.268900, -111.143600, 160.324000 
52.222500, -115.247400, 77.481000 
54.232500, -116.611500, 22.685000 
58.568700, -118.515600, 35.505000 
49.652800, -111.231900, 31.010000 
54.541800, -110.408400, 31.250000 
54.792900, -115.521700, 43.770000 
52.111800, -112.731200, 20.870000 
55.432900, -111.219800, 38.829000 
54.418100, -116.362000, 35.067000 
56.313200, -111.636200, 27.210000 
52.079300, -111.012200, 202.406000 
56.560600, -119.031700, 12.320000 
52.286500, -114.970800, 29.219000 
58.081200, -117.828800, 63.946000 
53.392300, -115.316900, 41.320000 
50.624300, -113.482100, 20.155000 
56.335100, -113.592500, 20.900000 
50.299100, -112.185400, 126.961000 
54.161300, -117.665100, 199.805000 
56.087800, -118.495600, 55.426000 
52.875700, -110.458600, 37.995000 
52.675900, -110.515800, 76.416000 
54.647300, -115.495800, 20.080000 
50.675000, -113.452200, 156.601000 
50.777100, -113.397000, 53.257000 
54.439700, -119.085300, 22.350000 
58.305400, -118.888000, 37.729000 
56.255000, -119.517800, 30.930000 
56.276930, -119.875770, 25.717000 
52.446500, -114.671600, 24.068000 
52.326500, -114.515200, 41.022000 
52.657600, -113.191800, 21.190000 
50.337100, -111.513600, 21.638000 
52.657600, -114.635400, 71.100000 
50.758700, -112.498100, 173.900000 
53.825100, -116.396900, 105.900000 
52.588400, -114.593500, 79.200000 
52.486400, -114.490000, 168.000000 
52.359300, -114.785700, 198.400000 
57.200900, -112.905700, 74.183000 
52.130100, -110.099100, 36.060000 
55.945800, -118.888600, 24.100000 
52.435700, -113.390400, 388.343000 
55.574700, -118.815800, 55.189000 
52.640400, -113.252100, 21.563000 
54.509700, -110.909900, 28.483000 
56.498700, -112.481600, 25.537000 
51.708200, -114.388800, 206.250000 
52.584630, -114.366953, 31.515000 
51.762600, -110.139700, 21.977000 
55.847500, -111.358600, 24.853000 
52.727800, -113.270100, 141.510000 
54.963600, -117.670700, 89.880000 
55.433300, -116.483200, 144.000000 
52.650400, -115.080800, 63.688000 
58.110400, -118.115600, 30.800000 
53.054000, -114.933300, 283.560000 
56.233200, -113.896400, 47.500000 
53.315900, -114.982200, 82.206000 
51.388100, -110.772500, 96.240000 
59.601800, -117.409700, 82.940000 
54.505300, -116.450600, 54.722000 
49.569200, -112.149200, 45.200000 
55.542000, -113.430800, 21.900000 
51.209800, -113.141000, 85.980000 
55.385700, -113.001600, 34.600000 
58.550400, -117.426700, 37.700000 
50.693200, -113.672900, 111.550000 
53.010400, -114.185700, 39.140000 
51.635400, -112.792600, 21.000000 
53.428700, -115.125800, 64.326000 
52.017300, -113.148800, 25.300000 
52.275700, -114.218800, 20.900000 
57.186200, -118.003300, 18.528000 
51.093400, -112.820100, 45.600000 
53.170400, -114.884200, 24.814000 
52.362900, -113.534900, 21.980000 
53.010400, -110.731400, 36.090000 
54.516100, -116.886800, 25.142000 
51.751800, -113.864600, 21.000000 
51.871800, -112.887600, 21.300000 
55.996800, -110.822600, 36.200000 
57.240900, -112.620700, 60.540000 
57.251800, -112.498500, 279.980000 
57.931900, -117.835000, 352.960000 
57.226200, -112.464600, 29.260000 
49.758300, -110.479100, 41.060000 
55.472800, -119.127200, 229.830000 
52.588400, -113.956000, 56.580000 
52.410000, -112.757800, 32.670000 
54.370800, -116.874800, 20.184000 
50.740700, -112.324500, 80.970000 
51.409800, -113.094600, 38.150000 
57.542900, -112.226600, 22.580000 
57.840900, -117.867800, 81.250000 
53.159700, -114.205700, 36.935000 
58.081200, -117.635600, 472.140000 
52.766800, -115.362200, 92.550000 
57.808400, -118.093900, 74.690000 
55.294800, -110.660100, 21.910000 
58.030100, -118.399800, 29.330000 
54.189000, -117.294500, 32.440000 
50.165900, -110.089100, 439.600000 
58.164800, -117.427500, 73.880000 
51.504500, -114.068500, 28.785000 
55.294800, -110.795100, 681.290000 
52.574000, -115.393600, 75.690000 
55.305700, -113.715500, 29.119000 
52.701200, -115.392500, 24.210000 
55.418300, -119.773300, 21.890000 
50.583900, -113.302700, 57.636000 
51.962900, -114.732100, 149.188000 
50.700600, -110.772500, 217.290000 
50.223900, -110.899700, 58.800000 
52.712000, -114.076600, 84.700000 
50.223900, -110.761900, 929.870000 
56.407900, -110.929200, 338.710000 
50.187600, -111.167000, 121.580000 
55.363900, -119.760600, 87.700000 
50.573100, -111.177500, 286.490000 
51.900900, -114.797400, 25.074000 
51.581600, -113.840400, 25.760000 
50.224000, -110.037500, 266.360000 
50.700700, -110.478000, 416.490000 
50.398600, -110.503300, 1061.580000 
52.759300, -114.161600, 32.670000 
55.378300, -119.760600, 85.100000 
52.912000, -114.064600, 139.440000 
54.538100, -119.066400, 23.500000 
52.821200, -114.022100, 21.820000 
52.843100, -115.604700, 20.986000 
52.708400, -114.446600, 270.390000 
52.807000, -114.258600, 64.740000 
50.085700, -110.117500, 75.594000 
55.425600, -118.988600, 158.310000 
50.165800, -111.052800, 146.430000 
53.225100, -114.034600, 31.707000 
55.443900, -119.522500, 135.400000 
50.096700, -111.110000, 53.720000 
55.112900, -110.853100, 38.190000 
49.500000, -111.009700, 67.939000 
54.883700, -110.418400, 40.690000 
54.854500, -111.802000, 88.850000 
54.872900, -110.418400, 21.320000 
49.030800, -111.052700, 42.810000 
55.149300, -111.090900, 21.910000 
49.205300, -111.037700, 225.700000 
54.970900, -110.750100, 64.550000 
55.596700, -118.277000, 61.850000 
55.603900, -119.347800, 74.293000 
55.069300, -110.545900, 42.220000 
54.949300, -110.622600, 1392.840000 
55.072900, -110.526700, 21.410000 
55.102000, -110.507600, 21.050000 
50.700700, -111.022200, 285.740000 
50.536900, -112.031500, 35.660000 
54.956500, -110.616200, 21.910000 
49.154400, -110.902200, 33.060000 
55.847900, -111.359500, 168.330000 
54.258200, -114.580800, 20.150000 
50.136800, -110.197500, 82.059000 
49.038100, -111.158900, 78.850000 
55.280000, -119.098100, 35.330000 
49.220000, -110.981600, 27.330000 
55.047300, -110.577800, 1486.480000 
55.232900, -110.698700, 73.520000 
55.218400, -111.316200, 59.690000 
49.300000, -110.806400, 42.450000 
52.217300, -112.307300, 79.055000 
49.285300, -111.054700, 24.230000 
49.601900, -110.445000, 35.030000 
54.163400, -117.350900, 21.670000 
58.783200, -118.605600, 27.800000 
50.736800, -113.325700, 20.562000 
49.358100, -111.375000, 39.690000 
55.309300, -110.480100, 73.520000 
56.222300, -112.706800, 85.790000 
56.095100, -113.448600, 887.250000 
52.512000, -114.394900, 114.700000 
55.935000, -118.515300, 25.610000 
53.199500, -114.841400, 27.410000 
52.650400, -115.429700, 38.620000 
53.026900, -114.766400, 131.910000 
54.778200, -113.963900, 32.230000 
52.515700, -114.449100, 33.740000 
56.484100, -119.974000, 46.980000 
51.708200, -111.780100, 25.450000 
52.486500, -114.322700, 69.880000 
53.210400, -114.713000, 67.470000 
51.828200, -111.774200, 220.329000 
52.890400, -113.817900, 32.760000 
52.388400, -114.352700, 25.980000 
59.601800, -117.409700, 74.950000 
50.201900, -112.381700, 42.160000 
51.515400, -112.953400, 21.080000 
52.028200, -113.572700, 61.800000 
52.846800, -114.185700, 50.473000 
55.575800, -119.522400, 31.380000 
55.611700, -112.611600, 28.320000 
51.700900, -112.852000, 185.590000 
51.624500, -112.952600, 236.260000 
53.759800, -114.886700, 28.580000 
52.543100, -114.280500, 30.970000 
53.959800, -114.700300, 40.440000 
52.748400, -115.513900, 185.340000 
56.070600, -119.960500, 69.290000 
55.411100, -119.136700, 22.360000 
52.545700, -114.106000, 51.759000 
52.874300, -110.428000, 84.920000 
52.617800, -112.562900, 25.450000 
54.113800, -114.655500, 57.630000 
52.555700, -114.449100, 62.200000 
54.672900, -114.212800, 1.000000 
55.509200, -119.627000, 34.116000 
52.821100, -115.756400, 27.410000 
51.701600, -110.633900, 25.450000 
53.566900, -118.022600, 36.567000 
53.996200, -114.004100, 23.647000 
53.711900, -117.052500, 28.890000 
53.850700, -117.410100, 39.893000 
51.642600, -110.560200, 25.450000 
52.759300, -114.125200, 142.230000 
50.453200, -110.187500, 101.200000 
55.225600, -119.072200, 35.500000 
52.333700, -112.806800, 25.450000 
55.269200, -119.490300, 62.200000 
51.689800, -110.761600, 25.450000 
51.686200, -110.737700, 40.745000 
53.752300, -115.874700, 62.230000 
51.900900, -113.325700, 20.240000 
51.711800, -110.862200, 25.450000 
51.940900, -113.242900, 75.900000 
54.760100, -113.815800, 81.000000 
52.803100, -115.810800, 65.110000 
52.435700, -112.620400, 50.147000 
52.803100, -115.665500, 33.740000 
50.325800, -110.255600, 50.600000 
53.272200, -111.781400, 35.270000 
51.922900, -114.524900, 25.074000 
51.686200, -110.666900, 118.377000 
54.079700, -118.342700, 50.590000 
55.232800, -119.355300, 42.160000 
53.017600, -114.370700, 24.275000 
55.458300, -119.573900, 59.960000 
50.712300, -111.062700, 67.860000 
56.218700, -116.251300, 22.640000 
51.395400, -111.331700, 84.330000 
52.508400, -114.382900, 52.720000 
52.490100, -114.232400, 27.410000 
50.282300, -110.468900, 101.200000 
55.251100, -119.426100, 65.920000 
49.881900, -112.410100, 25.450000 
53.485200, -111.928200, 94.850000 
54.830200, -118.652600, 22.511000 
55.174700, -119.302500, 59.120000 
55.247500, -119.483900, 21.080000 
49.823900, -112.432300, 50.147000 
52.468400, -114.328800, 99.640000 
52.384800, -114.382900, 26.780000 
53.712300, -116.148900, 51.193000 
51.533400, -114.327100, 51.870000 
54.050700, -117.720600, 21.821000 
55.382000, -111.760100, 71.638000 
50.013100, -112.393100, 20.856000 
54.632500, -117.512700, 22.089000 
54.698600, -110.738900, 104.222000 
52.766700, -116.393000, 96.586000 
54.416100, -119.347500, 94.720000 
54.034500, -117.180900, 50.070000 
54.476300, -119.173900, 119.570000 
54.341400, -116.301500, 51.110000 
50.493200, -111.801700, 26.406000 
54.385300, -118.624900, 59.980000 
51.449800, -112.642000, 22.319000 
52.279300, -110.081400, 44.580000 
53.977900, -116.751200, 126.250000 
54.556200, -113.822200, 3.650000 
53.949300, -117.279300, 21.310000 
53.607000, -116.537300, 44.900000 
54.054200, -118.308700, 40.662000 
55.058700, -111.895500, 62.399000 
54.600800, -116.039000, 20.750000 
51.559000, -112.471500, 21.823000 
57.502900, -116.505500, 35.820000 
51.551800, -112.483400, 22.319000 
52.774000, -112.914300, 29.694000 
50.183900, -112.010900, 25.827000 
50.046300, -112.477200, 25.282000 
54.159800, -112.203800, 136.650000 
53.745000, -110.723900, 20.767000 
54.033400, -117.162900, 41.620000 
53.916200, -116.732600, 44.000000 
55.491170, -116.186500, 48.510000 
55.378300, -118.499700, 76.940000 
54.485300, -118.778300, 53.200000 
56.314400, -119.873400, 20.450000 
53.661800, -110.022500, 22.735000 
56.007600, -113.343900, 20.537000 
54.635300, -119.318300, 90.230000 
54.359700, -119.138900, 77.970000 
54.162360, -115.733900, 597.237000 
52.333700, -112.885200, 32.156000 
55.458400, -116.165600, 55.960000 
51.719000, -112.390100, 44.263000 
54.374400, -117.275900, 58.507000 
55.541900, -119.029700, 31.216000 
56.120300, -119.497500, 54.000000 
55.901100, -117.749900, 34.830000 
50.536800, -111.744200, 21.479000 
53.712300, -117.221500, 43.618000 
56.007600, -113.402800, 24.465000 
55.898700, -116.466600, 29.469000 
55.556800, -115.672000, 22.177000 
54.516700, -119.292000, 73.480000 
53.918400, -117.297000, 209.040000 
55.318300, -116.491800, 96.910000 
54.061800, -117.447300, 24.700000 
50.111100, -113.482500, 98.730000 
51.162600, -112.021200, 72.280000 
51.195100, -112.102800, 72.280000 
50.700700, -112.654200, 23.170000 
51.009610, -110.752190, 82.660000 
54.105400, -117.526500, 84.500000 
52.989300, -114.157900, 138.040000 
50.780700, -110.732700, 62.200000 
50.787900, -110.813900, 83.130000 
55.548100, -118.995000, 36.850000 
50.187500, -112.153400, 22.770000 
50.911500, -112.978400, 23.610000 
52.711900, -116.338600, 34.095000 
50.784300, -110.836900, 41.940000 
50.780700, -110.825500, 73.630000 
51.660900, -112.875600, 20.610000 
51.624500, -113.041600, 31.220000 
54.145400, -115.815500, 38.010000 
51.599000, -113.029900, 67.470000 
51.580900, -112.977000, 42.160000 
51.660900, -113.017900, 20.240000 
52.159300, -112.749000, 20.240000 
51.984500, -112.784800, 25.310000 
52.192000, -112.790700, 25.300000 
53.854300, -117.391200, 255.380000 
52.057300, -114.630400, 50.600000 
52.050000, -110.420600, 50.180000 
54.233700, -117.030600, 38.620000 
50.084400, -110.607000, 30.720000 
55.767300, -112.339300, 21.810000 
54.225300, -118.305200, 28.100000 
52.697500, -116.320300, 26.819000 
49.972800, -110.755600, 82.548000 
56.223300, -119.570800, 123.340000 
50.022400, -110.743000, 75.803000 
51.020600, -111.402200, 89.962000 
49.988300, -110.914000, 68.185000 
50.896900, -110.633600, 58.171000 
54.198400, -119.053700, 27.659000 
54.137600, -116.392000, 60.640000 
50.744200, -110.130000, 53.885000 
50.824200, -110.859400, 95.048000 
56.095100, -118.758700, 121.080000 
52.501100, -115.519700, 37.000000 
51.828200, -111.312300, 32.060000 
53.643400, -116.062800, 20.640000 
56.006700, -118.390800, 25.590000 
54.348990, -110.766800, 21.750000 
53.155400, -110.509500, 67.190000 
50.093100, -110.732800, 302.573000 
50.136700, -110.732800, 63.890000 
53.941500, -116.720100, 29.003000 
50.159000, -110.667200, 62.153000 
52.446500, -115.249200, 25.500000 
50.747800, -110.882500, 40.720000 
50.409400, -112.830100, 20.070000 
53.002000, -110.993900, 64.170000 
54.178700, -117.328400, 979.970000 
49.229200, -114.029100, 42.647000 
52.942400, -113.511100, 99.600000 
52.392000, -115.128900, 107.014000 
54.290900, -111.144500, 44.653000 
54.301800, -111.213400, 44.993000 
56.513300, -119.832100, 79.137000 
53.141200, -115.691100, 20.877000 
58.011900, -119.480700, 151.825000 
56.506100, -119.432000, 52.597000 
57.564400, -119.521200, 149.478000 
52.250100, -114.397700, 34.220000 
52.421200, -113.017400, 24.560000 
52.290100, -112.963800, 23.330000 
54.756500, -112.545200, 21.810000 
52.293700, -112.934100, 62.850000 
51.624500, -111.863100, 46.600000 
52.260900, -112.856600, 25.100000 
54.359700, -118.756300, 426.060000 
55.257600, -112.759300, 21.810000 
51.879000, -113.367100, 32.130000 
52.086500, -112.754800, 28.770000 
52.384800, -114.442900, 28.709000 
53.067000, -115.439900, 61.011000 
51.046900, -114.076500, 40.177000 
51.900900, -111.608400, 41.170000 
50.453100, -112.755300, 20.070000 
52.031800, -112.629500, 32.204000 
59.103300, -119.918400, 23.860000 
52.213700, -114.308200, 241.140000 
50.165900, -110.094700, 30.140000 
52.177300, -114.296300, 80.350000 
53.305100, -114.878000, 28.389000 
52.682300, -114.392900, 26.730000 
57.971400, -118.584100, 29.228000 
54.352600, -111.821500, 47.720000 
53.272300, -114.915000, 21.940000 
58.059200, -118.287500, 22.841000 
56.491400, -115.397500, 77.018000 
52.881600, -116.573400, 27.615000 
58.339500, -118.536800, 24.690000 
53.170400, -115.177800, 63.404000 
50.082000, -110.043300, 30.140000 
53.923400, -116.775900, 76.980000 
55.032800, -118.986400, 25.100000 
54.465400, -113.221600, 71.720000 
51.569700, -114.985200, 35.700000 
54.461800, -111.780100, 192.310000 
54.283400, -117.000100, 21.380000 
52.969200, -116.692500, 657.450000 
50.431200, -111.589200, 27.173000 
54.199800, -113.212900, 112.428000 
55.538400, -112.262400, 36.490000 
50.889400, -114.761800, 403.000000 
52.958200, -114.679900, 135.280000 
54.730800, -118.598600, 25.200000 
53.272300, -114.725300, 61.309000 
56.527900, -115.311500, 44.163000 
52.257300, -114.218800, 20.561000 
56.055100, -115.366500, 45.727000 
52.192000, -114.111300, 22.298000 
50.354700, -112.370300, 22.572000 
53.887000, -116.396900, 33.110000 
54.265300, -116.342000, 55.130000 
55.713200, -115.905600, 107.484000 
56.651500, -112.878800, 21.240000 
50.168300, -112.299800, 171.890000 
56.065900, -116.957700, 84.160000 
55.691100, -117.210200, 35.060000 
53.890700, -117.465900, 31.450000 
54.301700, -118.649900, 178.260000 
56.666700, -111.345100, 64.720000 
52.875700, -111.422500, 57.100000 
50.073300, -112.673700, 263.750000 
53.486800, -114.330700, 23.410000 
51.151500, -113.823200, 74.220000 
53.228700, -114.554100, 70.970000 
55.789500, -112.281800, 36.870000 
51.599900, -115.356900, 228.895000 
56.364200, -119.934300, 113.800000 
55.338300, -118.872800, 50.284000 
53.588700, -116.771500, 21.020000 
53.017500, -116.907800, 30.027000 
57.217500, -110.895000, 311.000000 
55.341700, -118.914200, 71.310000 
55.504200, -118.945300, 133.040000 
53.454300, -117.159800, 22.530000 
51.431700, -113.757500, 89.220000 
51.157000, -114.193200, 22.648000 
54.545400, -114.794200, 75.120000 
50.556100, -114.236300, 178.140000 
54.101800, -115.665000, 39.479000 
57.579200, -119.301800, 62.260000 
55.396400, -119.503100, 34.935000 
55.305000, -118.914200, 52.600000 
55.276400, -118.699200, 50.284000 
50.873400, -114.006600, 21.903000 
55.487500, -118.171900, 25.841000 
52.792000, -112.562700, 21.368000 
54.221800, -116.197900, 81.080000 
50.214700, -112.367800, 64.560000 
52.874300, -110.162700, 35.870000 
52.088200, -115.689400, 134.790000 
49.488900, -113.955100, 52.819000 
52.337300, -115.014400, 31.086000 
55.266800, -112.567900, 111.420000 
56.113100, -119.536700, 25.020000 
50.302500, -112.390600, 75.090000 
50.013100, -112.611500, 465.290000 
50.398600, -112.847300, 80.280000 
51.369700, -114.985200, 67.953000 
51.388200, -114.808800, 50.100000 
53.117300, -110.803900, 62.180000 
54.189000, -112.109800, 223.620000 
54.166900, -118.486900, 56.574000 
51.489800, -112.888700, 26.219000 
50.211900, -112.315900, 24.840000 
55.117900, -112.737900, 52.420000 
53.563400, -116.728500, 76.770000 
53.767000, -117.497000, 57.255000 
54.512600, -111.717000, 29.984000 
53.363200, -111.879500, 223.442000 
56.458600, -119.914300, 71.480000 
55.411100, -118.885600, 103.890000 
52.180900, -113.083200, 113.564000 
52.830300, -116.272200, 448.770000 
53.799800, -116.092200, 249.690000 
54.512600, -113.139300, 63.076000 
54.119800, -116.273100, 113.300000 
55.791500, -119.146000, 54.828000 
53.290400, -115.831900, 22.696000 
54.527300, -112.930700, 58.426000 
53.006700, -116.852800, 90.520000 
54.916500, -110.367300, 20.660000 
53.578344, -115.855642, 63.330000 
55.041200, -110.577800, 68.050000 
50.725900, -112.255100, 25.460000 
53.279500, -111.587000, 51.004000 
51.075100, -112.575300, 28.090000 
53.484800, -115.607600, 196.392000 
51.417000, -113.176800, 50.600000 
53.195900, -111.911200, 24.966000 
52.452000, -114.392900, 39.600000 
53.385100, -115.612800, 354.653000 
58.368300, -118.990000, 50.572000 
50.795100, -112.284000, 20.840000 
49.078100, -111.242500, 22.350000 
55.025700, -110.584200, 51.860000 
51.675400, -113.367100, 53.390000 
53.836200, -115.620000, 33.740000 
56.440600, -119.775700, 36.420000 
51.780900, -113.266600, 84.340000 
52.944800, -114.264600, 60.380000 
51.468200, -112.547800, 26.418000 
53.959800, -111.818700, 62.895000 
55.349000, -112.184100, 26.500000 
52.915900, -114.006000, 147.140000 
52.035400, -113.614300, 51.870000 
51.973700, -113.572700, 93.190000 
54.654500, -114.092500, 0.975000 
52.002900, -113.399600, 48.070000 
51.930100, -113.538800, 124.650000 
51.770100, -111.484000, 23.200000 
51.795400, -113.456000, 28.139000 
50.220500, -112.444200, 202.400000 
55.640300, -119.627000, 81.717000 
52.675700, -114.495200, 28.580000 
55.800300, -118.225300, 112.430000 
56.271846, -111.498890, 6872.834000 
56.411400, -118.440600, 41.439000 
53.949000, -110.028600, 23.902000 
56.888200, -114.536100, 20.973000 
54.276200, -110.010000, 20.095000 
52.714500, -114.317100, 51.920000 
53.810700, -114.731100, 26.531000 
54.980400, -117.292000, 32.020000 
50.016700, -111.805600, 41.169000 
52.100900, -114.791600, 58.346000 
55.178300, -117.509900, 35.850000 
55.724000, -112.424600, 119.786000 
53.958000, -118.772800, 22.686000 
52.870700, -110.268900, 22.000000 
50.427500, -112.462300, 22.091000 
51.267900, -112.563700, 28.930000 
53.857900, -113.397400, 25.590000 
52.704800, -114.410200, 22.490000 
51.057000, -112.272000, 21.150000 
50.482200, -112.588700, 22.091000 
52.621200, -112.211500, 27.024000 
50.565900, -112.640300, 22.091000 
50.780700, -112.017800, 20.840000 
53.657900, -116.666800, 149.900000 
56.051400, -119.589200, 53.750000 
50.777000, -111.751500, 25.770000 
58.255700, -119.187300, 24.102000 
51.639000, -112.840100, 33.700000 
51.784500, -113.532900, 24.100000 
51.879000, -112.792600, 69.160000 
51.359000, -112.418700, 32.120000 
52.584800, -112.500100, 28.208000 
51.409800, -112.530300, 28.420000 
50.758700, -112.122000, 20.709000 
53.301500, -113.072700, 45.132000 
53.272300, -113.072700, 25.387000 
53.879800, -113.627400, 28.481000 
54.941900, -118.999200, 31.796000 
53.022200, -116.520800, 205.170000 
50.860700, -110.229100, 29.660000 
51.049800, -112.126200, 25.190000 
52.938100, -116.431900, 93.300000 
51.563500, -110.569800, 25.545000 
51.049800, -113.659900, 96.990000 
52.435700, -110.364700, 56.660000 
55.854800, -111.431500, 20.770000 
55.844000, -111.261200, 20.590000 
55.876800, -111.326700, 60.520000 
53.323600, -116.995400, 118.070000 
51.893700, -113.390700, 27.370000 
52.046500, -113.465200, 24.100000 
52.035400, -113.453200, 33.700000 
51.344300, -112.959200, 29.730000 
49.376400, -112.476700, 73.380000 
52.857600, -115.513900, 22.920000 
55.003700, -111.100600, 51.860000 
55.749400, -119.562000, 24.130000 
51.428200, -113.458800, 29.230000 
52.417300, -110.250200, 21.390000 
49.789400, -112.126100, 237.000000 
52.959300, -115.893800, 134.500000 
55.996700, -118.533600, 73.192000 
54.144400, -115.691700, 41.209000 
54.179100, -115.806000, 24.122000 
51.570800, -114.851700, 51.637000 
54.423300, -117.760400, 103.170000 
51.534800, -114.203700, 188.372000 
53.718500, -113.183000, 0.071000 
53.288500, -110.018300, 61.496000 
53.539700, -113.409200, 352.040000 
55.269500, -114.598300, 5629.782000 
54.833300, -118.646700, 98.968000 
53.245000, -115.674300, 28.520000 
54.130900, -115.546700, 73.531000 
54.923116, -112.861867, 2341.420000 
49.713599, -112.796397, 13.605000 
53.795900, -113.099600, 492.010000 
53.541700, -113.391700, 718.417000 
52.146300, -115.330000, 196.840000 
57.040500, -111.619200, 27929.000000 
51.965500, -114.753600, 153.910000 
53.804200, -113.082400, 164.525000 
53.721700, -113.191700, 170.096000 
52.308300, -113.550000, 258.457000 
50.747700, -114.494700, 1276.685000 
52.553700, -111.694000, 169.472000 
50.086600, -110.716700, 617.671000 
55.071200, -118.691200, 835.840000 
53.413300, -117.570600, 1085.558000 
52.463000, -114.346500, 139.980000 
51.637200, -112.866000, 394.850000 
53.582300, -113.588600, 69.197000 
53.746900, -113.164500, 30.520000 
53.181200, -115.762500, 543.448000 
53.652000, -116.099200, 67.920000 
55.358300, -114.617200, 21.460000 
53.204500, -116.811200, 181.776000 
52.226300, -115.177000, 488.440000 
50.805300, -110.034900, 336.190000 
53.841600, -113.097900, 432.830000 
53.733200, -113.175000, 1082.203000 
54.194400, -116.632200, 281.300000 
53.421300, -113.904400, 36.634000 
53.722900, -113.174000, 1.400000 
52.496000, -114.988000, 45.038000 
53.508500, -114.557100, 2373.004000 
51.219500, -114.645400, 608.476000 
50.845800, -113.586700, 278.752000 
50.675600, -110.025000, 29.124000 
58.500000, -119.416700, 63.240000 
51.181625, -114.472100, 3.352000 
53.833100, -113.108900, 18.100000 
53.344000, -114.305000, 954.604000 
51.742300, -114.134500, 314.158000 
57.003300, -111.466100, 2552.780000 
53.733200, -113.486200, 10.000000 
55.335900, -119.223000, 29.340000 
53.448700, -114.449100, 830.230000 
54.572300, -115.522900, 185.310000 
53.354600, -113.715000, 51.221000 
51.039600, -114.559000, 247.000000 
52.940400, -114.832300, 278.289000 
53.048100, -113.921000, 767.840000 
52.776100, -115.660700, 52.860000 
49.305200, -114.000300, 137.871000 
52.385800, -113.595000, 163.160000 
53.529100, -113.387500, 322.978000 
54.596400, -110.395000, 2748.547000 
53.572500, -113.360600, 356.443000 
54.524700, -116.794300, 94.574000 
53.593060, -116.390300, 1565.784000 
54.007100, -119.104000, 121.766000 
53.560000, -114.486200, 494.054000 
50.647500, -113.772000, 33.150000 
55.725100, -119.399900, 514.898000 
56.377200, -117.175600, 1022.635000 
51.191300, -113.940900, 707.149000 
52.033030, -113.938910, 374.324000 
53.952700, -113.078000, 25.677000 
52.758100, -114.111600, 692.490000 
54.952700, -119.195300, 140.898000 
53.227700, -114.988900, 1776.734000 
51.531700, -111.786100, 705.063000 
52.564700, -112.141400, 569.763000 
52.064500, -111.298700, 21.048000 
49.871100, -112.913700, 76.604000 
49.725300, -112.790000, 0.665000 
50.577200, -111.178100, 187.330000 
54.113300, -110.564600, 74.980000 
53.472878, -113.616936, 1.593000 
52.779800, -113.629900, 111.350000 
52.079300, -110.636400, 122.578000 
51.056600, -115.164300, 43.520000 
53.863100, -113.393900, 4.500000 
52.446500, -111.272700, 86.324000 
57.364000, -119.763000, 242.947000 
53.099900, -115.316800, 247.800000 
55.029800, -118.744000, 570.470000 
50.671900, -113.459400, 111.400000 
58.460300, -115.238300, 35.744000 
53.582200, -113.544400, 1.195000 
55.891100, -119.798600, 27.630000 
53.221500, -110.859400, 25.142000 
52.327100, -112.718300, 2474.430000 
55.556800, -110.717800, 57.700000 
58.447100, -119.238300, 54.000000 
53.601900, -111.628700, 22.133000 
53.177600, -110.969700, 25.252000 
50.751500, -113.079900, 32.556000 
51.065300, -115.221100, 68.311000 
50.227500, -113.548200, 331.470000 
55.489100, -119.750800, 238.580000 
55.069600, -110.536100, 338.810000 
52.923200, -115.107500, 340.600000 
53.593600, -113.335600, 147.300000 
53.581600, -113.599100, 1705.157000 
55.248100, -114.514000, 3290.140000 
53.402700, -117.599300, 389.113000 
50.716700, -112.983300, 49.518000 
50.671900, -110.028900, 28.530000 
57.546300, -119.112600, 257.430000 
50.058200, -110.728200, 177.088000 
51.977300, -111.173400, 213.563000 
52.908400, -115.174200, 30.350000 
55.969400, -117.575600, 57.230000 
58.997900, -118.797500, 25.725000 
53.635900, -112.019200, 176.500000 
53.345100, -114.743600, 185.480000 
52.228400, -114.397700, 365.296000 
52.632000, -112.945400, 37.773000 
52.868400, -113.666300, 91.620000 
52.212400, -113.843700, 251.807000 
52.412900, -114.407600, 35.560000 
52.734000, -113.162900, 37.220000 
52.104500, -113.077400, 165.770000 
52.515700, -113.366300, 21.723000 
55.931200, -112.047000, 98.210000 
52.872000, -113.629900, 116.980000 
54.687300, -111.944600, 101.810000 
52.104400, -110.695000, 551.111000 
53.725400, -113.193000, 276.500000 
51.977300, -110.486900, 107.970000 
53.691700, -113.614400, 3.320000 
52.843200, -111.722800, 312.840000 
53.323900, -110.262500, 40.600000 
59.117900, -118.654500, 25.293000 
57.382500, -119.778400, 43.831000 
55.640400, -110.627000, 240.290000 
52.766100, -114.285600, 10.702000 
52.774000, -113.520700, 91.390000 
53.537900, -111.785100, 377.870000 
52.857600, -113.320700, 46.950000 
53.284200, -110.012400, 4.460000 
54.560100, -111.770600, 206.340000 
52.869000, -115.101000, 253.300000 
54.025400, -110.681200, 185.100000 
52.719300, -113.617900, 47.870000 
53.607000, -112.592700, 68.560000 
51.189400, -113.937800, 47.039000 
52.028200, -110.564700, 52.209000 
52.512000, -112.999300, 22.428000 
55.273300, -114.599700, 2176.422000 
54.294500, -114.887800, 26.530000 
50.664700, -113.784200, 24.200000 
52.592000, -113.967900, 84.570000 
59.219800, -119.268700, 21.682000 
56.091500, -111.817800, 68.770000 
53.652200, -113.716400, 14.800000 
50.737400, -112.084900, 32.510000 
54.772900, -110.579000, 1107.725000 
55.706400, -118.772800, 276.900000 
54.298200, -112.824300, 76.180000 
50.040920, -110.721904, 196.050000 
53.439500, -112.589600, 77.527000 
56.603400, -115.291400, 1835.048000 
54.846700, -112.567500, 150.222000 
53.155900, -112.326700, 551.890000 
52.827500, -110.859600, 0.267000 
53.670500, -115.762200, 394.040000 
53.723500, -113.173800, 118.907000 
53.622800, -115.869400, 209.200000 
54.162500, -112.841800, 129.200000 
53.277900, -110.034300, 80.660000 
53.608100, -111.264400, 179.400000 
52.752900, -114.445400, 10.480000 
50.151100, -113.562100, 139.450000 
57.076100, -111.918900, 48.425000 
54.427200, -116.884300, 204.370000 
53.170400, -115.770500, 1.580000 
54.203400, -110.204400, 21.410000 
54.479800, -110.332600, 47.770000 
49.088900, -112.582300, 180.530000 
50.269600, -112.893800, 946.310000 
49.801900, -113.104700, 152.300000 
50.542200, -112.204700, 24.470000 
50.518700, -111.910900, 33.880000 
53.472200, -115.100000, 6.980000 
55.480300, -118.952000, 4.190000 
55.041500, -119.631000, 217.000000 
55.465600, -118.971400, 5.190000 
54.105400, -113.442700, 39.550000 
53.902300, -115.189300, 65.720000 
50.194700, -110.479700, 25.604000 
54.062600, -110.292200, 88.750000 
53.908300, -118.816700, 113.300000 
51.813700, -114.536800, 118.246000 
59.005100, -119.033200, 199.145000 
59.165100, -118.725800, 56.392000 
55.978700, -112.354900, 24.240000 
57.298900, -111.503300, 488.000000 
57.218000, -111.027000, 2480.000000 
53.740700, -113.023100, 1052.500000 
52.450100, -113.167900, 69.458000 
52.966900, -111.253100, 13.600000 
50.187500, -110.476900, 61.845000 
50.205800, -110.476900, 28.222000 
51.052000, -114.010500, 1.417000 
52.581200, -113.971000, 92.810000 
55.162300, -118.816600, 4157.000000 
55.924000, -111.896500, 20.160000 
52.333700, -111.357300, 36.567000 
52.046500, -114.588800, 49.220000 
59.095900, -118.576100, 41.250000 
52.264500, -110.570500, 87.600000 
55.991165, -112.032320, 72.930000 
54.926900, -111.936100, 117.252000 
52.515700, -113.173800, 747.146000 
55.978700, -112.217400, 25.070000 
54.785300, -117.658000, 29.280000 
53.883400, -110.041100, 352.110000 
51.526000, -113.880000, 409.781000 
52.122900, -114.403800, 31.508000 
52.308300, -113.550000, 3151.272000 
53.345800, -111.251900, 16.100000 
50.904300, -113.308500, 458.330000 
55.873200, -112.145400, 167.880000 
55.913200, -115.150400, 34.111000 
56.582500, -118.118100, 34.260000 
52.480900, -114.870200, 101.859000 
53.960200, -116.460000, 44.720000 
55.450900, -113.923000, 44.200000 
53.645100, -114.130200, 12.568000 
56.036800, -113.782500, 191.030000 
54.483500, -118.100000, 29.450000 
53.861500, -114.756100, 156.050000 
54.443600, -112.583200, 42.030000 
55.993500, -113.480500, 97.948000 
51.099300, -112.639000, 67.660000 
56.582500, -118.444700, 20.390000 
53.977100, -117.285100, 81.103000 
52.719000, -115.708000, 30.710000 
52.180900, -112.647600, 21.701000 
53.010600, -112.810000, 17.647000 
51.607100, -110.282400, 73.564000 
55.913200, -114.482200, 21.060000 
52.402900, -111.736200, 381.070000 
52.244400, -114.735500, 62.232000 
50.597600, -111.881800, 31.100000 
51.533400, -114.327100, 52.206000 
57.188000, -118.248900, 45.600000 
52.255700, -113.886000, 32.244000 
51.591800, -110.750000, 106.209000 
53.132300, -115.981700, 38.165000 
52.058000, -114.908000, 66.880000 
51.213400, -111.030000, 63.840000 
52.035300, -115.137700, 149.235000 
57.879100, -118.418300, 23.450000 
57.361200, -119.754000, 27.210000 
56.957000, -115.350900, 30.088000 
51.407800, -113.668300, 62.550000 
52.144400, -115.535000, 75.363000 
52.199300, -114.564900, 52.186000 
55.125900, -117.838000, 39.880000 
53.576900, -113.570600, 30.203000 
54.394900, -116.809000, 1727.000000 
53.952600, -112.390400, 20.900000 
50.129400, -111.908400, 120.016000 
54.402000, -112.553000, 35.630000 
55.247500, -116.641600, 160.400000 
54.829600, -118.647000, 83.430000 
56.058600, -118.161700, 40.480000 
55.040000, -115.475800, 303.359000 
52.555700, -111.805300, 207.170000 
51.935300, -112.079200, 28.070000 
53.557500, -116.547200, 194.170000 
52.395700, -115.188900, 41.492000 
51.444300, -114.527000, 23.270000 
55.432500, -116.486000, 587.125000 
52.755200, -110.747000, 56.290000 
55.698300, -118.783300, 60.670000 
53.244500, -116.238000, 78.700000 
51.068200, -115.136400, 62.153000 
52.549700, -112.579400, 151.398000 
53.862700, -110.639000, 22.100000 
51.959000, -110.767500, 161.330000 
53.927000, -114.376900, 31.850000 
50.173100, -112.718100, 22.835000 
51.015020, -114.026480, 173.492000 
51.977300, -110.988300, 21.860000 
54.334500, -110.310900, 165.064000 
54.472500, -114.812200, 156.500000 
51.400100, -114.034300, 178.144000 
50.693800, -114.330000, 62.370000 
55.720300, -119.406100, 63.191000 
52.449900, -112.566500, 39.218000 
50.583700, -113.871100, 32.579000 
51.130700, -114.009000, 44.427000 
55.858700, -113.841400, 150.620000 
55.714100, -118.830400, 107.620000 
54.897200, -117.708800, 263.410000 
54.494400, -115.957600, 132.999000 
54.083400, -110.618100, 22.240000 
58.194700, -116.350400, 2168.923000 
50.704600, -110.844000, 87.400000 
55.644000, -114.659700, 548.100000 
51.333400, -110.667500, 92.466000 
56.717000, -113.378900, 40.058000 
51.893700, -114.400400, 144.059000 
50.697800, -111.531000, 75.080000 
53.431000, -117.540600, 0.121000 
54.338200, -114.060400, 99.885000 
49.689200, -112.942000, 151.764000 
54.101800, -114.292500, 402.570000 
54.510900, -115.511700, 164.750000 
55.513100, -113.475000, 180.570000 
54.127000, -110.486500, 79.350000 
53.757500, -113.149900, 92.189000 
57.153300, -118.334500, 90.480000 
54.650900, -114.528900, 49.820000 
52.010000, -115.084100, 33.146000 
52.479300, -115.206900, 33.373000 
51.943400, -114.736000, 110.870000 
52.512000, -115.044700, 43.066000 
56.818900, -118.570000, 34.120000 
55.199400, -116.221900, 80.010000 
58.943200, -118.916800, 193.882000 
52.308200, -114.096500, 73.900000 
51.915300, -113.578100, 669.864000 
51.006900, -113.192800, 37.460000 
54.284800, -115.698000, 82.664000 
55.481900, -119.059200, 27.860000 
52.220900, -111.937300, 180.214000 
51.955400, -111.845300, 66.154000 
54.345400, -110.025800, 52.090000 
53.373100, -116.086000, 186.000000 
54.293100, -116.188300, 128.485000 
53.529649, -113.495611, 1.753000 
59.623400, -117.727200, 14.320000 
58.555500, -118.915900, 32.210000 
55.876700, -119.301100, 1350.565000 
51.649800, -110.187200, 100.060000 
53.821500, -113.490400, 203.790000 
51.926500, -114.542700, 22.971000 
54.229000, -110.348600, 78.560000 
58.568700, -119.201500, 41.190000 
52.322800, -114.020800, 69.500000 
52.235700, -111.788100, 231.027000 
54.587200, -112.803100, 3245.000000 
53.550500, -113.358900, 1128.735000 
57.351700, -111.522200, 888.884000 
57.189700, -119.054800, 363.351000 
53.091100, -111.768600, 586.300000 
51.213400, -110.336100, 25.030000 
51.058900, -115.174500, 1314.000000 
55.582700, -110.888800, 85.840000 
54.243400, -110.762300, 50.590000 
51.488700, -113.153900, 322.750000 
51.890100, -114.359100, 66.580000 
51.209800, -110.161100, 168.040000 
53.531993, -113.364925, 129.450000 
52.373700, -114.076000, 65.500000 
52.322800, -114.020800, 370.520000 
52.904700, -115.324700, 86.800000 
55.074200, -117.274200, 59.290000 
52.326500, -111.128600, 39.366000 
55.866700, -119.596700, 24.720000 
53.039700, -111.220000, 52.940000 
53.416800, -113.917700, 91.831000 
54.210700, -110.241900, 66.290000 
54.238200, -115.379700, 49.700000 
49.628100, -114.571900, 44.923000 
55.756800, -110.529800, 82.320000 
53.250200, -115.555500, 38.550000 
53.826700, -113.603300, 62.657000 
54.432500, -110.306400, 59.500000 
52.366500, -112.734900, 239.628000 
52.544800, -114.641600, 121.582000 
55.713100, -119.419200, 114.750000 
50.847000, -113.591000, 63.870000 
53.819400, -113.141900, 41.930000 
54.185400, -116.210400, 163.850000 
51.770100, -111.422000, 164.050000 
49.729139, -112.781105, 21.650000 
55.938600, -117.239400, 24.447000 
55.713100, -119.600800, 80.619000 
52.722900, -112.841600, 79.358000 
53.581900, -113.590000, 0.104000 
54.043500, -117.420000, 101.700000 
55.396400, -119.599700, 281.520000 
50.963300, -112.288300, 45.440000 
49.975700, -114.130000, 65.350000 
59.063100, -118.875700, 254.254000 
50.701100, -111.095600, 45.270000 
50.061200, -110.723000, 24.927000 
55.268600, -114.584700, 3438.510000 
50.096700, -112.125100, 36.822000 
53.736200, -113.833900, 37.290000 
52.479300, -115.206900, 159.814000 
52.926800, -111.889500, 271.970000 
53.799100, -113.080700, 66.752000 
51.024500, -114.025000, 28.800000 
51.222500, -114.495600, 248.387000 
53.890700, -117.354000, 171.490000 
51.696900, -114.475000, 398.558000 
58.518800, -117.119500, 18648.152000 
53.894300, -113.416000, 71.460000 
52.319300, -111.477600, 275.802000 
53.817200, -113.133600, 55.868000 
55.203600, -116.615600, 125.960000 
53.949000, -113.285400, 78.731000 
54.359600, -116.152900, 27.620000 
51.028800, -114.044800, 41.535000 
52.923100, -111.882500, 22.240000 
57.157300, -115.122000, 150.442000 
53.519600, -113.529000, 128.782000 
55.116400, -116.712300, 24.517000 
56.731500, -115.478100, 76.312000 
