52.309150, -113.809970, 0.319000 
50.994100, -113.958300, 24.500000 
52.308300, -113.550000, 6.532000 
53.048100, -113.921000, 2.893000 
50.747700, -114.494700, 0.429000 
54.130900, -115.546700, 1.727000 
51.534800, -114.203700, 0.059000 
55.725100, -119.399900, 0.323000 
51.191300, -113.940900, 2.230000 
53.227700, -114.988900, 124.501000 
53.572500, -113.360600, 28.408000 
52.959300, -115.893800, 1.200000 
50.086600, -110.716700, 299.599000 
53.571700, -113.349800, 13.250000 
53.593060, -116.390300, 30.067000 
54.596400, -110.395000, 0.100000 
54.524700, -116.794300, 0.632000 
50.982200, -113.974200, 0.299000 
50.845800, -113.586700, 66.610000 
53.952700, -113.078000, 0.181000 
53.570000, -113.611400, 0.867000 
56.377200, -117.175600, 263.540000 
54.572300, -115.522900, 1.272000 
50.805300, -110.034900, 4.076000 
54.833300, -118.646700, 0.156000 
53.413300, -117.570600, 369.874000 
54.923116, -112.861867, 334.220000 
55.071200, -118.691200, 53.000000 
55.269500, -114.598300, 48.244000 
54.952700, -119.195300, 0.526000 
53.204500, -116.811200, 1.000000 
53.541700, -113.391700, 0.002000 
53.841600, -113.097900, 213.080000 
52.226300, -115.177000, 1.200000 
52.758100, -114.111600, 1.200000 
52.776100, -115.660700, 1.200000 
53.733200, -113.175000, 0.096000 
53.582300, -113.588600, 161.100000 
53.421300, -113.904400, 0.334000 
53.343600, -113.526900, 1.661000 
52.553700, -111.694000, 0.289000 
55.996700, -118.533600, 0.655000 
53.250200, -115.555500, 0.218000 
54.588800, -115.862500, 0.008000 
55.913200, -115.150400, 0.140000 
55.993500, -113.480500, 0.243000 
55.199400, -116.221900, 1.666000 
53.902300, -115.189300, 1.200000 
55.074200, -117.274200, 1.204000 
51.915300, -113.578100, 0.381000 
53.571290, -113.355400, 2.915000 
51.000700, -113.965670, 7.400000 
54.238200, -115.379700, 149.540000 
54.284800, -115.698000, 0.460000 
55.041500, -119.631000, 1.073000 
51.010160, -113.964210, 5.613000 
51.400100, -114.034300, 8.984000 
52.375200, -114.921600, 23.453000 
55.029800, -118.744000, 87.200000 
53.501040, -113.489732, 11.057000 
52.327100, -112.718300, 9.250000 
50.963600, -113.976680, 0.054000 
55.432500, -116.486000, 154.625000 
56.389600, -118.950300, 0.570000 
53.340200, -113.538100, 1.002000 
53.221200, -114.993900, 1.491000 
59.063100, -118.875700, 0.605000 
51.526000, -113.880000, 0.579000 
55.162300, -118.816600, 3.849000 
51.696900, -114.475000, 2.320000 
53.504000, -113.450200, 1.408000 
58.555500, -118.915900, 0.100000 
