56.407900, -110.929200, 0.482000 
53.159500, -114.902800, 2.829000 
52.850400, -114.543500, 0.006000 
52.395700, -114.039900, 1.785000 
51.049300, -114.066200, 0.006000 
49.372800, -110.672500, 0.012000 
49.449200, -111.616700, 0.033000 
52.308400, -114.218800, 1.287000 
54.952700, -119.195300, 2.009000 
54.833300, -118.646700, 2.599000 
52.758100, -114.111600, 2.370000 
55.358300, -114.617200, 0.189000 
52.553700, -111.694000, 0.001000 
53.746900, -113.164500, 0.738000 
54.194400, -116.632200, 2.254000 
53.546800, -113.734800, 2.830000 
52.226300, -115.177000, 2.069000 
51.534800, -114.203700, 1.416000 
53.245000, -115.674300, 0.463000 
53.541700, -113.391700, 3.280000 
55.725100, -119.399900, 0.434000 
53.572500, -113.360600, 1.905000 
54.596400, -110.395000, 0.421000 
55.335900, -119.223000, 0.200000 
54.524700, -116.794300, 1.728000 
53.952700, -113.078000, 0.063000 
52.776100, -115.660700, 2.210000 
50.647500, -113.772000, 1.676000 
53.181200, -115.762500, 5.377000 
52.959300, -115.893800, 1.864000 
51.570800, -114.851700, 0.535000 
49.305200, -114.000300, 3.076000 
55.996700, -118.533600, 0.592000 
53.733200, -113.175000, 0.353000 
51.191300, -113.940900, 0.519000 
54.423300, -117.760400, 3.265000 
53.048100, -113.921000, 3.675000 
53.652000, -116.099200, 1.220000 
56.380600, -116.795000, 0.976000 
54.923116, -112.861867, 1.180000 
53.795900, -113.099600, 1.338000 
51.965500, -114.753600, 0.424000 
52.146300, -115.330000, 1.340000 
52.308300, -113.550000, 12.548000 
57.040500, -111.619200, 60.377000 
53.804200, -113.082400, 8.055000 
57.003300, -111.466100, 18.560000 
53.288500, -110.018300, 0.285000 
50.747700, -114.494700, 0.261000 
53.543100, -117.797900, 0.309000 
54.772900, -110.579000, 0.193000 
51.696900, -114.475000, 2.061000 
55.162300, -118.816600, 0.077000 
56.981400, -111.475800, 0.212000 
57.054200, -111.917200, 0.232000 
58.555500, -118.915900, 0.987000 
52.588100, -111.206100, 0.069000 
54.427200, -116.884300, 1.519000 
55.393100, -110.738300, 0.003000 
57.351700, -111.522200, 6.914000 
53.544400, -113.366200, 0.130000 
53.557500, -116.547200, 1.812000 
52.035300, -115.137700, 2.439000 
52.228400, -114.397700, 1.032000 
52.674300, -111.311600, 0.046000 
54.284800, -115.698000, 5.776000 
55.489100, -119.750800, 0.127000 
53.740700, -113.023100, 2.913000 
53.550690, -113.349600, 9.560000 
53.530040, -113.402010, 1.558000 
53.616600, -115.711100, 13.189000 
51.915300, -113.578100, 1.313000 
52.869000, -115.101000, 1.112000 
53.286400, -110.017800, 0.007000 
52.656700, -111.311900, 0.004000 
54.420500, -110.213100, 0.001000 
50.963600, -113.976680, 1.832000 
51.910600, -114.668100, 0.753000 
55.041500, -119.631000, 3.355000 
51.526000, -113.880000, 1.967000 
53.550500, -113.358900, 2.215000 
55.069600, -110.536100, 1.719000 
53.902300, -115.189300, 0.553000 
54.510900, -115.511700, 2.616000 
53.373100, -116.086000, 1.433000 
58.501200, -117.145600, 11.550000 
57.546300, -119.112600, 1.457000 
53.757500, -113.149900, 1.040000 
52.904700, -115.324700, 0.975000 
