52.308400, -114.218800, 4.805000 
52.942400, -113.511100, 227.740000 
53.737500, -113.149000, 22.128000 
52.395700, -114.039900, 6.665000 
52.857600, -113.053800, 2.341000 
53.733200, -113.175000, 56.370000 
57.040500, -111.619200, 68.919000 
52.308300, -113.550000, 174.168000 
57.003300, -111.466100, 10.040000 
53.539700, -113.409200, 244.500000 
53.804200, -113.082400, 21.699000 
53.541700, -113.391700, 6.650000 
52.385800, -113.595000, 201.090000 
56.981400, -111.462500, 0.569000 
52.212400, -113.843700, 34.087000 
51.078650, -114.017660, 4.800000 
53.530040, -113.402010, 2.559000 
