52.675900, -110.455200, 20.242000 
56.727900, -116.305700, 0.700000 
55.640300, -117.132400, 110.370000 
52.797900, -112.371400, 164.947000 
53.374300, -114.527900, 113.770000 
51.620900, -114.483500, 190.400000 
52.999100, -112.971000, 122.900000 
55.585600, -117.891600, 53.494000 
51.402600, -112.918100, 31.000000 
52.210100, -113.274300, 141.390000 
53.428700, -115.125800, 555.408000 
50.653300, -111.166100, 159.140000 
59.641800, -118.307800, 163.550000 
53.876200, -117.149000, 201.722000 
52.450400, -110.851900, 262.522000 
58.615900, -119.015700, 30.830000 
52.091000, -112.761500, 84.370000 
52.544800, -114.545200, 108.500000 
52.155700, -110.893800, 107.681000 
52.519400, -110.085200, 73.217000 
52.851400, -114.046900, 36.910000 
50.194700, -111.343700, 76.700000 
56.233200, -113.896400, 122.000000 
53.388600, -115.315800, 423.200000 
55.603900, -119.347800, 385.710000 
52.442900, -111.080500, 227.005000 
52.493700, -111.489400, 33.810000 
54.855000, -118.521900, 71.596000 
52.465000, -110.121000, 45.217000 
53.928400, -116.717200, 72.380000 
52.475700, -111.441400, 52.900000 
56.556900, -119.363900, 112.290000 
56.458600, -119.914300, 526.260000 
53.706600, -117.241000, 353.900000 
58.466800, -118.788700, 40.600000 
50.220300, -112.444200, 590.270000 
56.930900, -115.252200, 113.257000 
51.991800, -110.928600, 57.700000 
54.031100, -116.875700, 39.630000 
52.439300, -110.316400, 28.800000 
53.254000, -114.437900, 41.810000 
54.716400, -116.260900, 158.684000 
52.424800, -110.364700, 20.000000 
54.033400, -117.756900, 56.219000 
50.536900, -112.031500, 105.100000 
57.042500, -111.905000, 46.980000 
51.239700, -115.564600, 194.400000 
58.761500, -118.690400, 95.640000 
58.568700, -119.061500, 48.625000 
52.537600, -111.645900, 31.251000 
52.268400, -113.351800, 109.036000 
55.975100, -115.340100, 138.267000 
50.700700, -111.022200, 168.700000 
53.583000, -116.842000, 303.925000 
55.943900, -119.923100, 51.298000 
52.661200, -114.635400, 104.259000 
55.429200, -113.618100, 22.716000 
49.030800, -111.052700, 44.100000 
52.333700, -111.059400, 128.240000 
54.130600, -115.231400, 738.717000 
55.093800, -113.623700, 34.233000 
52.355700, -110.322500, 54.940000 
54.760400, -113.959500, 58.856000 
56.622700, -119.946500, 20.542000 
56.347100, -119.190500, 29.310000 
56.313200, -111.636200, 235.950000 
53.141200, -114.327900, 208.845000 
50.314700, -111.968400, 29.400000 
55.954200, -117.710800, 23.670000 
52.217300, -112.307300, 37.834000 
57.877200, -119.740900, 10.396000 
53.475900, -116.549400, 30.447000 
57.217500, -110.895000, 238.300000 
50.366200, -112.338500, 25.358000 
50.168300, -112.299800, 193.400000 
52.475700, -110.322500, 38.376000 
54.883700, -113.498300, 24.740000 
52.501200, -111.700100, 36.840000 
53.734200, -118.395600, 392.550000 
58.630400, -119.058200, 21.400000 
53.505100, -116.155000, 34.870000 
54.432500, -116.139700, 226.690000 
52.774000, -112.914300, 49.480000 
56.051400, -119.589200, 195.130000 
49.616400, -111.917300, 218.210000 
56.284700, -116.113000, 66.400000 
53.034200, -116.330500, 70.811000 
54.643600, -118.383500, 22.046000 
52.381200, -112.199200, 224.800000 
54.317700, -116.573000, 68.130000 
52.969200, -116.692500, 108.930000 
53.952500, -113.113900, 181.300000 
51.482600, -113.300200, 303.001000 
56.851800, -115.208100, 37.100000 
53.566900, -118.022600, 156.330000 
52.650300, -116.115300, 181.750000 
56.364200, -119.934300, 494.600000 
50.073300, -112.673700, 327.560000 
50.013100, -112.611500, 817.920000 
52.366500, -110.791600, 50.846000 
55.378300, -118.499700, 673.240000 
52.475700, -111.700100, 21.510000 
52.621200, -112.211500, 1089.144000 
53.272300, -114.725300, 57.181000 
50.398600, -112.313100, 25.300000 
55.178300, -117.509900, 100.440000 
53.228700, -114.554100, 152.659000 
52.146300, -115.330000, 9881.090000 
55.335900, -119.223000, 105.790000 
57.003300, -111.466100, 25100.370000 
50.647500, -113.772000, 2112.810000 
51.742300, -114.134500, 2513.800000 
53.721700, -113.191700, 325.599000 
53.722900, -113.174000, 261.320000 
52.776100, -115.660700, 1101.200000 
51.531700, -111.786100, 36364.000000 
51.534800, -114.203700, 406.200000 
56.380600, -116.795000, 2111.730000 
53.746900, -113.164500, 148.400000 
53.952700, -113.078000, 213.000000 
52.553700, -111.694000, 1230.993000 
52.463000, -114.346500, 70.460000 
51.570800, -114.851700, 10434.708000 
53.288500, -110.018300, 18.680000 
53.181200, -115.762500, 2765.940000 
52.758100, -114.111600, 283.500000 
54.007100, -119.104000, 2561.000000 
53.733200, -113.175000, 51.495000 
54.423300, -117.760400, 559.972000 
57.040500, -111.619200, 78322.000000 
52.959300, -115.893800, 195.800000 
53.718500, -113.183000, 0.100000 
52.564700, -112.141400, 20733.000000 
53.841600, -113.097900, 1777.480000 
52.226300, -115.177000, 1593.400000 
53.560000, -114.486200, 8664.940000 
53.204500, -116.811200, 6941.690000 
56.377200, -117.175600, 552.499000 
53.652000, -116.099200, 1078.358000 
49.713599, -112.796397, 0.097000 
53.048100, -113.921000, 239.900000 
54.923116, -112.861867, 497.310000 
53.804200, -113.082400, 2.334000 
51.039600, -114.559000, 7239.000000 
53.448700, -114.449100, 13366.520000 
54.572300, -115.522900, 1522.450000 
53.508500, -114.557100, 31143.760000 
54.130900, -115.546700, 1971.800000 
53.795900, -113.099600, 105.110000 
53.245000, -115.674300, 99.800000 
53.733200, -113.486200, 28.140000 
54.596400, -110.395000, 2201.700000 
51.191300, -113.940900, 4672.300000 
49.305200, -114.000300, 10212.400000 
55.725100, -119.399900, 468.520000 
53.344000, -114.305000, 14512.900000 
52.940400, -114.832300, 243.680000 
54.524700, -116.794300, 759.000000 
55.071200, -118.691200, 1098.400000 
55.358300, -114.617200, 6.130000 
53.546800, -113.734800, 2.930000 
58.500000, -119.416700, 247.880000 
54.833300, -118.646700, 741.820000 
50.747700, -114.494700, 2727.642000 
51.965500, -114.753600, 3209.820000 
54.194400, -116.632200, 13082.250000 
50.805300, -110.034900, 63.020000 
53.529100, -113.387500, 43.388000 
53.541700, -113.391700, 5446.368000 
51.219500, -114.645400, 2482.210000 
53.413300, -117.570600, 1688.260000 
52.308300, -113.550000, 44.514000 
58.555500, -118.915900, 259.880000 
54.538100, -115.932300, 3361.500000 
55.913200, -115.150400, 21.100000 
51.012800, -114.022000, 81.142000 
53.581600, -113.599100, 42.267000 
59.230700, -119.275900, 50.450000 
55.489100, -119.750800, 781.300000 
58.975900, -119.118700, 30.698000 
55.248100, -114.514000, 0.141000 
59.067000, -118.875900, 361.286000 
59.194300, -118.604700, 21.426000 
52.327100, -112.718300, 730.966000 
51.058900, -115.174500, 2187.000000 
59.063100, -118.875700, 945.944000 
50.471500, -111.606500, 210.820000 
52.588400, -113.161800, 26.906000 
53.557500, -116.547200, 2450.300000 
50.129400, -111.908400, 207.587000 
55.074200, -117.274200, 982.080000 
58.943200, -118.916800, 40.885000 
53.250200, -115.555500, 19.320000 
53.817200, -113.133600, 228.210000 
51.696900, -114.475000, 206.070000 
58.568700, -119.201500, 269.310000 
54.284800, -115.698000, 193.160000 
55.582700, -110.888800, 169.660000 
53.531993, -113.364925, 8.530000 
55.698300, -118.783300, 59.260000 
53.431000, -117.540600, 0.488000 
49.628100, -114.571900, 2867.800000 
53.010600, -112.810000, 0.200000 
52.255700, -113.886000, 0.364000 
54.427200, -116.884300, 3048.530000 
57.546300, -119.112600, 93.400000 
51.526000, -113.880000, 1453.780000 
51.540900, -112.841700, 209.700000 
52.412900, -114.407600, 76.600000 
55.750300, -119.684300, 181.500000 
54.185400, -116.210400, 2584.030000 
51.911800, -111.188100, 63.496000 
55.481900, -119.059200, 3132.330000 
53.821500, -113.490400, 106.265000 
54.846700, -112.567500, 0.025000 
55.069600, -110.536100, 584.690000 
52.308300, -113.550000, 1.423000 
53.529649, -113.495611, 0.013000 
52.333700, -111.357300, 128.135000 
51.915300, -113.578100, 2855.960000 
53.740700, -113.023100, 6619.500000 
53.132300, -115.981700, 2453.300000 
52.766100, -114.285600, 82.776000 
53.550500, -113.358900, 2195.314000 
53.861500, -114.756100, 21.630000 
51.682500, -111.293600, 49.830000 
55.714100, -118.830400, 466.710000 
53.582200, -113.544400, 0.009000 
53.560800, -113.415300, 86.500000 
52.479300, -110.936100, 98.890000 
52.402900, -111.736200, 23.450000 
55.040000, -115.475800, 49.374000 
52.555700, -111.805300, 987.980000 
52.079300, -110.636400, 550.442000 
52.122900, -110.570500, 71.013000 
53.472878, -113.616936, 0.011000 
51.052000, -114.010500, 0.010000 
51.649800, -110.187200, 78.555000 
55.969400, -117.575600, 67.400000 
51.056600, -115.164300, 432.070000 
54.772900, -110.579000, 701.351000 
53.645100, -114.130200, 4.831000 
52.228400, -114.397700, 221.440000 
50.061200, -110.723000, 105.999000 
52.904700, -115.324700, 8.450000 
49.725300, -112.790000, 0.005000 
53.581900, -113.590000, 0.001000 
52.421200, -110.388600, 48.764000 
51.400100, -114.034300, 3203.100000 
