51.219500, -114.645400, 47.814000 
57.040500, -111.619200, 11.444000 
53.204500, -116.811200, 199.100000 
51.570800, -114.851700, 785.784000 
55.725100, -119.399900, 12.853000 
51.191300, -113.940900, 158.801000 
51.039600, -114.559000, 398.300000 
54.833300, -118.646700, 14.713000 
49.305200, -114.000300, 166.500000 
52.146300, -115.330000, 354.611000 
53.746900, -113.164500, 0.845000 
54.194400, -116.632200, 86.610000 
50.747700, -114.494700, 120.216000 
52.226300, -115.177000, 53.620000 
52.758100, -114.111600, 1.402000 
57.003300, -111.466100, 57.970000 
52.776100, -115.660700, 1.970000 
53.557500, -116.547200, 10.322000 
54.185400, -116.210400, 76.550000 
51.526000, -113.880000, 17.061000 
54.427200, -116.884300, 39.520000 
53.132300, -115.981700, 85.074000 
57.546300, -119.112600, 0.532000 
