55.071200, -118.691200, 21.830000 
53.413300, -117.570600, 28.693000 
53.541700, -113.391700, 16.565000 
53.533000, -113.411500, 0.345000 
50.982200, -113.974200, 0.013000 
54.923116, -112.861867, 8.590000 
53.344000, -114.305000, 24.350000 
53.508500, -114.557100, 65.461000 
51.531700, -111.786100, 101.206000 
53.448700, -114.449100, 23.153000 
53.727300, -113.087100, 0.054000 
53.733200, -113.175000, 8.114000 
54.775000, -115.218600, 0.115000 
53.570000, -113.611400, 0.096000 
56.377200, -117.175600, 7.580000 
55.070600, -118.688800, 0.031000 
53.560000, -114.486200, 18.072000 
53.550500, -113.358900, 10.050000 
51.000700, -113.965670, 0.160000 
53.798900, -112.898400, 0.039000 
