53.795900, -113.099600, 1.804000 
53.413300, -117.570600, 8.375000 
52.564700, -112.141400, 21.440000 
51.531700, -111.786100, 40.479000 
56.377200, -117.175600, 4.613000 
55.071200, -118.691200, 6.850000 
53.344000, -114.305000, 8.340000 
53.541700, -113.391700, 186.548000 
51.039600, -114.559000, 46.300000 
53.508500, -114.557100, 39.109000 
53.560000, -114.486200, 12.838000 
53.841600, -113.097900, 27.060000 
51.191300, -113.940900, 0.357000 
57.040500, -111.619200, 990.528000 
53.721700, -113.191700, 6.283000 
53.448700, -114.449100, 16.785000 
57.003300, -111.466100, 389.570000 
53.550500, -113.358900, 130.221000 
