52.553700, -111.694000, 28.443000 
53.541700, -113.391700, 3.304000 
52.146300, -115.330000, 174.312000 
55.996700, -118.533600, 2.906000 
54.524700, -116.794300, 7.957000 
53.652000, -116.099200, 13.602000 
52.226300, -115.177000, 24.689000 
53.204500, -116.811200, 21.504000 
51.570800, -114.851700, 21.086000 
51.191300, -113.940900, 3.621000 
53.245000, -115.674300, 2.362000 
55.725100, -119.399900, 10.006000 
54.923116, -112.861867, 12.523000 
53.413300, -117.570600, 27.964000 
53.048100, -113.921000, 6.646000 
49.305200, -114.000300, 179.700000 
53.546800, -113.734800, 0.312000 
50.747700, -114.494700, 19.133000 
52.308300, -113.550000, 0.001000 
54.833300, -118.646700, 5.514000 
55.071200, -118.691200, 10.329000 
58.500000, -119.416700, 4.455000 
51.534800, -114.203700, 0.252000 
53.722900, -113.174000, 0.009000 
53.746900, -113.164500, 0.079000 
56.380600, -116.795000, 0.141000 
53.795900, -113.099600, 0.973000 
51.039600, -114.559000, 3.400000 
54.194400, -116.632200, 40.082000 
51.965500, -114.753600, 504.320000 
55.358300, -114.617200, 0.167000 
52.776100, -115.660700, 3.950000 
56.377200, -117.175600, 15.000000 
52.959300, -115.893800, 7.520000 
53.952700, -113.078000, 3.287000 
57.040500, -111.619200, 102.496000 
55.335900, -119.223000, 2.714000 
53.181200, -115.762500, 27.674000 
53.733200, -113.175000, 0.091000 
54.596400, -110.395000, 16.049000 
51.219500, -114.645400, 2.240000 
54.572300, -115.522900, 16.660000 
57.003300, -111.466100, 19.380000 
53.288500, -110.018300, 2.335000 
50.647500, -113.772000, 1.452000 
52.758100, -114.111600, 3.983000 
54.423300, -117.760400, 11.400000 
51.696900, -114.475000, 1.612000 
52.904700, -115.324700, 0.940000 
55.074200, -117.274200, 6.667000 
50.583700, -113.871100, 2.939000 
59.063100, -118.875700, 8.554000 
57.546300, -119.112600, 0.059000 
53.557500, -116.547200, 0.095000 
53.721800, -113.192700, 0.001000 
53.250200, -115.555500, 22.899000 
58.555500, -118.915900, 4.716000 
54.185400, -116.210400, 8.319000 
53.132300, -115.981700, 20.856000 
51.400100, -114.034300, 5.356000 
56.981400, -111.475800, 5.827000 
55.481900, -119.059200, 19.624000 
55.489100, -119.750800, 13.594000 
49.628100, -114.571900, 4.609000 
51.526000, -113.880000, 28.745000 
50.269600, -112.893800, 0.237000 
53.740700, -113.023100, 5.775000 
55.393100, -110.738300, 0.018000 
52.095600, -114.799300, 0.657000 
54.427200, -116.884300, 10.762000 
54.284800, -115.698000, 10.719000 
57.054200, -111.917200, 1.920000 
55.913200, -115.150400, 0.299000 
53.543100, -117.797900, 0.350000 
51.915300, -113.578100, 3.918000 
53.902300, -115.189300, 0.298000 
52.588100, -111.206100, 0.512000 
53.550500, -113.358900, 2.282000 
