59.641800, -118.307800, 0.095000 
50.995300, -113.973800, 0.002000 
52.292200, -113.816900, 0.413000 
54.524700, -116.794300, 0.015000 
52.553700, -111.694000, 0.003000 
50.747700, -114.494700, 0.017000 
53.288500, -110.018300, 0.162000 
53.952700, -113.078000, 0.497000 
52.146300, -115.330000, 0.310000 
54.194400, -116.632200, 0.280000 
53.421300, -113.904400, 1.018000 
55.996700, -118.533600, 0.005000 
52.959300, -115.893800, 0.541000 
52.758100, -114.111600, 0.274000 
53.795900, -113.099600, 1.924000 
57.003300, -111.466100, 59.480000 
51.965500, -114.753600, 0.277000 
52.776100, -115.660700, 0.152000 
55.725100, -119.399900, 0.052000 
55.358300, -114.617200, 0.030000 
53.746900, -113.164500, 0.030000 
51.191300, -113.940900, 0.060000 
53.546800, -113.734800, 0.090000 
51.570800, -114.851700, 0.070000 
57.040500, -111.619200, 62.676000 
53.541700, -113.391700, 2.736000 
53.652000, -116.099200, 0.262000 
53.245000, -115.674300, 0.083000 
52.226300, -115.177000, 0.116000 
51.696900, -114.475000, 0.087000 
49.628100, -114.571900, 0.024000 
53.250200, -115.555500, 0.291000 
57.546300, -119.112600, 0.110000 
53.550500, -113.358900, 6.300000 
55.199400, -116.221900, 0.001000 
50.959200, -113.981200, 0.041000 
53.527200, -113.354800, 0.063000 
53.340200, -113.538100, 0.001000 
53.544400, -113.366200, 0.031000 
50.963600, -113.976680, 0.103000 
53.557500, -116.547200, 0.021000 
54.510900, -115.511700, 0.352000 
53.530040, -113.402010, 0.278000 
