49.697836, -112.821799, 5.809000 
55.309200, -119.205800, 54.670000 
49.698011, -112.823139, 0.447000 
53.574200, -116.646900, 27.100000 
54.416000, -115.636200, 27.880000 
51.411700, -114.027600, 50.000000 
53.561500, -116.577900, 276.468000 
53.024700, -115.531100, 28.470000 
52.050100, -112.728300, 30.200000 
55.258300, -114.588300, 24.270000 
54.387000, -116.966700, 41.570000 
49.516600, -112.517500, 77.608000 
49.488900, -113.955100, 11.000000 
52.942400, -113.511100, 63.630000 
49.731100, -113.460100, 34.139000 
49.833300, -111.699800, 80.729000 
52.213700, -114.308200, 58.380000 
56.857000, -111.441500, 61.569000 
50.995300, -113.973800, 0.050000 
49.229200, -114.029100, 7.608000 
52.981500, -112.707700, 59.181000 
51.741900, -113.258100, 77.719000 
52.349900, -110.266600, 47.246000 
51.176500, -114.194900, 47.396000 
53.575400, -113.624100, 170.978000 
54.162360, -115.733900, 38.259000 
55.318300, -116.491800, 34.580000 
55.129200, -118.831100, 110.823000 
49.701100, -112.787800, 52.832000 
50.566600, -111.899900, 51.827000 
53.346200, -113.517200, 20.075000 
53.558800, -113.473700, 32.717000 
51.148400, -114.025100, 22.034000 
50.086600, -110.716700, 50.369000 
53.733200, -113.175000, 79.402000 
57.003300, -111.466100, 539.640000 
53.288500, -110.018300, 4.147000 
57.040500, -111.619200, 2799.000000 
53.560000, -114.486200, 946.743000 
53.539700, -113.409200, 13.850000 
55.269500, -114.598300, 204.687000 
53.572500, -113.360600, 46.648000 
53.571700, -113.349800, 139.032000 
51.570800, -114.851700, 3.251000 
53.529100, -113.387500, 151.502000 
54.596400, -110.395000, 64.224000 
52.033030, -113.938910, 62.843000 
53.227700, -114.988900, 287.833000 
53.593060, -116.390300, 149.780000 
53.181200, -115.762500, 5.320000 
50.846700, -113.581170, 50.840000 
53.413300, -117.570600, 410.960000 
54.923116, -112.861867, 417.210000 
53.795900, -113.099600, 11.075000 
49.789400, -112.126100, 181.800000 
54.194400, -116.632200, 30.300000 
53.804200, -113.082400, 19.669000 
55.071200, -118.691200, 188.992000 
50.675600, -110.025000, 452.404000 
51.219500, -114.645400, 3.226000 
52.496000, -114.988000, 2.004000 
51.742300, -114.134500, 1.455000 
54.007100, -119.104000, 545.000000 
51.531700, -111.786100, 878.185000 
52.564700, -112.141400, 1104.684000 
50.845800, -113.586700, 105.800000 
53.344000, -114.305000, 1254.471000 
56.380600, -116.795000, 13.665000 
52.308300, -113.550000, 461.523000 
52.146300, -115.330000, 6.160000 
53.048100, -113.921000, 24.297000 
52.385800, -113.595000, 39.510000 
49.305200, -114.000300, 20.481000 
51.039600, -114.559000, 16.000000 
53.448700, -114.449100, 748.382000 
51.965500, -114.753600, 16.050000 
49.713599, -112.796397, 5.719000 
53.722900, -113.174000, 0.080000 
53.541700, -113.391700, 377.378000 
53.508500, -114.557100, 3095.131000 
53.841600, -113.097900, 620.780000 
53.721700, -113.191700, 33.134000 
53.089200, -116.805900, 38.600000 
52.758100, -114.111600, 20.790000 
56.377200, -117.175600, 182.330000 
53.204500, -116.811200, 19.233000 
53.066500, -117.404800, 28.780000 
51.024500, -114.025000, 39.800000 
52.766100, -114.285600, 0.578000 
50.583700, -113.871100, 23.476000 
58.194700, -116.350400, 18.362000 
51.052000, -114.010500, 0.032000 
53.725400, -113.193000, 83.990000 
57.218000, -111.027000, 21.000000 
53.582200, -113.544400, 0.027000 
53.571300, -113.339300, 55.611000 
51.007900, -114.051300, 22.125000 
49.725300, -112.790000, 0.015000 
55.268600, -114.584700, 18.463000 
49.701943, -112.803037, 44.060000 
53.559040, -113.693580, 30.519000 
54.587200, -112.803100, 27.500000 
53.565150, -113.364550, 21.574000 
58.518800, -117.119500, 216.681000 
53.651700, -113.265800, 96.116000 
54.238200, -115.379700, 111.400000 
58.501200, -117.145600, 244.000000 
53.010600, -112.810000, 13.720000 
49.784800, -112.151000, 5.050000 
53.728270, -113.235520, 39.103000 
51.154200, -114.187700, 47.714000 
51.068200, -115.136400, 215.145000 
51.028800, -114.044800, 24.352000 
53.862700, -110.639000, 23.500000 
53.581900, -113.590000, 0.003000 
53.943200, -113.596900, 126.000000 
50.597600, -111.881800, 33.050000 
53.740700, -113.023100, 98.500000 
53.529649, -113.495611, 0.040000 
57.351700, -111.522200, 20.418000 
55.029800, -118.744000, 395.180000 
51.020210, -114.019246, 27.793000 
52.940500, -112.721400, 41.950000 
55.757600, -118.696700, 65.439000 
53.581600, -113.599100, 153.488000 
53.550100, -113.775600, 48.800000 
53.347100, -110.838200, 120.333000 
53.283800, -110.031900, 29.499000 
55.736900, -117.185800, 51.132000 
55.432500, -116.486000, 460.788000 
51.015020, -114.026480, 24.020000 
52.375200, -114.921600, 114.626000 
52.095600, -114.799300, 6.465000 
51.058900, -115.174500, 830.400000 
52.308300, -113.550000, 632.702000 
52.255700, -113.886000, 24.544000 
51.400100, -114.034300, 10.716000 
53.501040, -113.489732, 25.178000 
53.431000, -117.540600, 0.016000 
54.846700, -112.567500, 0.424000 
53.645100, -114.130200, 9.996000 
53.723500, -113.173800, 16.966000 
53.550500, -113.358900, 157.965000 
55.162300, -118.816600, 71.900000 
50.058200, -110.728200, 687.707000 
56.389600, -118.950300, 12.783000 
53.472878, -113.616936, 0.036000 
51.056600, -115.164300, 153.585000 
50.040920, -110.721904, 30.820000 
51.065300, -115.221100, 18.920000 
54.772900, -110.579000, 35.513000 
