55.071200, -118.691200, 0.004890 
57.040500, -111.619200, 0.011710 
53.448700, -114.449100, 0.012490 
53.344000, -114.305000, 0.037000 
53.529100, -113.387500, 0.013383 
54.596400, -110.395000, 0.036359 
54.923116, -112.861867, 0.005140 
53.541700, -113.391700, 0.016271 
53.722900, -113.174000, 0.000046 
53.795900, -113.099600, 0.004559 
54.144400, -115.691700, 0.000540 
53.413300, -117.570600, 0.005753 
54.775000, -115.218600, 0.000144 
53.560000, -114.486200, 0.006608 
53.508500, -114.557100, 0.067848 
56.377200, -117.175600, 0.003735 
53.581600, -113.599100, 0.000004 
51.068200, -115.136400, 0.000142 
54.772900, -110.579000, 0.013971 
53.550500, -113.358900, 0.011840 
55.248100, -114.514000, 0.000258 
