50.846700, -113.581170, 21.100000 
49.789400, -112.126100, 29.800000 
56.380600, -116.795000, 0.008000 
53.448700, -114.449100, 0.714000 
53.413300, -117.570600, 57.920000 
50.086600, -110.716700, 2230.295000 
55.071200, -118.691200, 67.315000 
53.204500, -116.811200, 6.935000 
53.560000, -114.486200, 0.108000 
53.841600, -113.097900, 2270.540000 
54.923116, -112.861867, 81.450000 
53.721700, -113.191700, 19.450000 
54.144400, -115.691700, 0.158000 
56.377200, -117.175600, 113.965000 
53.571700, -113.349800, 47.433000 
52.322100, -113.516600, 53.549000 
57.040500, -111.619200, 1403.791000 
50.845800, -113.586700, 1446.300000 
53.541700, -113.391700, 0.008000 
53.628800, -113.307700, 61.000000 
53.560800, -113.415300, 209.500000 
53.319300, -113.518000, 1.143000 
50.583700, -113.871100, 7.653000 
50.912700, -114.011800, 54.348000 
51.000700, -113.965670, 0.003000 
51.012800, -114.022000, 294.891000 
53.719000, -113.205600, 12.540000 
51.075800, -115.338300, 5.140000 
53.725400, -113.193000, 567.540000 
53.721800, -113.192700, 157.821000 
50.597600, -111.881800, 6.580000 
52.308800, -113.790000, 30.000000 
51.026100, -113.387800, 3.040000 
53.740700, -113.023100, 0.131000 
