58.550400, -117.426700, 3.530000 
53.163200, -115.416100, 0.600000 
53.388600, -115.285000, 0.520000 
54.127300, -110.890400, 0.557000 
53.868700, -110.202400, 1.057000 
55.047300, -110.577800, 3.470000 
56.233200, -113.896400, 2.650000 
54.902000, -115.209200, 3.150000 
53.561500, -116.577900, 152.452000 
50.006500, -114.146000, 0.980000 
54.505300, -116.450600, 2.092000 
53.315900, -114.982200, 1.063000 
50.711500, -112.394000, 1.050000 
53.020800, -112.949800, 2.739000 
53.054000, -114.933300, 3.887000 
56.513900, -115.606000, 1.860000 
53.603400, -115.939400, 0.500000 
53.499300, -116.805300, 1.123000 
54.268900, -111.143600, 0.554000 
51.853600, -114.749900, 0.612000 
56.546200, -115.251500, 4.300000 
56.891000, -112.671500, 0.669000 
52.155700, -113.387700, 0.609000 
49.569200, -112.149200, 1.550000 
57.346400, -119.099000, 0.500000 
55.069400, -113.313900, 1.086000 
50.770500, -111.098100, 0.610000 
49.521900, -112.139500, 0.570000 
50.511400, -111.289400, 0.739000 
50.631500, -112.237600, 0.780000 
54.760400, -113.959500, 2.304000 
50.471500, -111.652300, 1.839000 
57.560800, -119.521200, 0.600000 
54.541800, -117.884100, 0.996000 
58.081200, -117.635600, 1.210000 
54.161300, -117.665100, 0.564000 
52.941600, -114.418200, 0.783000 
58.683300, -118.670000, 0.594000 
56.982800, -118.305800, 0.510000 
51.290200, -113.992400, 1.100000 
55.432800, -114.807200, 0.678000 
54.647300, -115.495800, 2.850000 
56.120400, -115.932700, 0.551000 
55.327600, -115.014200, 1.240000 
51.635300, -112.531400, 1.177000 
53.843400, -112.979700, 0.600000 
56.542200, -119.365300, 0.550000 
52.475700, -111.441400, 0.620000 
56.243400, -119.068000, 0.600000 
54.130700, -115.765300, 1.300000 
56.199000, -110.675100, 1.045000 
53.706600, -115.976300, 1.430000 
55.441300, -116.773800, 1.126000 
52.017300, -113.148800, 1.390000 
54.541800, -110.408400, 0.569000 
54.792900, -115.521700, 4.650000 
54.854500, -111.802000, 0.520000 
54.687300, -117.588700, 0.969000 
52.675900, -110.455200, 2.463000 
53.583000, -116.842000, 2.648000 
54.949300, -110.622600, 3.480000 
51.871800, -112.887600, 0.580000 
54.528700, -117.464200, 0.785000 
54.232500, -116.611500, 0.607000 
54.363300, -116.624000, 1.008000 
56.727900, -116.305700, 3.773000 
56.302200, -112.309400, 0.592000 
50.609400, -113.706700, 0.760000 
52.552000, -110.508900, 0.710000 
59.601800, -117.409700, 1.407000 
56.648300, -115.705700, 1.770000 
56.546600, -115.293500, 3.262000 
52.275700, -114.218800, 0.540000 
51.795400, -110.033300, 1.440000 
55.603900, -119.347800, 1.176000 
52.337300, -110.166100, 1.870000 
52.115700, -110.983100, 1.020000 
50.002600, -111.695600, 3.030000 
50.718600, -111.322200, 3.734000 
53.170400, -114.884200, 3.482000 
54.418100, -116.362000, 1.506000 
51.501500, -112.643700, 1.780000 
52.359300, -114.713800, 0.820000 
53.428700, -115.125800, 6.012000 
50.173400, -112.395600, 0.709000 
50.443500, -113.952200, 0.520000 
49.205300, -111.037700, 0.570000 
52.690300, -112.210000, 1.050000 
56.706200, -110.377600, 1.820000 
54.387000, -116.966700, 41.570000 
54.702500, -112.900400, 1.059000 
53.090400, -115.245000, 7.172000 
56.280700, -116.119100, 6.340000 
51.333400, -112.718400, 0.640000 
53.974300, -114.923900, 0.470000 
54.209200, -113.773700, 0.694000 
49.656400, -112.166200, 1.445000 
59.641800, -118.307800, 2.877000 
51.868200, -110.139700, 0.698000 
55.309200, -119.205800, 54.670000 
50.485900, -111.702200, 2.890000 
58.568700, -119.061500, 1.605000 
56.913500, -112.765900, 1.192000 
53.246800, -115.391700, 1.767000 
58.081200, -117.828800, 0.851000 
50.333700, -111.434000, 0.650000 
50.103900, -110.864700, 1.074000 
55.254700, -118.917800, 0.830000 
50.766500, -111.946400, 1.860000 
55.956800, -115.346800, 2.660000 
50.358700, -111.755900, 0.710000 
53.706600, -117.241000, 1.750000 
50.987900, -111.741500, 0.506000 
50.522300, -111.652300, 2.615000 
52.042900, -114.588800, 0.790000 
55.710300, -116.604200, 2.219000 
54.974300, -117.285800, 29.580000 
51.337000, -112.712600, 0.650000 
57.004500, -113.188600, 6.396000 
53.574200, -116.646900, 27.100000 
54.127000, -114.655800, 0.610000 
52.028200, -114.809600, 0.836000 
52.610400, -114.821800, 5.066000 
50.889400, -113.406800, 0.570000 
54.416000, -115.636200, 27.880000 
52.999100, -112.971000, 1.800000 
53.770600, -117.601400, 0.833000 
52.797900, -112.371400, 2.104000 
50.897000, -111.693700, 2.999000 
58.601100, -118.787200, 16.040000 
51.402800, -112.918100, 0.720000 
54.548100, -117.411400, 0.508000 
52.843100, -115.604700, 0.524000 
52.050100, -112.728300, 30.200000 
51.027000, -114.018600, 4.920000 
50.009200, -110.847500, 1.639000 
53.024700, -115.531100, 28.470000 
53.192300, -115.293900, 4.380000 
55.258300, -114.588300, 24.270000 
52.537600, -111.645900, 0.764000 
50.689500, -111.554800, 2.257000 
53.035900, -114.554100, 0.601000 
51.180450, -113.937280, 6.018000 
55.265600, -114.601400, 0.631000 
52.890400, -114.865000, 0.672000 
49.936700, -111.406500, 8.300000 
55.218300, -118.609100, 0.640000 
49.470800, -112.173400, 0.590000 
50.051800, -111.662400, 3.698000 
54.800000, -119.106100, 1.310000 
50.587900, -111.815100, 0.980000 
53.388600, -115.315800, 2.040000 
50.711900, -111.057400, 0.540000 
53.512300, -115.611900, 0.660000 
54.294400, -111.306700, 0.677000 
56.134800, -113.201300, 3.830000 
55.138300, -118.666900, 1.410000 
56.622700, -119.946500, 1.113000 
55.830300, -116.673400, 2.453000 
55.146800, -114.517100, 0.618000 
50.194700, -111.343700, 1.520000 
54.454400, -119.091700, 1.010000 
55.269300, -114.608900, 0.549000 
53.515900, -114.725300, 1.274000 
57.931900, -117.835000, 0.900000 
54.894400, -111.813900, 0.761000 
50.675000, -113.452200, 1.702000 
50.889500, -111.184200, 0.670000 
50.271100, -111.468400, 3.520000 
52.755600, -111.282200, 0.778000 
50.860700, -111.126500, 2.290000 
51.065100, -114.130500, 0.595000 
54.436100, -118.743800, 2.220000 
49.900300, -111.817000, 0.600000 
54.370800, -116.874800, 1.064000 
50.984300, -113.444300, 0.600000 
55.800300, -119.677500, 0.880000 
50.427600, -112.462300, 3.020000 
53.181200, -114.486800, 0.745000 
51.213300, -111.355600, 0.841000 
52.286500, -114.970800, 2.790000 
56.924300, -115.909600, 2.880000 
51.991800, -110.928600, 2.430000 
52.915800, -113.022500, 1.508000 
55.763900, -119.419200, 0.630000 
50.245900, -111.296200, 2.080000 
55.432900, -111.219800, 0.525000 
53.714300, -110.747300, 0.678000 
55.785800, -119.380300, 0.500000 
55.516700, -119.458100, 1.410000 
54.472500, -115.652800, 0.670000 
53.428700, -116.722200, 2.830000 
57.059400, -112.842800, 0.738000 
52.472000, -110.093900, 0.880000 
52.936200, -114.160900, 0.506000 
50.191900, -111.301800, 1.995000 
51.755400, -112.330900, 0.514000 
56.313200, -111.636200, 10.580000 
50.485900, -111.451200, 0.910000 
55.509300, -114.146900, 1.557000 
53.064700, -116.436900, 1.102000 
57.418900, -119.675000, 1.435000 
56.300000, -119.097900, 1.773000 
55.619600, -119.503300, 0.664000 
55.585600, -117.891600, 1.273000 
55.691200, -111.275900, 2.430000 
52.188200, -114.344100, 1.306000 
52.461400, -114.346900, 0.851000 
54.348900, -119.463300, 2.500000 
55.843900, -111.090000, 0.610000 
51.581600, -113.840400, 0.627000 
50.573100, -111.177500, 0.700000 
55.586800, -119.433800, 0.710000 
50.333200, -111.732800, 1.425000 
51.766200, -111.963700, 0.510000 
53.163100, -117.017800, 0.772000 
50.700700, -110.478000, 1.070000 
54.033400, -117.756900, 14.230000 
50.755100, -112.162300, 0.700000 
51.897200, -115.040200, 0.788000 
54.705300, -116.210400, 0.851000 
55.520400, -113.781100, 1.039000 
54.612500, -118.214300, 1.709000 
57.374300, -119.234900, 1.577000 
55.769300, -118.567800, 0.761000 
50.438700, -111.284800, 1.370000 
50.700600, -110.772500, 0.560000 
55.975100, -115.340100, 1.721000 
55.694100, -113.599400, 0.720000 
55.633700, -119.575000, 0.558000 
55.640300, -117.132400, 0.530000 
53.374300, -114.527900, 2.630000 
51.411700, -114.027600, 50.000000 
49.521900, -112.859000, 0.995000 
54.538100, -119.066400, 2.350000 
50.223900, -110.761900, 2.350000 
51.504500, -114.068500, 0.715000 
56.407900, -110.929200, 2.870000 
51.531300, -113.276300, 1.420000 
51.642600, -113.337700, 1.860000 
57.851600, -119.158100, 1.119000 
56.930900, -115.252200, 0.647000 
54.627000, -117.464200, 6.263000 
50.220300, -112.444200, 0.625000 
55.767500, -118.126400, 0.540000 
51.901800, -113.568700, 0.610000 
58.466800, -118.788700, 3.290000 
50.282400, -110.468900, 0.560000 
54.855000, -118.521900, 1.052000 
53.215900, -116.497000, 0.558000 
50.224000, -110.037500, 0.560000 
56.281800, -119.166800, 0.678000 
52.210100, -113.274300, 1.197000 
58.754000, -118.973200, 0.700000 
52.464800, -114.346800, 1.626000 
50.591500, -111.780300, 0.794000 
50.398600, -110.503300, 2.920000 
51.126200, -112.359500, 1.210000 
54.419600, -117.293100, 1.480000 
55.684000, -115.094500, 0.954000 
50.267600, -111.330600, 0.938000 
51.439000, -112.054500, 0.630000 
53.188700, -115.642200, 0.970000 
52.221100, -112.418700, 1.454000 
50.998700, -112.464500, 0.590000 
51.529700, -112.136700, 0.460000 
49.943900, -111.811500, 0.905000 
54.130600, -115.231400, 3.188000 
50.114700, -111.674500, 0.865000 
50.253200, -111.319200, 0.950000 
54.447400, -117.523700, 0.646000 
57.338900, -119.657100, 1.096000 
58.761500, -118.690400, 0.950000 
52.090700, -112.766700, 3.078000 
50.049200, -111.645900, 1.579000 
55.243600, -118.917800, 1.230000 
49.914900, -112.361400, 0.493000 
56.095100, -113.448600, 7.190000 
53.178600, -112.537000, 0.635000 
52.217300, -112.307300, 0.962000 
52.599300, -113.083800, 0.501000 
49.118100, -113.637100, 0.786000 
53.337800, -111.243900, 0.926000 
50.336800, -111.169800, 1.795000 
50.700700, -111.022200, 0.870000 
49.698011, -112.823139, 0.115000 
50.522300, -111.359500, 0.642000 
50.675000, -111.044400, 1.260000 
50.314700, -111.968400, 2.110000 
50.631500, -111.022200, 4.960000 
49.697836, -112.821799, 2.739000 
52.424800, -110.364700, 1.300000 
55.862200, -119.589200, 1.211000 
57.066200, -118.031700, 2.724000 
53.126800, -111.043000, 0.970000 
55.943900, -119.923100, 0.170000 
50.536900, -112.031500, 0.880000 
56.098600, -119.288100, 1.525000 
53.148600, -111.195000, 1.350000 
56.302200, -119.901200, 0.938000 
54.581700, -115.982900, 1.739000 
55.472800, -119.127200, 0.590000 
52.140800, -112.157200, 0.756000 
52.093600, -115.143800, 0.502000 
52.108200, -110.976400, 2.240000 
54.632500, -118.845300, 1.003000 
54.716400, -116.260900, 1.120000 
54.965100, -119.306800, 1.941000 
52.333700, -111.059400, 3.968000 
50.289400, -112.007500, 0.930000 
56.091600, -111.039700, 0.528000 
57.042500, -111.905000, 15.699000 
55.352900, -110.627800, 1.065000 
57.502800, -118.745700, 4.934000 
53.997000, -111.569200, 0.892000 
50.202700, -110.661300, 0.773000 
50.165900, -110.089100, 1.236000 
50.294200, -110.593500, 0.545000 
52.086500, -110.308000, 4.646000 
52.355700, -110.322500, 2.134000 
55.750400, -119.787600, 0.977000 
57.338900, -118.460000, 1.339000 
50.940600, -111.880600, 0.530000 
53.054000, -110.787500, 0.740000 
55.327500, -119.007800, 1.270000 
53.254000, -113.048200, 1.019000 
51.495900, -114.210100, 0.718000 
49.998300, -111.680100, 4.058000 
56.368500, -115.360700, 0.725000 
51.762600, -110.139700, 0.517000 
51.552600, -111.632500, 0.900000 
52.442900, -111.080500, 3.153000 
53.479400, -115.130800, 1.400000 
52.091000, -112.761500, 1.980000 
52.224500, -110.349700, 0.890000 
50.795100, -112.017800, 1.610000 
52.326500, -114.515200, 0.998000 
51.637100, -112.865800, 0.810000 
53.370300, -114.397500, 0.690000 
54.383000, -116.065700, 1.891000 
52.197100, -114.367700, 1.140000 
51.042300, -111.298100, 0.560000 
54.509700, -110.909900, 0.805000 
52.260900, -114.379900, 0.844000 
52.155700, -110.893800, 4.985000 
54.798600, -114.203400, 0.807000 
51.726200, -114.436000, 0.749000 
54.668900, -118.908300, 0.606000 
51.566200, -111.555100, 0.614000 
52.650400, -115.080800, 1.363000 
52.851400, -114.046900, 1.180000 
52.727800, -113.270100, 0.530000 
54.963600, -117.670700, 1.318000 
53.625000, -117.782300, 0.700000 
53.052300, -113.692600, 0.840000 
56.069400, -119.877200, 0.750000 
54.258200, -114.580800, 0.996000 
52.923200, -110.767700, 1.412000 
56.135000, -113.028300, 1.797000 
49.958300, -113.556600, 0.700000 
50.653300, -111.166100, 1.660000 
54.472500, -117.460800, 1.283000 
50.176700, -113.664900, 0.700000 
58.073200, -118.762000, 0.585000 
50.801900, -111.007800, 0.550000 
56.590200, -115.878400, 3.033000 
50.915100, -112.451700, 2.050000 
50.758700, -112.498100, 1.200000 
51.552500, -111.490600, 0.570000 
50.893400, -112.174000, 0.710000 
58.305400, -118.888000, 0.516000 
51.176900, -112.055300, 1.110000 
52.465000, -110.121000, 1.580000 
50.337100, -111.513600, 1.612000 
52.450400, -110.851900, 4.248000 
52.358000, -114.324100, 1.110000 
52.486400, -114.490000, 0.500000 
52.490100, -114.021800, 1.064000 
52.926700, -113.998900, 0.950000 
51.739900, -113.351900, 0.510000 
50.675000, -111.762200, 0.510000 
57.200900, -112.905700, 2.321000 
53.210400, -116.045800, 0.600000 
55.945800, -118.888600, 2.000000 
51.024500, -111.642800, 1.010000 
55.254700, -118.930800, 1.710000 
53.574300, -116.241400, 0.500000 
56.880600, -114.757200, 1.280000 
53.228700, -115.104400, 2.288000 
56.796900, -114.349300, 1.020000 
55.639400, -118.984300, 0.654000 
58.615900, -119.015700, 1.090000 
56.833400, -113.112100, 1.201000 
55.519900, -119.349500, 0.520000 
54.392500, -117.595400, 1.580000 
53.181200, -114.994400, 0.966000 
57.888400, -118.608700, 1.237000 
52.260500, -113.816600, 0.628000 
52.366300, -114.963000, 1.330000 
52.696000, -111.198200, 0.853000 
57.066100, -114.777500, 9.810000 
50.918700, -113.528500, 0.840000 
56.215000, -110.968100, 0.700000 
52.868400, -115.453300, 2.000000 
57.251800, -112.498500, 0.710000 
53.989000, -116.950100, 0.919000 
50.715500, -110.953700, 2.895000 
53.017800, -116.198600, 1.000000 
57.309200, -114.856300, 0.720000 
51.162600, -112.318700, 1.857000 
55.433300, -116.483200, 1.440000 
56.960600, -114.716900, 1.540000 
52.287400, -113.539200, 1.201000 
53.056300, -116.114000, 0.580000 
55.294800, -110.795100, 1.400000 
51.708200, -114.388800, 0.532000 
50.736800, -113.325700, 0.688000 
52.544800, -114.545200, 0.600000 
52.519400, -110.085200, 1.872000 
52.708400, -114.446600, 0.680000 
53.225100, -114.034600, 0.824000 
55.651800, -111.084400, 1.347000 
53.825000, -115.556700, 0.670000 
54.099600, -117.535500, 0.600000 
55.631500, -112.189600, 1.071000 
54.772300, -116.680400, 0.680000 
55.666900, -117.761600, 1.124000 
52.285500, -113.848500, 1.089000 
57.295300, -115.546100, 0.670000 
53.101200, -114.761900, 0.500000 
55.334700, -119.405300, 1.222000 
57.320900, -118.063600, 0.589000 
54.323400, -115.677500, 3.133000 
52.359300, -113.715200, 0.930000 
53.089800, -110.715000, 0.500000 
56.364200, -119.934300, 3.620000 
53.577900, -116.599000, 1.200000 
53.022200, -116.520800, 0.530000 
55.491100, -118.082400, 0.810000 
53.918400, -117.297000, 0.550000 
55.363900, -119.831100, 0.570000 
56.223300, -119.570800, 0.550000 
53.799800, -116.092200, 0.780000 
52.969200, -116.692500, 2.660000 
52.830300, -116.272200, 1.200000 
52.890700, -110.252700, 1.140000 
52.188200, -110.988300, 3.748000 
56.440600, -119.775700, 0.690000 
52.097300, -114.755700, 1.177000 
53.792300, -114.613000, 0.871000 
55.633200, -115.944800, 3.673000 
53.483200, -115.526400, 0.581000 
53.305100, -115.691100, 0.652000 
56.051400, -119.589200, 1.210000 
50.169400, -112.501500, 1.600000 
55.494700, -116.320000, 0.730000 
53.385100, -115.612800, 0.971000 
55.378300, -118.499700, 1.160000 
55.382000, -111.760100, 0.718000 
55.458400, -116.165600, 2.930000 
52.031800, -112.629500, 0.571000 
54.359700, -118.756300, 1.090000 
52.792000, -112.562700, 0.898000 
54.465400, -113.221600, 0.610000 
50.073300, -112.673700, 0.950000 
50.168300, -112.299800, 3.350000 
55.338100, -118.536700, 1.140000 
50.013100, -112.611500, 4.830000 
53.847000, -114.619400, 0.796000 
55.749400, -119.562000, 0.530000 
53.484800, -115.607600, 0.577000 
55.070800, -118.695000, 1.420000 
53.346200, -113.517200, 20.075000 
54.690800, -115.704500, 0.790000 
56.251400, -119.960600, 0.648000 
52.963200, -114.634600, 0.813000 
50.367600, -111.908400, 1.614000 
51.489800, -112.888700, 0.657000 
52.479300, -111.567800, 0.658000 
50.314700, -112.967800, 0.924000 
58.484800, -119.362300, 1.015000 
54.170700, -114.367500, 0.919000 
56.138700, -117.042700, 0.645000 
54.836500, -115.387800, 0.663000 
52.381200, -112.199200, 4.218000 
53.221400, -116.644700, 0.983000 
54.290800, -118.493200, 1.010000 
51.369700, -114.985200, 1.201000 
53.174000, -114.554100, 0.948000 
53.575400, -113.624100, 121.373000 
53.714800, -113.190000, 0.788000 
55.276400, -118.699200, 1.124000 
50.873400, -114.006600, 1.078000 
55.338300, -118.872800, 1.124000 
52.795700, -110.549400, 0.510000 
57.466400, -119.255400, 0.640000 
53.228700, -114.554100, 1.610000 
58.568700, -119.334300, 0.692000 
56.519000, -115.517800, 0.502000 
54.352500, -118.587100, 0.881000 
51.157000, -114.193200, 0.845000 
55.713200, -115.905600, 3.146000 
52.192000, -114.111300, 0.531000 
53.727000, -114.631700, 0.597000 
52.708400, -110.191600, 0.520000 
54.668900, -117.651600, 1.200000 
50.431200, -111.589200, 2.675000 
51.569700, -114.985200, 6.230000 
52.886800, -110.440200, 0.830000 
54.720000, -117.114300, 2.186000 
56.429800, -116.363500, 0.754000 
49.731100, -113.460100, 19.526000 
54.690800, -117.120600, 0.580000 
56.495700, -115.604300, 5.564000 
50.318600, -113.019500, 0.609000 
52.366500, -110.791600, 0.821000 
56.527900, -115.311500, 0.600000 
53.737500, -113.149000, 7.083000 
54.338100, -116.580100, 0.832000 
54.454400, -116.785600, 0.655000 
53.894300, -115.570300, 0.900000 
55.829400, -119.052200, 1.133000 
49.709466, -112.781685, 0.593000 
55.007200, -116.873400, 5.509000 
56.242200, -117.325200, 8.476000 
50.154700, -112.461600, 1.138000 
57.877300, -118.416500, 0.717000 
49.896400, -111.765600, 2.425000 
54.214400, -116.530100, 0.700000 
52.942400, -113.511100, 63.360000 
54.385300, -118.624900, 4.240000 
52.628400, -110.136100, 0.580000 
52.042800, -114.958800, 1.319000 
53.527000, -113.387700, 2.470000 
53.484800, -115.607600, 1.356000 
51.900900, -111.608400, 1.100000 
50.889400, -114.761800, 0.510000 
55.745800, -119.620300, 0.570000 
49.229200, -114.029100, 6.110000 
55.320300, -118.762000, 1.030000 
52.210300, -110.496000, 0.982000 
58.368300, -118.990000, 0.985000 
54.283300, -116.417300, 0.666000 
51.135900, -114.144900, 1.697000 
55.129200, -118.831100, 69.145000 
51.166200, -114.211400, 0.719000 
51.176500, -114.194900, 22.569000 
50.227500, -113.255100, 0.854000 
56.517000, -116.045500, 4.674000 
53.137600, -114.358500, 2.760000 
52.679300, -110.155200, 1.660000 
49.449200, -113.848500, 1.490000 
50.556100, -114.236300, 1.900000 
52.875700, -111.422500, 0.830000 
56.666700, -111.345100, 6.720000 
53.152300, -115.501700, 1.194000 
51.599900, -115.356900, 1.915000 
49.488900, -113.955100, 8.760000 
51.148400, -114.025100, 10.492000 
53.558800, -113.473700, 15.579000 
50.575600, -113.834900, 0.610000 
49.969200, -110.586600, 0.503000 
52.902800, -113.608300, 0.540000 
53.333710, -113.534620, 0.654000 
51.411700, -114.027000, 9.530000 
54.989300, -111.489500, 0.693000 
49.980300, -111.760100, 0.560000 
49.936700, -111.737300, 0.609000 
50.632100, -111.570200, 0.510000 
52.208200, -110.559700, 1.070000 
55.025600, -118.680200, 0.800000 
50.115100, -111.843800, 0.510000 
53.475900, -116.549400, 0.721000 
51.231500, -112.686200, 0.577000 
54.439700, -116.962600, 3.199000 
50.013100, -112.393100, 2.711000 
53.006800, -111.386100, 0.700000 
53.526500, -113.399700, 0.572000 
56.083900, -119.170000, 0.540000 
56.083900, -119.195000, 0.610000 
56.091400, -119.195000, 1.730000 
55.807500, -119.651400, 1.023000 
56.076700, -119.648100, 0.731000 
56.007600, -113.343900, 3.161000 
55.950000, -110.601900, 0.798000 
55.898700, -116.466600, 0.899000 
56.455500, -119.902400, 2.390000 
50.046300, -112.477200, 1.151000 
57.087200, -112.899500, 1.433000 
54.407200, -117.626800, 0.718000 
56.491400, -115.397500, 3.055000 
52.213700, -114.308200, 58.380000 
49.834700, -112.189000, 0.555000 
52.766700, -116.393000, 1.203000 
52.383300, -115.066700, 0.530000 
54.438200, -119.148800, 0.930000 
53.788600, -117.739300, 0.589000 
53.977900, -116.751200, 0.480000 
56.524200, -119.078300, 0.502000 
50.216700, -110.898900, 0.972000 
54.485300, -118.778300, 2.080000 
56.433300, -118.929700, 2.077000 
56.342300, -110.585600, 0.990000 
54.508900, -117.354500, 0.635000 
56.007600, -113.402800, 4.166000 
53.936200, -113.499600, 0.780000 
55.771100, -119.471100, 0.930000 
54.054200, -118.308700, 0.504000 
52.478300, -111.743500, 0.778000 
59.904000, -111.720200, 0.700000 
58.354000, -119.145400, 1.160000 
52.475700, -111.700100, 0.510000 
50.566600, -111.899900, 12.597000 
54.461800, -111.780100, 0.520000 
51.741900, -113.258100, 18.893000 
52.545700, -114.106000, 0.847000 
55.909500, -113.428900, 0.580000 
49.701100, -112.787800, 10.415000 
54.162360, -115.733900, 9.684000 
53.969410, -110.454161, 0.640000 
54.189000, -112.109800, 0.600000 
53.778100, -117.552900, 1.671000 
53.854300, -117.391200, 1.100000 
56.218700, -116.251300, 2.640000 
50.074700, -111.948100, 0.515000 
51.828200, -111.774200, 0.581000 
55.782200, -119.367200, 1.430000 
52.981500, -112.707700, 14.388000 
54.127000, -117.520400, 2.900000 
54.698600, -110.738900, 0.730000 
49.911100, -112.404500, 0.764000 
54.105400, -117.526500, 1.300000 
52.349900, -110.266600, 11.487000 
49.833300, -111.699800, 19.619000 
49.516600, -112.517500, 18.869000 
52.846800, -114.185700, 1.362000 
54.171500, -112.197600, 1.040000 
50.154700, -112.461500, 1.150000 
52.377300, -113.149900, 0.602000 
51.897300, -114.554600, 0.547000 
53.477900, -111.936300, 0.500000 
54.467300, -110.209200, 11.684000 
54.178700, -117.328400, 3.080000 
56.535000, -115.016900, 2.022000 
53.767000, -117.497000, 1.003000 
56.857000, -111.441500, 37.291000 
53.195900, -111.911200, 0.555000 
54.169000, -115.762200, 13.105000 
54.273400, -110.751000, 2.803000 
54.800000, -115.520600, 1.986000 
55.341900, -119.850600, 0.788000 
55.385600, -119.921400, 0.693000 
54.807300, -115.413300, 2.729000 
55.318300, -116.491800, 34.580000 
53.363200, -111.879500, 0.583000 
55.298300, -118.454600, 0.876000 
53.294000, -115.972500, 0.842000 
54.752900, -115.439200, 2.090000 
50.067500, -112.621200, 0.530000 
53.657900, -116.666800, 0.500000 
50.478700, -111.474200, 0.680000 
55.407500, -119.226700, 1.220000 
56.178700, -112.706800, 0.510000 
52.621200, -112.211500, 0.569000 
53.086800, -112.864900, 0.654000 
51.359000, -112.418700, 0.510000 
50.725900, -112.255100, 8.920000 
53.279500, -111.587000, 1.303000 
50.918700, -112.278100, 0.870000 
52.492800, -115.295100, 0.640000 
53.104800, -112.754900, 2.700000 
50.689500, -112.312800, 0.870000 
53.723400, -116.533700, 0.540000 
51.064300, -113.088500, 1.200000 
50.853400, -112.266700, 1.140000 
50.220500, -112.444200, 0.550000 
53.779500, -118.486200, 1.092000 
53.752300, -115.874700, 1.530000 
54.218100, -119.226600, 1.470000 
50.176700, -112.381700, 0.515000 
55.254700, -119.458100, 0.713000 
52.748400, -115.513900, 0.510000 
50.093100, -110.732800, 0.775000 
52.180900, -110.361600, 0.930000 
50.671500, -112.596500, 1.210000 
51.689800, -112.135300, 0.690000 
51.602600, -112.706700, 0.600000 
51.624500, -112.952600, 0.640000 
51.700900, -112.852000, 0.500000 
54.225300, -119.188800, 1.610000 
56.244200, -119.075000, 0.550000 
55.618300, -119.613900, 0.537000 
55.771200, -115.548700, 3.476000 
55.563900, -117.469900, 0.558000 
56.271846, -111.498890, 1.396000 
53.958000, -118.772800, 0.921000 
55.665800, -117.820200, 1.050000 
50.994100, -113.958300, 2.760000 
55.071200, -118.691200, 136.340000 
53.804200, -113.082400, 17.981000 
53.795900, -113.099600, 11.075000 
54.923116, -112.861867, 292.640000 
53.413300, -117.570600, 328.523000 
53.448700, -114.449100, 501.367000 
53.508500, -114.557100, 2287.603000 
52.829200, -110.859200, 0.650000 
53.227700, -114.988900, 271.408000 
53.833100, -113.108900, 1.230000 
53.593060, -116.390300, 138.206000 
50.031100, -110.641000, 4.810000 
56.377200, -117.175600, 138.830000 
51.022770, -114.027660, 0.722000 
52.033030, -113.938910, 51.543000 
52.385800, -113.595000, 39.510000 
50.846700, -113.581170, 50.840000 
53.533000, -113.411500, 1.727000 
50.845800, -113.586700, 6.304000 
55.070600, -118.688800, 0.922000 
51.570800, -114.851700, 2.729000 
55.996700, -118.533600, 2.978000 
53.539700, -113.409200, 13.850000 
53.344000, -114.305000, 519.177000 
58.500000, -119.416700, 3.130000 
55.335900, -119.223000, 2.920000 
53.354600, -113.715000, 1.109000 
51.965500, -114.753600, 15.990000 
51.742300, -114.134500, 1.455000 
53.181200, -115.762500, 5.320000 
53.048100, -113.921000, 24.297000 
52.959300, -115.893800, 13.280000 
52.496000, -114.988000, 2.004000 
51.039600, -114.559000, 16.000000 
51.219500, -114.645400, 3.226000 
55.725100, -119.399900, 2.142000 
51.531700, -111.786100, 644.986000 
52.146300, -115.330000, 6.160000 
53.721700, -113.191700, 32.918000 
51.534800, -114.203700, 2.079000 
54.775000, -115.218600, 1.008000 
56.380600, -116.795000, 13.432000 
53.722900, -113.174000, 0.080000 
54.007100, -119.104000, 12.820000 
52.463000, -114.346500, 2.270000 
53.952700, -113.078000, 1.576000 
54.130900, -115.546700, 14.834000 
54.572300, -115.522900, 16.580000 
52.308300, -113.550000, 461.523000 
53.571700, -113.349800, 139.032000 
53.572500, -113.360600, 20.553000 
50.747700, -114.494700, 7.772000 
53.529100, -113.387500, 75.242000 
54.596400, -110.395000, 64.224000 
49.713599, -112.796397, 2.702000 
51.191300, -113.940900, 18.927000 
49.305200, -114.000300, 17.993000 
50.675600, -110.025000, 452.404000 
54.524700, -116.794300, 5.293000 
52.940400, -114.832300, 5.122000 
53.288500, -110.018300, 4.147000 
53.746900, -113.164500, 0.720000 
54.194400, -116.632200, 30.300000 
53.776000, -113.088600, 7.650000 
50.805300, -110.034900, 8.970000 
57.003300, -111.466100, 539.640000 
53.245000, -115.674300, 2.550000 
54.833300, -118.646700, 11.171000 
53.560000, -114.486200, 635.632000 
53.546800, -113.734800, 0.571000 
52.553700, -111.694000, 7.088000 
52.758100, -114.111600, 20.790000 
52.776100, -115.660700, 2.920000 
54.952700, -119.195300, 5.996000 
53.733200, -113.175000, 77.048000 
57.040500, -111.619200, 1676.360000 
50.086600, -110.716700, 13.971000 
55.358300, -114.617200, 1.187000 
54.179100, -115.806000, 1.964000 
53.652000, -116.099200, 2.864000 
53.541700, -113.391700, 267.508000 
52.226300, -115.177000, 4.090000 
53.421300, -113.904400, 3.648000 
53.204500, -116.811200, 19.233000 
50.647500, -113.772000, 3.470000 
53.841600, -113.097900, 560.680000 
52.564700, -112.141400, 557.468000 
54.423300, -117.760400, 4.139000 
51.637200, -112.866000, 1.310000 
54.144400, -115.691700, 0.932000 
49.789400, -112.126100, 181.800000 
53.333300, -113.534500, 3.091000 
53.472878, -113.616936, 0.036000 
52.904700, -115.324700, 0.800000 
49.701000, -112.802700, 12.546000 
53.565150, -113.364550, 3.991000 
50.577200, -111.178100, 3.510000 
51.444300, -114.527000, 0.540000 
52.308300, -113.550000, 632.702000 
56.981400, -111.462500, 1.475000 
51.015020, -114.026480, 21.830000 
51.488700, -113.153900, 0.810000 
52.457600, -114.419100, 0.940000 
51.056600, -115.164300, 8.370000 
54.785300, -117.658000, 1.830000 
53.719800, -113.596300, 1.690000 
53.651700, -113.265800, 23.575000 
53.725400, -113.193000, 16.430000 
53.555000, -113.477400, 3.245000 
55.582700, -110.888800, 6.370000 
53.559040, -113.693580, 5.591000 
53.721800, -113.192700, 11.279000 
51.168600, -114.210900, 2.964000 
51.130700, -114.009000, 9.366000 
50.991700, -114.030300, 2.375000 
58.447100, -119.238300, 3.400000 
55.029800, -118.744000, 210.030000 
51.068200, -115.136400, 178.001000 
50.991500, -114.030100, 3.749000 
57.200800, -118.819200, 5.630000 
52.869000, -115.101000, 1.300000 
58.460300, -115.238300, 2.264000 
55.736900, -117.185800, 12.426000 
53.319800, -113.571800, 3.000000 
53.481700, -113.489000, 0.940000 
53.244500, -116.238000, 1.250000 
49.712016, -112.839461, 0.663000 
53.506900, -113.373400, 1.427000 
55.757600, -118.696700, 15.903000 
51.400100, -114.034300, 10.716000 
53.550100, -113.775600, 11.863000 
51.682500, -111.293600, 1.620000 
51.176400, -114.194800, 1.567000 
50.671900, -110.028900, 0.910000 
49.852100, -111.665000, 3.340000 
51.065300, -115.221100, 13.620000 
59.623400, -117.727200, 0.741000 
51.407800, -113.668300, 1.440000 
53.584100, -113.614400, 1.188000 
49.975700, -114.130000, 0.520000 
53.137600, -113.794100, 0.928000 
52.479300, -110.936100, 3.850000 
53.283800, -110.031900, 29.499000 
55.125900, -117.838000, 0.900000 
54.257800, -110.831500, 6.328000 
50.963300, -112.288300, 1.040000 
50.701100, -111.095600, 1.040000 
53.757500, -113.149900, 2.274000 
51.943400, -114.736000, 2.560000 
53.819400, -113.141900, 3.240000 
54.043500, -117.420000, 1.490000 
50.676800, -110.018000, 0.920000 
50.061200, -110.723000, 2.250000 
56.373300, -119.922800, 0.680000 
52.028360, -113.954260, 2.910000 
53.645100, -114.130200, 6.995000 
52.058000, -114.908000, 1.540000 
53.960200, -116.460000, 1.030000 
57.188000, -118.248900, 0.760000 
52.719000, -115.708000, 0.710000 
53.010600, -112.810000, 9.621000 
54.483500, -118.100000, 0.670000 
52.255700, -113.886000, 17.268000 
51.591800, -110.750000, 0.655000 
50.704600, -110.844000, 2.020000 
51.099300, -112.639000, 1.540000 
53.550500, -113.358900, 68.574000 
51.935300, -112.079200, 0.650000 
53.861500, -114.756100, 0.960000 
53.431000, -117.540600, 0.013000 
57.361200, -119.754000, 0.630000 
54.829600, -118.647000, 1.930000 
50.697800, -111.531000, 3.610000 
53.373100, -116.086000, 0.900000 
54.293100, -116.188300, 3.905000 
49.701943, -112.803037, 14.580000 
50.059700, -110.732000, 1.230000 
55.481900, -119.059200, 2.520000 
53.943200, -113.596900, 113.000000 
53.862700, -110.639000, 1.760000 
51.006900, -113.192800, 2.240000 
53.826700, -113.603300, 1.890000 
53.416800, -113.917700, 2.170000 
54.238200, -115.379700, 65.400000 
53.039700, -111.220000, 1.610000 
55.866700, -119.596700, 0.570000 
55.069600, -110.536100, 15.520000 
53.519600, -113.529000, 3.014000 
53.529649, -113.495611, 0.040000 
54.510900, -115.511700, 7.360000 
51.028800, -114.044800, 20.269000 
51.926500, -114.542700, 0.566000 
54.185400, -116.210400, 16.350000 
53.091100, -111.768600, 1.400000 
53.571300, -113.339300, 28.476000 
50.847000, -113.591000, 5.320000 
52.366500, -112.734900, 0.615000 
51.024500, -114.025000, 24.640000 
52.315900, -113.850000, 20.000000 
50.693800, -114.330000, 1.440000 
57.351700, -111.522200, 20.418000 
57.189700, -119.054800, 0.933000 
50.015600, -113.570800, 0.849000 
52.512000, -115.044700, 1.487000 
53.821500, -113.490400, 5.121000 
51.154200, -114.187700, 36.933000 
53.470500, -116.496100, 1.440000 
57.218000, -111.027000, 6.720000 
57.364000, -119.763000, 0.513000 
59.005100, -119.033200, 0.546000 
53.883400, -110.041100, 0.870000 
55.489100, -119.750800, 2.330000 
50.058200, -110.728200, 286.020000 
53.250200, -115.555500, 4.640000 
55.913200, -115.150400, 3.706000 
50.227500, -113.548200, 0.890000 
54.025400, -110.681200, 0.470000 
53.728270, -113.235520, 29.830000 
55.074200, -117.274200, 3.070000 
53.155900, -112.326700, 1.420000 
49.088900, -112.582300, 0.510000 
53.723500, -113.173800, 16.966000 
58.975900, -119.118700, 0.940000 
53.670500, -115.762200, 1.160000 
55.873200, -112.145400, 0.430000 
50.904300, -113.308500, 1.180000 
49.723497, -112.785116, 2.161000 
55.993500, -113.480500, 2.885000 
56.036800, -113.782500, 0.500000 
50.597600, -111.881800, 33.050000 
52.402900, -111.736200, 0.980000 
55.644000, -114.659700, 1.420000 
55.268600, -114.584700, 10.181000 
52.620400, -114.617400, 0.560000 
49.362300, -113.511500, 3.466000 
55.040000, -115.475800, 3.758000 
53.576900, -113.570600, 1.074000 
52.272900, -113.814480, 1.638000 
54.394900, -116.809000, 4.670000 
51.007900, -114.051300, 13.722000 
54.897200, -117.708800, 0.670000 
55.513100, -113.475000, 0.460000 
58.194700, -116.350400, 5.876000 
54.101800, -114.292500, 1.030000 
56.036000, -117.133000, 5.600000 
50.583700, -113.871100, 23.476000 
59.063100, -118.875700, 2.555000 
55.396400, -119.599700, 2.213000 
53.817200, -113.133600, 1.026000 
52.322900, -111.417300, 0.627000 
50.059200, -112.039500, 0.864000 
52.035300, -115.137700, 14.224000 
51.696900, -114.475000, 6.617000 
53.890700, -117.354000, 2.930000 
51.222500, -114.495600, 5.741000 
53.576280, -113.317500, 3.013000 
51.030750, -113.399500, 1.891000 
51.060740, -113.995090, 1.589000 
54.538100, -115.932300, 0.100000 
55.432500, -116.486000, 89.384000 
53.557500, -116.547200, 12.360000 
58.555500, -118.915900, 2.421000 
50.129400, -111.908400, 3.170000 
53.977100, -117.285100, 4.458000 
52.923200, -115.107500, 0.500000 
53.347100, -110.838200, 29.253000 
53.574500, -113.313900, 0.955000 
51.798200, -114.098000, 0.800000 
52.327100, -112.718300, 7.016000 
56.904200, -117.633600, 6.960000 
59.194300, -118.604700, 0.528000 
55.640400, -110.627000, 0.590000 
52.940500, -112.721400, 10.197000 
53.581600, -113.599100, 126.550000 
59.067000, -118.875900, 2.283000 
55.876700, -119.301100, 3.577000 
55.767500, -119.380300, 2.945000 
53.456206, -113.487312, 0.680000 
51.004210, -113.989400, 4.900000 
55.116400, -116.712300, 0.593000 
52.479300, -115.206900, 1.085000 
59.230700, -119.275900, 0.833000 
53.345100, -114.743600, 0.490000 
52.322800, -114.020800, 0.970000 
58.568700, -119.201500, 0.640000 
51.058900, -115.174500, 330.250000 
58.943200, -118.916800, 1.116000 
54.772900, -110.579000, 35.513000 
53.582200, -113.544400, 0.027000 
51.052000, -114.010500, 0.032000 
53.798900, -112.898400, 13.690000 
49.725300, -112.790000, 0.015000 
52.421200, -110.388600, 1.546000 
49.725296, -112.798487, 2.010000 
51.526000, -113.880000, 2.604000 
57.298900, -111.503300, 11.200000 
53.573220, -113.316410, 5.446000 
52.228400, -114.397700, 4.249000 
53.132300, -115.981700, 3.682000 
52.104400, -110.695000, 2.963000 
52.412900, -114.407600, 8.358000 
52.212400, -113.843700, 1.658000 
49.628100, -114.571900, 3.264000 
57.268200, -111.597800, 0.222000 
52.079300, -110.636400, 1.225000 
52.766100, -114.285600, 0.578000 
57.049800, -111.582900, 0.737000 
51.189400, -113.937800, 1.232000 
50.269600, -112.893800, 5.230000 
55.041500, -119.631000, 3.000000 
50.026580, -110.665700, 11.932000 
51.020210, -114.019246, 25.700000 
53.622800, -115.869400, 0.500000 
56.389600, -118.950300, 3.909000 
49.789000, -112.134440, 7.930000 
52.286500, -114.123200, 0.980000 
54.846700, -112.567500, 0.407000 
54.427200, -116.884300, 10.460000 
49.790600, -112.131400, 2.922000 
50.040920, -110.721904, 30.820000 
55.162300, -118.816600, 12.526000 
52.304300, -113.802700, 1.862000 
51.052400, -113.994700, 3.983000 
57.076100, -111.918900, 4.853000 
53.608100, -111.264400, 0.500000 
50.443600, -110.882500, 0.570000 
49.878996, -112.774388, 2.630000 
51.995400, -110.827200, 1.546000 
54.162500, -112.841800, 0.340000 
49.693900, -112.096200, 4.910000 
58.501200, -117.145600, 84.000000 
49.784800, -112.151000, 1.227000 
52.326500, -111.128600, 1.833000 
53.332300, -113.524100, 10.971000 
53.537900, -111.785100, 0.970000 
54.560100, -111.770600, 0.520000 
52.843200, -111.722800, 0.760000 
53.498600, -113.387900, 0.881000 
53.635900, -112.019200, 0.450000 
55.969400, -117.575600, 0.613000 
51.915300, -113.578100, 1.986000 
52.926800, -111.889500, 0.700000 
53.799100, -113.080700, 6.309000 
53.581900, -113.590000, 0.003000 
58.518800, -117.119500, 21.971000 
52.544800, -114.641600, 0.637000 
52.555700, -111.805300, 0.540000 
57.546300, -119.112600, 2.250000 
52.220900, -111.937300, 0.620000 
54.587200, -112.803100, 8.800000 
52.235700, -111.788100, 0.743000 
54.588800, -115.862500, 2.485000 
52.319300, -111.477600, 2.235000 
51.962900, -111.016100, 0.944000 
49.052500, -112.063100, 1.193000 
52.515700, -113.173800, 1.991000 
51.911800, -111.188100, 2.731000 
49.976800, -112.042900, 1.606000 
49.318000, -110.528300, 0.917000 
53.902300, -115.189300, 1.840000 
53.472200, -115.100000, 0.646000 
51.977300, -111.173400, 0.539000 
53.740700, -113.023100, 72.800000 
54.284800, -115.698000, 13.763000 
52.046500, -114.588800, 0.505000 
55.876700, -117.612400, 1.169000 
52.333700, -111.357300, 4.641000 
50.194700, -110.479700, 0.623000 
52.035400, -114.612700, 0.510000 
