53.476700, -113.468000, 0.001230 
53.499900, -113.418000, 0.100210 
56.377200, -117.175600, 0.006649 
57.003300, -111.466100, 0.039260 
53.413300, -117.570600, 0.023282 
53.508500, -114.557100, 0.017447 
53.541700, -113.391700, 0.075325 
53.560000, -114.486200, 0.014869 
57.040500, -111.619200, 0.180137 
55.269500, -114.598300, 0.003364 
53.448700, -114.449100, 0.384954 
53.722900, -113.174000, 0.000021 
54.923116, -112.861867, 0.009899 
54.775000, -115.218600, 0.003429 
53.344000, -114.305000, 0.154000 
50.992000, -114.059000, 0.001680 
53.579900, -113.576400, 0.156943 
53.529100, -113.387500, 0.455580 
53.533000, -113.411500, 0.002651 
53.593060, -116.390300, 0.073000 
55.432500, -116.486000, 0.012522 
51.068200, -115.136400, 0.000082 
53.581600, -113.599100, 0.001303 
53.550500, -113.358900, 0.030070 
