55.309200, -119.205800, 0.000001 
52.696100, -114.863800, 0.007600 
51.531700, -111.786100, 0.096494 
53.795900, -113.099600, 0.000539 
54.923116, -112.861867, 0.002030 
53.541700, -113.391700, 0.005618 
53.508500, -114.557100, 0.373337 
53.560000, -114.486200, 0.068441 
52.564700, -112.141400, 0.103802 
56.377200, -117.175600, 0.010446 
54.775000, -115.218600, 0.002070 
53.722900, -113.174000, 0.000011 
54.596400, -110.395000, 0.008594 
53.529100, -113.387500, 0.010853 
57.040500, -111.619200, 0.019186 
54.007100, -119.104000, 0.005864 
53.448700, -114.449100, 0.119749 
57.003300, -111.466100, 0.009300 
49.713599, -112.796397, 0.000042 
53.344000, -114.305000, 0.171000 
52.827500, -110.859600, 0.000166 
55.833000, -119.470000, 0.008139 
51.068200, -115.136400, 0.001166 
53.616600, -115.711100, 0.017742 
53.581600, -113.599100, 0.003795 
51.058900, -115.174500, 0.021050 
53.550500, -113.358900, 0.004060 
