57.485900, -113.793100, 11.235000 
52.064400, -115.131800, 10.750000 
51.304300, -112.653700, 13.080000 
54.816000, -118.715600, 13.927000 
51.217000, -113.977700, 17.040000 
50.795100, -112.017800, 18.190000 
50.224000, -110.037500, 15.560000 
51.878900, -115.093200, 10.308000 
55.603900, -119.347800, 19.463000 
55.047300, -110.577800, 63.870000 
53.215900, -116.497000, 15.029000 
54.627000, -117.464200, 10.650000 
51.388100, -110.772500, 14.510000 
50.915100, -112.451700, 12.620000 
50.223900, -110.899700, 21.840000 
51.409800, -113.094600, 10.320000 
56.255000, -119.517800, 10.420000 
52.584630, -114.366953, 10.000000 
50.485900, -111.451200, 19.710000 
51.911800, -114.512900, 11.413000 
55.378300, -119.760600, 18.030000 
54.963600, -117.670700, 29.400000 
51.402400, -112.918100, 16.190000 
55.884400, -113.291000, 14.146000 
51.897200, -115.040200, 13.997000 
56.135000, -113.028300, 13.171000 
54.494400, -118.198900, 14.523000 
54.516100, -116.886800, 10.636000 
54.949300, -110.622600, 24.570000 
50.940600, -111.880600, 10.031000 
52.090000, -115.161600, 10.972000 
50.223900, -110.761900, 11.760000 
57.200900, -112.905700, 25.828000 
51.020700, -112.948400, 10.280000 
51.006200, -113.176000, 16.810000 
51.275400, -112.906500, 14.750000 
55.294800, -110.795100, 51.570000 
55.688200, -113.897000, 10.043000 
55.651800, -111.084400, 14.989000 
53.103200, -115.363400, 23.100000 
56.930900, -115.252200, 81.775000 
54.387000, -116.966700, 16.400000 
53.981500, -116.999800, 11.698000 
51.315900, -113.428500, 16.102000 
56.215000, -110.968100, 43.860000 
53.090400, -115.245000, 12.937000 
53.937900, -116.900400, 10.778000 
54.829200, -119.668600, 10.947000 
54.029000, -117.124000, 11.163000 
52.610400, -114.821800, 14.995000 
54.607200, -119.332000, 17.588000 
54.800000, -119.775600, 12.350000 
54.416000, -115.636200, 11.020000 
52.050100, -112.728300, 11.920000 
52.703800, -114.572500, 12.376000 
55.883900, -117.462000, 19.638000 
49.729200, -114.427200, 23.806000 
54.974300, -117.285800, 11.680000 
54.720000, -119.110600, 11.512000 
50.817000, -113.100200, 11.620000 
49.616400, -112.472000, 13.100000 
51.281700, -113.428000, 13.564000 
56.233200, -113.896400, 11.400000 
49.438100, -112.448700, 9.400000 
53.504050, -113.374400, 28.100000 
50.006500, -114.146000, 25.280000 
50.957700, -113.714500, 10.690000 
53.076000, -111.299800, 11.700000 
54.887200, -119.828100, 11.800000 
51.093400, -112.820100, 13.600000 
59.601800, -117.409700, 14.031000 
50.443500, -113.952200, 13.150000 
51.024500, -111.642800, 11.240000 
57.604400, -118.999800, 13.899000 
54.025400, -117.018400, 17.800000 
54.509700, -110.909900, 55.541000 
53.614300, -116.956500, 12.900000 
52.435700, -113.390400, 20.306000 
52.747000, -115.255600, 14.284000 
52.493600, -115.935000, 59.200000 
50.981000, -113.967800, 24.000000 
49.684600, -112.814600, 10.000000 
49.569200, -112.149200, 11.800000 
55.433300, -116.483200, 43.000000 
55.385700, -113.001600, 10.500000 
54.363300, -116.624000, 23.179000 
57.502800, -118.745700, 13.680000 
50.202700, -110.661300, 11.416000 
53.583000, -116.842000, 49.086000 
57.702900, -114.066100, 10.311000 
51.828100, -114.980700, 10.672000 
50.718600, -111.322200, 14.152000 
52.140800, -112.157200, 17.070000 
57.338900, -118.460000, 10.201000 
56.347100, -119.190500, 11.912000 
54.792900, -115.521700, 12.780000 
56.199000, -110.675100, 16.280000 
53.561500, -116.577900, 435.239000 
54.702500, -112.900400, 14.100000 
57.066200, -118.031700, 10.471000 
56.098600, -119.288100, 16.719000 
57.004500, -113.188600, 10.439000 
59.641800, -118.307800, 32.639000 
51.635300, -112.531400, 52.505000 
50.965900, -113.030200, 14.110000 
50.311200, -110.296600, 12.083000 
53.752300, -117.099300, 118.292000 
55.125000, -111.690600, 11.133000 
57.338900, -119.657100, 22.738000 
53.392300, -115.310800, 9.980000 
53.392300, -115.316900, 11.870000 
54.348900, -119.463300, 16.159000 
57.590100, -117.531700, 62.508000 
58.081200, -117.828800, 23.567000 
57.042500, -111.905000, 23.501000 
53.159500, -114.902800, 287.177000 
54.410900, -112.260400, 11.723000 
55.585600, -117.891600, 12.363000 
53.024700, -115.531100, 11.240000 
53.193400, -110.863100, 17.934000 
53.574200, -116.646900, 10.720000 
55.640300, -118.502800, 13.769000 
55.309200, -119.205800, 21.570000 
53.035900, -111.403600, 19.200000 
55.509300, -114.146900, 16.219000 
53.277000, -110.481000, 12.025000 
55.691200, -111.275900, 13.039000 
54.965100, -119.306800, 10.179000 
55.396500, -110.737300, 26.860000 
53.499300, -116.805300, 28.122000 
54.552500, -111.305300, 10.403000 
56.622700, -119.946500, 19.871000 
55.429200, -113.618100, 25.350000 
54.436200, -111.205100, 14.309000 
57.877200, -119.740900, 28.343000 
54.033400, -117.756900, 21.876000 
53.512500, -113.412500, 44.900000 
55.640300, -119.627000, 23.817000 
54.385300, -118.624900, 14.858000 
59.601800, -117.409700, 15.880000 
56.271846, -111.498890, 19.680000 
50.994100, -113.958300, 465.800000 
53.578344, -115.855642, 13.330000 
55.341700, -118.914200, 14.880000 
52.774000, -112.914300, 10.457000 
49.449200, -111.616700, 48.001000 
53.499900, -113.418000, 13.177000 
54.980400, -117.292000, 12.055000 
54.198400, -119.053700, 10.196000 
49.372800, -110.672500, 15.606000 
54.162360, -115.733900, 22.057000 
54.166900, -118.486900, 18.609000 
49.229200, -114.029100, 16.752000 
52.788400, -113.108500, 17.013000 
53.712300, -117.221500, 10.746000 
53.854300, -117.391200, 20.970000 
55.396400, -119.503100, 13.098000 
55.541900, -119.029700, 11.834000 
54.054200, -118.308700, 10.916000 
53.887000, -116.396900, 12.013000 
53.534300, -110.786600, 12.808000 
55.509200, -118.101900, 20.240000 
54.061800, -117.447300, 9.300000 
54.105400, -117.526500, 29.300000 
52.875700, -111.422500, 10.680000 
52.875700, -111.483300, 16.650000 
56.973300, -116.585000, 8.107000 
51.411700, -114.027000, 48.640000 
54.374400, -117.275900, 21.837000 
57.217500, -110.895000, 35.507000 
49.488900, -113.955100, 20.818000 
53.444100, -113.491800, 17.200000 
52.272100, -112.841400, 31.701000 
52.370000, -114.375800, 29.615000 
52.711900, -116.338600, 12.769000 
52.942400, -113.511100, 387.935000 
52.696100, -114.863800, 60.308000 
53.346200, -113.517200, 22.061000 
52.031800, -112.629500, 10.283000 
53.566900, -118.022600, 13.184000 
53.737500, -113.149000, 24.257000 
53.712300, -116.148900, 19.299000 
54.778200, -113.963900, 12.140000 
52.766700, -116.393000, 22.180000 
55.491170, -116.186500, 14.570000 
55.318300, -116.491800, 13.590000 
55.058700, -111.895500, 21.239000 
50.084400, -110.607000, 10.570000 
52.697500, -116.320300, 10.116000 
53.941500, -116.720100, 10.706000 
54.423300, -117.760400, 492.250000 
53.795900, -113.099600, 114.787000 
54.923116, -112.861867, 144.180000 
52.553700, -111.694000, 30.768000 
53.508500, -114.557100, 282.482000 
50.983000, -113.988400, 78.440000 
53.652000, -116.099200, 306.016000 
52.146300, -115.330000, 442.127000 
53.421300, -113.904400, 70.492000 
53.722900, -113.174000, 2.600000 
56.380600, -116.795000, 689.133000 
53.841600, -113.097900, 241.420000 
51.637200, -112.866000, 100.820000 
50.647500, -113.772000, 34.100000 
52.226300, -115.177000, 276.380000 
53.413300, -117.570600, 225.240000 
53.204500, -116.811200, 386.175000 
56.377200, -117.175600, 167.413000 
53.245000, -115.674300, 87.076000 
54.833300, -118.646700, 84.686000 
53.804200, -113.082400, 75.331000 
57.040500, -111.619200, 8592.000000 
53.560000, -114.486200, 58.610000 
53.546800, -113.734800, 154.980000 
53.733200, -113.175000, 454.094000 
50.086600, -110.716700, 340.118000 
51.022770, -114.027660, 1264.040000 
57.003300, -111.466100, 21668.340000 
53.746900, -113.164500, 314.428000 
51.419100, -114.027000, 229.929000 
53.288500, -110.018300, 261.979000 
54.194400, -116.632200, 194.751000 
52.758100, -114.111600, 359.470000 
55.358300, -114.617200, 73.530000 
50.805300, -110.034900, 274.550000 
52.776100, -115.660700, 116.484000 
54.952700, -119.195300, 98.407000 
53.559400, -113.597500, 10.238000 
53.478700, -113.482700, 16.430000 
51.570800, -114.851700, 1071.678000 
52.308300, -113.550000, 445.244000 
54.572300, -115.522900, 196.778000 
49.713599, -112.796397, 998.144000 
50.987300, -113.971000, 195.704000 
53.571700, -113.349800, 47.592000 
54.524700, -116.794300, 262.400000 
55.996700, -118.533600, 77.047000 
53.529100, -113.387500, 54.594000 
53.539700, -113.409200, 362.600000 
55.269500, -114.598300, 280.460000 
53.952700, -113.078000, 80.940000 
53.354600, -113.715000, 58.605000 
50.747700, -114.494700, 282.243000 
50.845800, -113.586700, 85.740000 
55.725100, -119.399900, 73.180000 
53.572500, -113.360600, 102.828000 
54.130900, -115.546700, 30.654000 
49.720100, -112.781900, 25.510000 
53.541700, -113.391700, 893.281000 
53.582300, -113.588600, 180.953000 
52.385800, -113.595000, 235.610000 
51.534800, -114.203700, 141.298000 
51.039600, -114.559000, 594.200000 
51.219500, -114.645400, 247.790000 
52.940400, -114.832300, 13.755000 
52.033030, -113.938910, 58.371000 
51.742300, -114.134500, 37.324000 
55.071200, -118.691200, 322.400000 
51.965500, -114.753600, 223.600000 
55.335900, -119.223000, 67.710000 
53.448700, -114.449100, 99.317000 
53.048100, -113.921000, 799.461000 
58.500000, -119.416700, 73.000000 
54.596400, -110.395000, 224.199000 
51.191300, -113.940900, 407.738000 
53.227700, -114.988900, 943.290000 
52.959300, -115.893800, 219.390000 
53.593060, -116.390300, 399.447000 
52.496000, -114.988000, 17.303000 
50.675600, -110.025000, 183.991000 
53.181200, -115.762500, 25.651000 
49.305200, -114.000300, 1617.503000 
58.555500, -118.915900, 147.182000 
53.472878, -113.616936, 0.104000 
53.529649, -113.495611, 0.115000 
54.284800, -115.698000, 202.861000 
53.550500, -113.358900, 670.385000 
51.915300, -113.578100, 70.356000 
53.091100, -111.768600, 101.183000 
52.904700, -115.324700, 195.758000 
53.373100, -116.086000, 306.496000 
52.301100, -113.856100, 24.075000 
55.069600, -110.536100, 28.130000 
56.981400, -111.462500, 95.084000 
52.869000, -115.101000, 203.023000 
50.671900, -110.028900, 23.410000 
52.315900, -113.850000, 197.000000 
52.755200, -110.747000, 11.610000 
53.481700, -113.489000, 30.313000 
51.015020, -114.026480, 39.420000 
50.577200, -111.178100, 45.790000 
57.351700, -111.522200, 4782.374000 
50.959200, -113.981200, 382.688000 
53.527200, -113.354800, 452.767000 
51.001000, -114.061200, 139.043000 
57.298900, -111.503300, 4159.000000 
52.674300, -111.311600, 12.120000 
50.269600, -112.893800, 63.320000 
50.040920, -110.721904, 5.640000 
52.766100, -114.285600, 1.737000 
53.550690, -113.349600, 823.300000 
53.593600, -113.335600, 26.400000 
53.286400, -110.017800, 0.458000 
53.402700, -117.599300, 104.335000 
52.656700, -111.311900, 3.234000 
52.308300, -113.550000, 0.185000 
52.405800, -114.391900, 45.866000 
51.910600, -114.668100, 42.159000 
54.846700, -112.567500, 1.267000 
53.582200, -113.544400, 0.078000 
49.725300, -112.790000, 0.043000 
52.046500, -114.588800, 40.060000 
50.471500, -111.606500, 64.100000 
50.963600, -113.976680, 907.683000 
51.045078, -114.092040, 12.000000 
51.052000, -114.010500, 0.093000 
53.530040, -113.402010, 750.277000 
51.488700, -113.153900, 11.340000 
57.364000, -119.763000, 18.241000 
59.165100, -118.725800, 11.931000 
53.416800, -113.917700, 28.866000 
53.890700, -117.354000, 69.059000 
55.396400, -119.599700, 14.619000 
53.977100, -117.285100, 25.352000 
55.720300, -119.406100, 17.309000 
58.568700, -119.201500, 44.490000 
50.129400, -111.908400, 24.722000 
51.024190, -114.035300, 1388.800000 
53.584100, -113.614400, 29.695000 
56.981400, -111.475800, 369.117000 
53.571300, -113.339300, 14.922000 
53.544400, -113.366200, 34.556000 
53.573900, -113.597100, 79.303000 
51.016000, -114.061400, 13.000000 
53.431000, -117.540600, 0.004000 
53.010600, -112.810000, 0.045000 
52.255700, -113.886000, 0.105000 
53.645100, -114.130200, 0.007000 
51.004250, -114.050900, 25.680000 
53.576230, -113.595660, 23.900000 
53.501040, -113.489732, 61.449000 
53.543100, -117.797900, 149.337000 
53.319800, -113.571800, 30.000000 
57.054200, -111.917200, 98.151000 
52.375200, -114.921600, 149.366000 
52.588100, -111.206100, 30.059000 
51.034710, -114.025600, 37.650000 
53.725400, -113.193000, 18.100000 
55.029800, -118.744000, 292.400000 
55.041500, -119.631000, 107.344000 
49.701943, -112.803037, 408.120000 
55.481900, -119.059200, 15.560000 
51.789600, -114.702800, 64.624000 
51.005290, -114.058570, 152.400000 
54.238200, -115.379700, 426.300000 
50.597600, -111.881800, 31.980000 
53.250200, -115.555500, 76.406000 
50.583700, -113.871100, 68.250000 
56.389600, -118.950300, 7.240000 
55.273300, -114.599700, 185.188000 
56.603400, -115.291400, 155.178000 
57.546300, -119.112600, 133.664000 
49.628100, -114.571900, 15.751000 
55.162300, -118.816600, 397.600000 
51.400100, -114.034300, 57.240000 
54.772900, -110.579000, 92.283000 
54.185400, -116.210400, 96.760000 
53.757500, -113.149900, 215.657000 
51.526000, -113.880000, 134.890000 
51.696900, -114.475000, 219.343000 
53.531993, -113.364925, 75.550000 
53.544350, -113.374010, 24.700000 
54.510900, -115.511700, 139.118000 
53.456206, -113.487312, 361.850000 
53.728270, -113.235520, 99.753000 
53.283800, -110.031900, 184.651000 
54.427200, -116.884300, 154.557000 
53.132300, -115.981700, 144.463000 
55.913200, -115.150400, 63.912000 
52.035300, -115.137700, 112.051000 
53.504000, -113.450200, 11.383000 
53.581900, -113.590000, 0.190000 
49.729139, -112.781105, 13.759000 
55.993500, -113.480500, 72.859000 
55.199400, -116.221900, 48.160000 
53.563200, -113.634800, 29.107000 
55.489100, -119.750800, 14.160000 
55.074200, -117.274200, 52.006000 
55.268600, -114.584700, 290.653000 
54.394900, -116.809000, 20.000000 
58.194700, -116.350400, 22.223000 
50.981270, -113.971610, 38.120000 
53.740700, -113.023100, 369.699000 
52.212400, -113.843700, 59.344000 
58.518800, -117.119500, 1581.615000 
53.902300, -115.189300, 97.735000 
51.026100, -113.387800, 1.490000 
53.616600, -115.711100, 210.573000 
53.170200, -114.975000, 15.125000 
55.833000, -119.470000, 75.051000 
55.432500, -116.486000, 186.811000 
51.295600, -114.014600, 69.070000 
59.063100, -118.875700, 27.080000 
50.058200, -110.728200, 29.459000 
53.557500, -116.547200, 188.221000 
53.571290, -113.355400, 31.029000 
55.876700, -119.301100, 43.454000 
51.222500, -114.495600, 16.475000 
53.547491, -113.529984, 17.582000 
53.506740, -113.396252, 51.196000 
51.075800, -115.338300, 2.400000 
53.817200, -113.133600, 41.585000 
53.670500, -115.762200, 58.700000 
52.327100, -112.718300, 61.713000 
51.010160, -113.964210, 14.452000 
53.908300, -118.816700, 2.700000 
51.000700, -113.965670, 12.465000 
51.012800, -114.022000, 108.358000 
50.912700, -114.011800, 20.064000 
52.228400, -114.397700, 98.038000 
