
Fluoranthene - PAH; 0.345062; 0.369977; 0.369550; 0.279932; 0.284942; 0.295585; 0.256234; 
Dibenzo(a,h)anthracene - PAH; 0.001084; 0.000810; 0.000534; 0.000727; 0.000654; 0.000457; 0.000470; 
Anthracene; 0.141000; 0.000000; 0.051000; 0.036000; 0.000000; 0.000000; 0.000000; 
Aluminum (fume or dust); 0.000000; 0.047000; 1.393000; 0.000000; 0.010000; 0.000000; 0.000000; 
HCFC-22; 3.200000; 1.929000; 1.702000; 1.108000; 1.095500; 0.010000; 0.017200; 
Toluene; 733.340000; 596.980000; 1741.321360; 1680.276800; 1817.751600; 436.468200; 414.054300; 
Phosphorus (yellow or white); 0.000000; 0.000000; 0.000000; 0.000000; 0.001000; 0.000000; 0.000000; 
Benzene; 278.467000; 222.796900; 248.460260; 217.131000; 230.672100; 147.311200; 221.262700; 
Ethylene glycol; 146.533000; 124.792000; 89.509000; 125.465000; 62.826000; 43.112800; 31.874300; 
Pyrene - PAH; 0.372690; 0.379615; 0.381448; 0.283254; 0.345132; 0.380539; 0.361213; 
Indeno(1,2,3-c,d)pyrene - PAH; 0.004739; 0.002645; 0.003566; 0.002565; 0.001846; 0.001478; 0.002792; 
N-Methyl-2-pyrrolidone; 0.000000; 0.000000; 0.000000; 0.000000; 0.000000; 0.520000; 0.255000; 
Triethylamine; 0.133000; 0.000000; 0.000000; 0.000000; 0.000000; 0.000000; 0.000000; 
Formaldehyde; 506.103000; 418.159000; 262.578000; 244.478000; 237.981400; 335.569400; 283.381500; 
PM2.5 - Particulate Matter <= 2.5 Microns; 10656.944650; 9880.527500; 8747.854880; 9019.657370; 9744.154600; 8994.831500; 8793.786500; 
Sulphuric acid; 1282.384000; 1085.388000; 933.423000; 864.297000; 903.529000; 899.886000; 837.078300; 
Benzo(a)anthracene - PAH; 0.035909; 0.032785; 0.038842; 0.030732; 0.018765; 0.014917; 0.006973; 
Total Reduced Sulphur (TRS) - [MOE]; 0.000000; 6484.818000; 8010.356000; 8903.932000; 8055.714800; 5683.545800; 4677.696800; 
Volatile Organic Compounds (VOCs); 98074.492000; 97187.333000; 93972.078540; 81334.151410; 84857.490900; 66163.861500; 78813.171000; 
Formic acid; 1.463000; 0.016000; 0.027000; 0.033000; 68.634000; 6.483000; 0.255000; 
1,4-Dioxane; 0.325000; 0.149000; 0.071000; 0.105000; 0.040000; 12.160700; 0.066500; 
Acrolein; 0.000000; 0.338000; 0.338000; 0.840000; 15.555000; 15.667800; 16.438500; 
Phosphorus (total); 5.745000; 46.921000; 38.227000; 24.330020; 26.486700; 33.847900; 70.100200; 
Benzo(k)fluoranthene - PAH; 0.003662; 0.001979; 0.002288; 0.002029; 0.000408; 0.001290; 0.002034; 
Xylene (mixed isomers); 1174.510000; 1061.961000; 3328.050830; 3122.243180; 3379.113000; 694.870400; 577.028600; 
Carbon monoxide; 204627.493000; 209384.791000; 195739.540000; 222680.643080; 227079.845800; 195065.927200; 229337.490300; 
2-Butoxyethanol; 0.400000; 15.371000; 0.195000; 0.118000; 0.075600; 0.037300; 0.073900; 
Benzo(e)pyrene - PAH; 0.011959; 0.009628; 0.010342; 0.009403; 0.005602; 0.005330; 0.004174; 
Sulphur dioxide; 404861.583000; 385052.876000; 362446.794000; 357382.837310; 339639.285100; 320333.872000; 303753.597400; 
PM10 - Particulate Matter <= 10 Microns; 18534.729000; 18663.221300; 17731.600090; 17064.745400; 17815.393500; 16299.280700; 17168.974400; 
PM - Total Particulate Matter; 27677.411000; 28002.079000; 26688.666720; 25888.505070; 26715.665000; 23369.577300; 23180.901700; 
Dioxins and furans - total; 0.000000; 0.000000; 0.000000; 0.000000; 0.000000; 0.000000; 0.000000; 
Acetaldehyde; 198.351000; 265.965000; 216.468000; 186.405000; 123.074600; 115.568600; 122.978500; 
Cumene; 0.153000; 0.209000; 10.973000; 4.446000; 4.506900; 0.851900; 1.152800; 
Dibenzo(a,i)pyrene - PAH; 0.000720; 0.000000; 0.000248; 0.000000; 0.000000; 0.000000; 0.000000; 
Ethylene; 497.069000; 510.347000; 492.482000; 565.230000; 534.452200; 757.832200; 512.178800; 
1,2-Dichloroethane; 0.137000; 0.059000; 0.074000; 0.000000; 0.000000; 0.000000; 0.000000; 
n-Butyl alcohol; 18.422000; 31.378000; 10.380000; 0.242000; 0.120800; 0.000800; 0.000800; 
Ethylene oxide; 5.113000; 1.567000; 1.108000; 0.744000; 1.323500; 0.985300; 0.870700; 
Methylenebis(phenylisocyanate); 0.139000; 0.040000; 1.569000; 0.042000; 0.042600; 0.000000; 0.000000; 
Manganese (and its compounds); 8.894000; 7.316000; 7.781000; 8.470000; 7.854400; 60.746600; 11.459200; 
Lead (and its compounds); 3.163156; 2.982160; 3.740267; 3.082031; 4.003743; 3.419555; 4.922441; 
Diethanolamine (and its salts); 7.236000; 5.757000; 5.618600; 0.132000; 0.115800; 0.006700; 0.005400; 
Cobalt (and its compounds); 0.632000; 0.176000; 0.218000; 0.301000; 1.005800; 0.555300; 0.270000; 
Chromium (and its compounds); 2.298000; 2.028000; 3.266000; 3.325000; 39.032400; 1.114600; 0.908800; 
Copper (and its compounds); 1.459000; 1.377000; 1.424000; 1.592000; 2.871000; 23.232000; 0.971800; 
n,n-Dimethylformamide; 0.411000; 0.000000; 0.000000; 0.000000; 0.000000; 0.000000; 0.000000; 
Cadmium (and its compounds); 0.220679; 0.375307; 0.463690; 0.607316; 0.596482; 0.720467; 0.852040; 
Arsenic (and its compounds); 0.655807; 0.535319; 0.628051; 0.555944; 0.431413; 0.442236; 0.420331; 
3-Methylcholanthrene - PAH; 0.000000; 0.000257; 0.000249; 0.000000; 0.000000; 0.000000; 0.000000; 
n-Hexane; 1858.200600; 1735.190000; 1666.109470; 2104.753540; 2297.499600; 1549.886000; 1583.799500; 
Fluorene - PAH; 0.302111; 0.218743; 0.258335; 0.195246; 0.216563; 0.236432; 0.247217; 
Chlorine dioxide; 21.832000; 20.232000; 22.233000; 18.462000; 21.542000; 22.478000; 52.880500; 
Isopropyl alcohol; 32.350000; 9.694000; 7.610000; 8.347000; 8.191700; 16.860000; 8.262500; 
Dichloromethane; 26.379000; 5.796000; 2.030000; 6.860000; 0.000000; 2.860000; 3.297000; 
Hexavalent chromium (and its compounds); 0.653485; 0.571940; 0.557380; 0.533348; 0.534558; 0.446685; 0.489365; 
Cresol (all isomers and their salts); 0.071000; 0.076000; 0.000000; 18.530000; 18.293700; 17.416000; 11.165100; 
Acenaphthene - PAH; 0.162838; 0.101726; 0.116973; 0.069148; 0.080861; 0.088635; 0.089157; 
Selenium (and its compounds); 0.000000; 0.000000; 0.000000; 0.000000; 0.001000; 0.322040; 0.320561; 
1,3-Butadiene; 8.180000; 10.248000; 5.223000; 4.150000; 2.577000; 4.286000; 3.877000; 
Mercury (and its compounds); 0.921511; 0.978267; 0.626925; 0.723089; 0.808168; 0.396812; 0.448649; 
Nickel (and its compounds); 5.117000; 5.924000; 6.321000; 4.844000; 4.806100; 4.588200; 4.556800; 
Ammonia (total); 10431.294000; 9206.707000; 8816.696000; 8045.966000; 8630.819500; 8846.636700; 9272.599400; 
Nitrate ion in solution at pH >= 6.0; 0.000000; 0.000000; 0.000000; 0.000000; 0.010000; 0.000000; 0.000000; 
Zinc (and its compounds); 14.556000; 8.771000; 12.124000; 13.342000; 11.911900; 132.862400; 9.526900; 
Dibenz(a,h)acridine - PAH; 0.000000; 0.000000; 0.000000; 0.000080; 0.000000; 0.000000; 0.000000; 
Methyl isobutyl ketone; 8.040000; 30.142000; 18.969000; 2.896000; 3.104700; 0.004700; 9.405600; 
Methanol; 2167.668000; 1939.390000; 2062.970000; 1828.736000; 1842.521600; 2328.816700; 2093.133300; 
Methyl tert-butyl ether; 0.104000; 0.000000; 0.000000; 0.000000; 0.000000; 0.000000; 0.000000; 
Vinyl chloride; 0.649000; 0.000000; 0.000000; 0.000000; 0.000000; 0.000000; 0.000000; 
Phenol (and its salts); 7.947000; 9.249000; 7.611950; 0.566200; 0.698300; 0.408100; 11.187400; 
Tetrachloroethylene; 0.008000; 0.362000; 0.362000; 0.024000; 0.010400; 0.000000; 0.000000; 
Vanadium (except when in an alloy) and its compounds; 8.341000; 7.293000; 7.704000; 7.146335; 7.718000; 5.647200; 5.295300; 
Benzo(g,h,i)perylene - PAH; 0.006360; 0.003228; 0.006147; 0.003893; 0.002487; 0.004764; 0.006042; 
Carbon disulphide; 1101.517000; 1254.019000; 963.193000; 891.159000; 913.050200; 671.516000; 439.501000; 
Phenanthrene - PAH; 3.213506; 2.812594; 2.699610; 1.681899; 2.032894; 2.283863; 2.239151; 
7H-Dibenzo(c,g)carbazole - PAH; 0.000224; 0.000250; 0.000259; 0.000006; 0.000000; 0.000000; 0.000000; 
7,12-Dimethylbenz(a)anthracene - PAH; 0.000000; 0.000355; 0.000254; 0.000085; 0.000000; 0.000002; 0.000489; 
Hexachlorobenzene; 0.005632; 0.002598; 0.001768; 0.001795; 0.001888; 0.002126; 0.001198; 
Benzo(j)fluoranthene - PAH; 0.002900; 0.001303; 0.001402; 0.000546; 0.000000; 0.000440; 0.001536; 
Dicyclopentadiene; 0.750000; 1.409000; 1.446000; 0.721000; 0.638000; 0.000000; 1.014000; 
Acenaphthylene - PAH; 16.124894; 12.566082; 12.246722; 8.468940; 10.995265; 12.427810; 11.271657; 
Propylene; 121.959000; 203.468000; 208.929000; 186.952000; 189.374500; 202.466900; 157.586900; 
PAHs, total unspeciated; 0.582780; 0.590400; 0.581550; 0.191154; 0.795213; 0.894175; 1.908607; 
Methyl ethyl ketone; 70.679000; 106.795000; 90.841000; 32.497000; 37.623200; 64.852000; 47.921000; 
Chloroform; 0.128000; 0.129000; 0.000000; 0.000000; 0.000000; 0.000000; 0.000000; 
Styrene; 168.440000; 182.954000; 124.963000; 65.518000; 68.557000; 61.795000; 154.374000; 
Naphthalene; 12.468000; 7.047000; 6.949000; 0.708000; 7.728600; 21.063400; 1.763000; 
Benzo(b)fluoranthene - PAH; 0.005035; 0.003365; 0.002540; 0.002980; 0.002402; 0.002537; 0.003078; 
Toluenediisocyanate (mixed isomers); 0.053000; 0.044000; 0.032000; 0.033000; 0.038100; 0.000000; 0.000000; 
Carbonyl sulphide; 1743.483000; 1732.786000; 1724.580000; 1922.751000; 1856.110600; 1697.969600; 1132.779800; 
Ethylbenzene; 183.470000; 173.754000; 618.864820; 612.415000; 657.840600; 134.304600; 136.007600; 
Dibenz(a,j)acridine - PAH; 0.000617; 0.000275; 0.000284; 0.000020; 0.000000; 0.000000; 0.000000; 
Acetonitrile; 0.000000; 0.758000; 0.000000; 0.000000; 0.000000; 0.000000; 0.000000; 
Biphenyl; 0.001000; 0.000000; 0.000000; 0.425000; 0.500200; 0.503000; 0.404000; 
Cyclohexane; 357.029000; 324.007500; 373.790000; 342.933000; 274.253500; 262.104800; 358.877700; 
Molybdenum trioxide; 0.000000; 0.000000; 2.331000; 0.204000; 0.000000; 0.000000; 0.000000; 
Perylene - PAH; 0.001988; 0.000788; 0.000306; 0.000885; 0.000362; 0.001510; 0.001585; 
Hydrogen sulphide; 932.833000; 976.774000; 1525.345800; 1548.867760; 1528.824100; 840.373400; 766.666100; 
i-Butyl alcohol; 79.223000; 63.444000; 36.481000; 30.004000; 21.756000; 26.000000; 26.400000; 
Polymeric diphenylmethane diisocyanate; 0.001000; 0.001000; 1.508000; 0.002000; 0.001800; 0.000000; 0.000000; 
Trichloroethylene; 14.026000; 0.000000; 0.000000; 0.000000; 0.000000; 0.000000; 0.000000; 
Chlorine; 6.234000; 15.816000; 15.678000; 15.622000; 14.632000; 28.538000; 94.582000; 
Nitrogen oxides (expressed as NO2); 433339.532000; 426529.813200; 390919.915000; 375819.981840; 351806.859700; 343000.738900; 327091.674800; 
Hydrochloric acid; 450.916000; 446.241000; 406.185000; 399.636000; 366.169500; 432.109000; 1058.816000; 
Benzo(a)pyrene - PAH; 0.010290; 0.009239; 0.005256; 0.005198; 0.002410; 0.002315; 0.002707; 
Benzo(a)phenanthrene - PAH; 0.025344; 0.026407; 0.019726; 0.016270; 0.012452; 0.020262; 0.020226; 
1,2,4-Trimethylbenzene; 139.030000; 132.679000; 575.880350; 547.269000; 635.739700; 127.736900; 113.381300; 
Antimony (and its compounds); 0.000000; 0.000000; 0.000000; 0.000000; 0.000000; 0.266000; 0.000000; 
Silver (and its compounds); 0.000000; 0.000000; 0.000000; 0.001000; 0.000000; 0.000000; 0.000000; 
Hydrogen fluoride; 872.880000; 857.548000; 838.025000; 801.890000; 761.556200; 666.571600; 6470.288600; 