
54.194400, -116.632200, 4.400000 
53.388700, -115.316900, 0.650000 
57.003300, -111.466100, 10.700000 
53.245000, -115.674300, 0.570000 
57.040500, -111.619200, 7.008000 
55.725100, -119.399900, 0.044000 
51.950100, -114.017700, 1.150000 
53.319500, -113.527900, 0.046000 
53.804200, -113.082400, 22.610000 
53.550500, -113.358900, 7.880000 
52.146300, -115.330000, 1.220000 
53.795900, -113.099600, 5.748000 
53.288500, -110.018300, 0.840000 
58.555500, -118.915900, 0.126000 
54.284800, -115.698000, 0.432000 
53.340200, -113.538100, 0.053000 
51.696900, -114.475000, 1.673000 
51.915300, -113.578100, 0.797000 
