51.000100, -113.984300, 0.189000 
53.181200, -115.762500, 4.600000 
52.758100, -114.111600, 0.010000 
53.048100, -113.921000, 0.200000 
51.191300, -113.940900, 0.620000 
54.179100, -115.806000, 0.005000 
50.747700, -114.494700, 0.500000 
53.319500, -113.527900, 0.008000 
55.725100, -119.399900, 2.801000 
54.572300, -115.522900, 0.400000 
53.388700, -115.316900, 0.610000 
57.003300, -111.466100, 4.400000 
54.524700, -116.794300, 3.500000 
54.596400, -110.395000, 0.400000 
52.553700, -111.694000, 1.500000 
53.287100, -113.541400, 0.010000 
52.385800, -113.595000, 129.040000 
50.982200, -113.974200, 0.001000 
53.550500, -113.358900, 4.200000 
54.284800, -115.698000, 38.590000 
49.476100, -112.652500, 2.278000 
51.696900, -114.475000, 0.130000 
54.427200, -116.884300, 12.000000 
58.555500, -118.915900, 0.260000 
54.510900, -115.511700, 0.200000 
