52.308300, -113.550000, 1.300000 
52.940400, -114.832300, 0.568000 
55.725100, -119.399900, 0.997000 
57.003300, -111.466100, 43.500000 
57.040500, -111.619200, 11.555000 
50.053700, -110.711390, 56.175000 
51.570800, -114.851700, 0.130000 
51.000100, -113.984300, 0.621000 
53.795900, -113.099600, 22.253000 
49.305200, -114.000300, 1.954000 
51.965500, -114.753600, 5.814000 
53.319500, -113.527900, 0.162000 
53.804200, -113.082400, 2.724000 
53.841600, -113.097900, 5.800000 
53.287100, -113.541400, 1.160000 
53.541700, -113.391700, 26.120000 
56.380600, -116.795000, 0.149000 
54.596400, -110.395000, 1.200000 
53.952700, -113.078000, 1.700000 
53.546800, -113.734800, 1.710000 
53.245000, -115.674300, 1.830000 
53.388700, -115.316900, 3.150000 
54.194400, -116.632200, 100.320000 
54.524700, -116.794300, 2.569000 
53.288500, -110.018300, 1.920000 
53.550500, -113.358900, 32.600000 
52.146300, -115.330000, 9.852000 
53.733200, -113.175000, 0.310000 
53.204500, -116.811200, 1.841000 
53.354600, -113.715000, 0.700000 
54.952700, -119.195300, 1.000000 
53.048100, -113.921000, 13.100000 
50.747700, -114.494700, 0.200000 
52.758100, -114.111600, 1.427000 
51.534800, -114.203700, 1.992000 
52.463000, -114.346500, 2.824000 
52.226300, -115.177000, 1.467000 
51.637200, -112.866000, 2.379000 
53.746900, -113.164500, 3.460000 
52.959300, -115.893800, 1.364000 
54.833300, -118.646700, 0.215000 
55.358300, -114.617200, 0.200000 
49.720100, -112.781900, 11.165000 
53.475900, -117.036500, 7.200000 
54.427200, -116.884300, 2.130000 
51.696900, -114.475000, 4.392000 
54.284800, -115.698000, 0.821000 
51.915300, -113.578100, 9.317000 
49.476100, -112.652500, 3.449000 
53.340200, -113.538100, 0.074000 
58.555500, -118.915900, 0.106000 
51.526000, -113.880000, 1.374000 
