53.550500, -113.358900, 4.100000 
51.950100, -114.017700, 2.579000 
53.048100, -113.921000, 2.800000 
55.414400, -119.601600, 0.125000 
54.524700, -116.794300, 1.361000 
53.541700, -113.391700, 5.880000 
53.354600, -113.715000, 1.200000 
51.570800, -114.851700, 0.100000 
55.725100, -119.399900, 0.769000 
52.146300, -115.330000, 3.520000 
53.288500, -110.018300, 1.820000 
52.940400, -114.832300, 0.364000 
54.596400, -110.395000, 1.100000 
51.965500, -114.753600, 2.156000 
57.040500, -111.619200, 14.736000 
54.952700, -119.195300, 1.400000 
52.758100, -114.111600, 1.206000 
49.305200, -114.000300, 1.876000 
50.747700, -114.494700, 0.100000 
58.555500, -118.915900, 0.115000 
54.284800, -115.698000, 0.460000 
51.696900, -114.475000, 0.651000 
51.526000, -113.880000, 0.112000 
