52.940400, -114.832300, 0.366000 
53.559400, -113.597500, 4.400000 
51.965500, -114.753600, 8.355000 
52.286500, -114.970800, 0.300000 
53.288500, -110.018300, 4.310000 
55.725100, -119.399900, 0.477000 
50.747700, -114.494700, 0.200000 
52.776100, -115.660700, 2.237000 
53.550500, -113.358900, 54.700000 
54.792500, -116.643900, 1.061000 
51.637200, -112.866000, 3.121000 
56.380600, -116.795000, 0.275000 
53.388700, -115.316900, 2.930000 
52.146300, -115.330000, 6.243000 
53.475900, -117.036500, 7.270000 
53.546800, -113.734800, 0.948000 
53.541700, -113.391700, 31.870000 
52.226300, -115.177000, 3.165000 
51.570800, -114.851700, 0.210000 
54.194400, -116.632200, 50.550000 
54.524700, -116.794300, 4.745000 
57.003300, -111.466100, 57.000000 
53.795900, -113.099600, 18.537000 
51.950100, -114.017700, 5.758000 
53.746900, -113.164500, 0.490000 
53.048100, -113.921000, 5.500000 
53.287100, -113.541400, 1.895000 
53.804200, -113.082400, 0.133000 
51.534800, -114.203700, 3.326000 
53.245000, -115.674300, 1.780000 
53.319500, -113.527900, 0.953000 
51.000100, -113.984300, 2.600000 
53.354600, -113.715000, 0.500000 
57.040500, -111.619200, 17.155000 
49.305200, -114.000300, 3.297000 
52.758100, -114.111600, 2.495000 
53.181200, -115.762500, 1.279000 
50.983000, -113.988400, 23.000000 
58.555500, -118.915900, 0.072000 
51.915300, -113.578100, 3.638000 
53.340200, -113.538100, 0.186000 
54.510900, -115.511700, 22.800000 
54.284800, -115.698000, 0.232000 
54.427200, -116.884300, 1.700000 
51.526000, -113.880000, 0.674000 
53.022700, -112.811400, 13.500000 
51.696900, -114.475000, 0.537000 
53.531993, -113.364925, 0.260000 
