51.965500, -114.753600, 0.019000 
53.721700, -113.191700, 1396.000000 
55.725100, -119.399900, 0.130000 
51.191300, -113.940900, 1.000000 
52.308300, -113.550000, 0.840000 
49.305200, -114.000300, 0.945000 
50.747700, -114.494700, 0.200000 
53.319500, -113.527900, 0.237000 
52.940400, -114.832300, 0.130000 
55.414400, -119.601600, 0.130000 
53.048100, -113.921000, 4.200000 
53.204500, -116.811200, 1.000000 
52.553700, -111.694000, 0.900000 
56.377200, -117.175600, 230.750000 
50.805300, -110.034900, 4.400000 
50.994200, -113.985700, 3.529000 
50.982200, -113.974200, 15.020000 
53.570000, -113.611400, 21.831000 
50.647500, -113.772000, 0.300000 
53.572500, -113.360600, 68.530000 
54.194400, -116.632200, 0.700000 
53.733200, -113.175000, 1.300000 
51.005800, -113.987500, 0.130000 
51.000100, -113.984300, 1.010000 
53.582300, -113.588600, 179.062000 
52.226300, -115.177000, 0.010000 
57.003300, -111.466100, 3.000000 
50.086600, -110.716700, 300.009000 
53.287100, -113.541400, 1.651000 
54.923116, -112.861867, 13.330000 
53.841600, -113.097900, 39.390000 
53.413300, -117.570600, 231.302000 
55.071200, -118.691200, 77.900000 
53.952700, -113.078000, 0.400000 
51.696900, -114.475000, 0.144000 
58.555500, -118.915900, 0.172000 
54.284800, -115.698000, 0.159000 
49.476100, -112.652500, 1.282000 
53.531993, -113.364925, 1.212000 
53.340200, -113.538100, 0.504000 
