51.534800, -114.203700, 4.457000 
53.245000, -115.674300, 1.810000 
55.358300, -114.617200, 2.360000 
53.546800, -113.734800, 2.345000 
53.475900, -117.036500, 3.360000 
54.833300, -118.646700, 1.045000 
53.572500, -113.360600, 26.493000 
55.725100, -119.399900, 2.273000 
52.940400, -114.832300, 0.404000 
54.596400, -110.395000, 0.700000 
52.308300, -113.550000, 13.600000 
52.758100, -114.111600, 1.206000 
54.952700, -119.195300, 0.800000 
52.463000, -114.346500, 1.439000 
53.388700, -115.316900, 2.450000 
53.354600, -113.715000, 0.500000 
54.194400, -116.632200, 79.950000 
53.804200, -113.082400, 28.164000 
57.003300, -111.466100, 11.000000 
53.227700, -114.988900, 10.873000 
53.541700, -113.391700, 7.550000 
52.146300, -115.330000, 5.941000 
53.795900, -113.099600, 14.675000 
53.048100, -113.921000, 14.400000 
56.380600, -116.795000, 0.176000 
53.550500, -113.358900, 10.000000 
51.965500, -114.753600, 1.067000 
51.950100, -114.017700, 7.370000 
55.269500, -114.598300, 7.250000 
57.040500, -111.619200, 8.502000 
53.288500, -110.018300, 0.840000 
53.593060, -116.390300, 11.083000 
51.570800, -114.851700, 0.120000 
53.733200, -113.175000, 1.607000 
53.340200, -113.538100, 0.071000 
51.526000, -113.880000, 1.809000 
51.915300, -113.578100, 8.304000 
51.696900, -114.475000, 2.460000 
