53.550500, -113.358900, 8.900000 
53.319500, -113.527900, 0.293000 
49.305200, -114.000300, 0.788000 
57.040500, -111.619200, 8.380000 
52.776100, -115.660700, 1.045000 
53.795900, -113.099600, 1.824000 
51.965500, -114.753600, 1.622000 
52.758100, -114.111600, 2.495000 
57.003300, -111.466100, 20.300000 
51.534800, -114.203700, 0.751000 
51.950100, -114.017700, 2.515000 
53.541700, -113.391700, 12.200000 
51.570800, -114.851700, 0.035000 
51.696900, -114.475000, 0.092000 
54.284800, -115.698000, 0.055000 
51.526000, -113.880000, 0.060000 
