53.288500, -110.018300, 0.088300 
54.572300, -115.522900, 0.007000 
54.194400, -116.632200, 0.160000 
53.245000, -115.674300, 0.121000 
51.742300, -114.134500, 0.086000 
52.959300, -115.893800, 0.169000 
52.776100, -115.660700, 0.902000 
52.758100, -114.111600, 0.471000 
58.500000, -119.416700, 0.002000 
53.559200, -113.388800, 0.005800 
51.191300, -113.940900, 0.215000 
51.965500, -114.753600, 0.143000 
56.380600, -116.795000, 0.023000 
57.003300, -111.466100, 593.094300 
57.040500, -111.619200, 19.738000 
50.982200, -113.974200, 0.083000 
53.570000, -113.611400, 0.004000 
51.570800, -114.851700, 0.055000 
53.795900, -113.099600, 0.562000 
53.804200, -113.082400, 7.268000 
53.541700, -113.391700, 1.500000 
53.181200, -115.762500, 0.022400 
52.553700, -111.694000, 0.002000 
51.696900, -114.475000, 0.058000 
54.185400, -116.210400, 0.096000 
54.427200, -116.884300, 0.234000 
53.132300, -115.981700, 1.064000 
52.035300, -115.137700, 0.017300 
54.510900, -115.511700, 0.280000 
53.340200, -113.538100, 0.006400 
49.628100, -114.571900, 0.095000 
55.489100, -119.750800, 0.110000 
59.063100, -118.875700, 0.024000 
53.498700, -113.383100, 0.002000 
51.000700, -113.965670, 0.298700 
53.950900, -113.088100, 0.002000 
53.902300, -115.189300, 0.189000 
50.959200, -113.981200, 0.153100 
53.527200, -113.354800, 0.535800 
50.963600, -113.976680, 0.230300 
53.530040, -113.402010, 0.307600 
53.282300, -113.542000, 0.002000 
54.974300, -117.285800, 0.586000 
53.388600, -115.315800, 0.486000 
50.653300, -111.166100, 0.010000 
54.285000, -115.698200, 1.239000 
55.175000, -118.785400, 0.201300 
53.301700, -110.012600, 0.031500 
53.504100, -113.373300, 0.001900 
56.411700, -110.937600, 0.214000 
53.190400, -115.223500, 0.020000 
56.390700, -116.875400, 0.476000 
57.335400, -111.755600, 26.014900 
53.576900, -116.452400, 0.128000 
53.573700, -113.348400, 0.005000 
