50.675600, -110.025000, 0.465000 
53.559200, -113.388800, 0.068900 
55.725100, -119.399900, 0.100000 
51.191300, -113.940900, 0.100000 
50.982200, -113.974200, 0.001000 
53.570000, -113.611400, 0.011000 
51.570800, -114.851700, 32.283000 
53.795900, -113.099600, 0.143500 
53.804200, -113.082400, 0.593300 
53.541700, -113.391700, 0.500000 
53.181200, -115.762500, 0.000400 
54.524700, -116.794300, 11.206000 
58.555500, -118.915900, 0.100000 
51.526000, -113.880000, 0.100000 
51.400100, -114.034300, 0.707100 
53.757500, -113.149900, 0.376000 
53.250200, -115.555500, 0.018000 
51.000700, -113.965670, 0.606600 
57.351700, -111.522200, 0.353000 
59.641800, -118.307800, 0.237000 
53.737500, -113.149000, 0.134000 
52.942400, -113.511100, 14.722000 
55.175000, -118.785400, 0.000200 
