53.733200, -113.175000, 0.004000 
53.288500, -110.018300, 0.609400 
52.146300, -115.330000, 0.054800 
50.747700, -114.494700, 0.607000 
54.952700, -119.195300, 0.743000 
54.572300, -115.522900, 0.046000 
54.596400, -110.395000, 1.259000 
55.335900, -119.223000, 1.618000 
50.647500, -113.772000, 0.102000 
54.194400, -116.632200, 2.541000 
53.245000, -115.674300, 0.380000 
53.746900, -113.164500, 1.370000 
51.742300, -114.134500, 1.144000 
52.496000, -114.988000, 1.227200 
50.675600, -110.025000, 0.065000 
52.959300, -115.893800, 3.515000 
52.776100, -115.660700, 2.793000 
52.758100, -114.111600, 1.475000 
52.226300, -115.177000, 2.339000 
53.559200, -113.388800, 0.301100 
52.940400, -114.832300, 0.873000 
55.725100, -119.399900, 0.485000 
52.308300, -113.550000, 0.341000 
51.191300, -113.940900, 2.446000 
49.305200, -114.000300, 5.700000 
51.965500, -114.753600, 1.748400 
53.652000, -116.099200, 0.074000 
54.423300, -117.760400, 0.755000 
57.003300, -111.466100, 1551.755900 
57.040500, -111.619200, 87.145000 
50.982200, -113.974200, 0.017000 
53.570000, -113.611400, 0.016000 
51.570800, -114.851700, 0.712000 
53.795900, -113.099600, 6.292000 
53.804200, -113.082400, 0.826000 
53.541700, -113.391700, 8.300000 
53.181200, -115.762500, 0.399900 
54.833300, -118.646700, 0.876000 
54.524700, -116.794300, 0.546000 
52.553700, -111.694000, 0.007000 
54.130900, -115.546700, 0.073000 
53.550500, -113.358900, 21.708000 
58.555500, -118.915900, 0.103000 
51.526000, -113.880000, 0.230700 
51.696900, -114.475000, 0.786000 
54.772900, -110.579000, 1.206000 
54.185400, -116.210400, 1.075000 
53.757500, -113.149900, 0.181000 
54.427200, -116.884300, 2.991000 
53.132300, -115.981700, 1.415000 
52.035300, -115.137700, 0.319100 
54.510900, -115.511700, 0.377000 
55.481900, -119.059200, 0.104000 
49.628100, -114.571900, 0.061000 
57.546300, -119.112600, 1.413000 
53.250200, -115.555500, 0.182000 
55.489100, -119.750800, 3.780000 
53.581600, -113.599100, 1.972000 
53.571290, -113.355400, 0.383200 
53.557500, -116.547200, 2.121000 
59.063100, -118.875700, 0.183100 
53.817200, -113.133600, 0.092000 
53.498700, -113.383100, 0.042000 
51.000700, -113.965670, 0.851200 
53.950900, -113.088100, 0.003000 
53.670500, -115.762200, 0.149000 
51.010160, -113.964210, 2.018000 
53.902300, -115.189300, 0.979000 
53.550690, -113.349600, 11.023000 
52.674300, -111.311600, 0.133600 
57.298900, -111.503300, 4.195000 
53.286400, -110.017800, 0.225200 
52.656700, -111.311900, 0.361100 
54.420500, -110.213100, 0.045100 
55.582700, -110.888800, 0.533000 
55.069600, -110.536100, 3.722000 
57.351700, -111.522200, 0.379100 
50.959200, -113.981200, 0.739600 
53.527200, -113.354800, 2.089600 
50.967800, -113.969900, 0.095000 
53.543100, -117.797900, 0.215000 
52.588100, -111.206100, 0.332000 
50.963600, -113.976680, 3.982200 
53.530040, -113.402010, 5.015000 
53.282300, -113.542000, 0.005000 
50.129400, -111.908400, 0.063000 
57.590100, -117.531700, 0.420000 
53.159500, -114.902800, 0.270000 
54.974300, -117.285800, 0.581000 
53.388600, -115.315800, 1.424000 
50.653300, -111.166100, 0.109000 
56.215000, -110.968100, 0.297000 
59.641800, -118.307800, 0.074000 
53.549060, -113.760172, 0.100000 
51.086830, -114.043150, 0.455000 
53.288900, -110.012000, 5.100000 
53.566800, -113.365000, 0.829000 
52.639900, -111.273500, 0.629000 
54.342700, -110.328700, 0.007600 
54.285000, -115.698200, 3.121000 
49.080000, -112.050000, 1.078000 
52.380000, -114.140000, 1.362000 
55.175000, -118.785400, 0.165000 
53.504100, -113.373300, 0.018000 
56.193600, -110.950600, 0.947000 
55.527900, -110.873800, 0.021000 
56.411700, -110.937600, 0.902000 
53.190400, -115.223500, 0.203600 
56.390700, -116.875400, 0.472000 
52.298600, -114.201500, 0.021900 
56.113500, -111.829300, 1.535400 
57.335400, -111.755600, 27.592600 
53.573700, -113.348400, 0.119000 
55.041500, -119.631000, 0.437000 
