53.733200, -113.175000, 0.035000 
53.288500, -110.018300, 4.777300 
52.146300, -115.330000, 1.794700 
50.747700, -114.494700, 11.171000 
54.952700, -119.195300, 2.802000 
53.952700, -113.078000, 0.006000 
54.572300, -115.522900, 1.663000 
54.596400, -110.395000, 52.799000 
55.335900, -119.223000, 1.121000 
50.647500, -113.772000, 0.005000 
54.194400, -116.632200, 3.793000 
53.245000, -115.674300, 2.157000 
53.746900, -113.164500, 23.960000 
51.742300, -114.134500, 5.534000 
52.496000, -114.988000, 4.335600 
52.959300, -115.893800, 9.959000 
52.776100, -115.660700, 4.566000 
52.758100, -114.111600, 20.171000 
52.226300, -115.177000, 8.868000 
58.500000, -119.416700, 0.592700 
53.559200, -113.388800, 0.728900 
52.940400, -114.832300, 3.219000 
55.725100, -119.399900, 4.729000 
52.308300, -113.550000, 2.825000 
49.713599, -112.796397, 0.273000 
51.191300, -113.940900, 5.369000 
51.965500, -114.753600, 4.277000 
53.652000, -116.099200, 5.079000 
54.423300, -117.760400, 1.439000 
57.003300, -111.466100, 271.532900 
57.040500, -111.619200, 89.381000 
50.982200, -113.974200, 0.240000 
51.570800, -114.851700, 0.368000 
53.795900, -113.099600, 3.666500 
53.541700, -113.391700, 8.500000 
53.181200, -115.762500, 1.085300 
54.833300, -118.646700, 3.094000 
54.524700, -116.794300, 12.667000 
52.553700, -111.694000, 0.688000 
54.130900, -115.546700, 0.969000 
53.550500, -113.358900, 18.325800 
58.555500, -118.915900, 1.476000 
51.526000, -113.880000, 5.720400 
51.696900, -114.475000, 1.193000 
54.772900, -110.579000, 36.382000 
54.185400, -116.210400, 2.891000 
53.757500, -113.149900, 0.012000 
54.427200, -116.884300, 5.927000 
53.132300, -115.981700, 11.002000 
53.728270, -113.235520, 75.980000 
54.510900, -115.511700, 6.818000 
53.283800, -110.031900, 237.406900 
49.701943, -112.803037, 280.797000 
49.628100, -114.571900, 0.108000 
57.546300, -119.112600, 4.470000 
53.250200, -115.555500, 4.903000 
51.222500, -114.495600, 2.453000 
53.557500, -116.547200, 0.336000 
59.063100, -118.875700, 0.648000 
53.817200, -113.133600, 1.892000 
51.000700, -113.965670, 0.898500 
52.327100, -112.718300, 4.913000 
53.670500, -115.762200, 0.025000 
51.010160, -113.964210, 4.401000 
55.074200, -117.274200, 2.797000 
53.616600, -115.711100, 3.569100 
52.510900, -110.969600, 4.022000 
53.170200, -114.975000, 3.343600 
53.745000, -110.810800, 1.202800 
53.902300, -115.189300, 4.444000 
53.740700, -113.023100, 22.963000 
53.550690, -113.349600, 14.725000 
52.674300, -111.311600, 0.424000 
51.910600, -114.668100, 1.021000 
50.671900, -110.028900, 1.922000 
57.351700, -111.522200, 163.143900 
50.959200, -113.981200, 1.176600 
53.527200, -113.354800, 2.851700 
53.544400, -113.366200, 4.925100 
56.981400, -111.475800, 34.333000 
53.543100, -117.797900, 9.020000 
52.588100, -111.206100, 19.344000 
55.393100, -110.738300, 0.498000 
57.054200, -111.917200, 0.396000 
50.985100, -113.970200, 0.018000 
53.783300, -113.637600, 0.018000 
50.963600, -113.976680, 5.622800 
53.530040, -113.402010, 6.673300 
53.282300, -113.542000, 0.003000 
50.129400, -111.908400, 3.496000 
53.159500, -114.902800, 0.019000 
55.309200, -119.205800, 0.383000 
53.024700, -115.531100, 0.546000 
53.574200, -116.646900, 0.546000 
53.866900, -110.644900, 0.589000 
54.416000, -115.636200, 0.439000 
54.974300, -117.285800, 1.973000 
52.050100, -112.728300, 0.548000 
58.601100, -118.787200, 0.404000 
54.387000, -116.966700, 0.458000 
53.388600, -115.315800, 3.038000 
50.653300, -111.166100, 6.577000 
56.215000, -110.968100, 2.293000 
50.336800, -111.169800, 0.487000 
59.641800, -118.307800, 0.670000 
52.963700, -111.364700, 1.331700 
53.444100, -113.491800, 0.013000 
50.995300, -113.973800, 0.001000 
52.696100, -114.863800, 17.827000 
53.288900, -110.012000, 0.010000 
50.632000, -114.240300, 2.505000 
56.272700, -110.938200, 0.792000 
53.579500, -113.316800, 0.278000 
53.566800, -113.365000, 31.969000 
52.639900, -111.273500, 32.348000 
54.342700, -110.328700, 2.717100 
54.285000, -115.698200, 5.310000 
55.250000, -116.290000, 2.192000 
53.250500, -113.049900, 0.537000 
49.080000, -112.050000, 7.297000 
52.380000, -114.140000, 10.011000 
55.175000, -118.785400, 0.134300 
55.713300, -118.771000, 0.474000 
54.979700, -118.772700, 0.472000 
56.193600, -110.950600, 0.098000 
55.527900, -110.873800, 16.076000 
52.635200, -111.263900, 2.875000 
56.411700, -110.937600, 27.898000 
53.190400, -115.223500, 0.142100 
56.390700, -116.875400, 1.633000 
52.298600, -114.201500, 0.023500 
56.113500, -111.829300, 2.132400 
53.542800, -113.361400, 1.638900 
57.335400, -111.755600, 498.897400 
53.573700, -113.348400, 4.305000 
55.910000, -115.140000, 4.310000 
55.041500, -119.631000, 0.134000 
54.412370, -116.873430, 0.456000 
52.647440, -111.270000, 0.518800 
