53.288500, -110.018300, 0.960800 
52.146300, -115.330000, 0.004000 
50.747700, -114.494700, 0.383000 
54.952700, -119.195300, 0.804600 
54.572300, -115.522900, 0.100000 
54.596400, -110.395000, 0.209000 
55.335900, -119.223000, 0.565000 
50.647500, -113.772000, 0.022000 
54.194400, -116.632200, 1.124000 
53.245000, -115.674300, 0.420000 
53.746900, -113.164500, 5.698000 
51.742300, -114.134500, 0.595000 
50.675600, -110.025000, 1.208000 
52.959300, -115.893800, 2.176000 
52.776100, -115.660700, 1.138000 
52.758100, -114.111600, 3.108000 
52.226300, -115.177000, 1.943000 
58.500000, -119.416700, 0.003000 
52.940400, -114.832300, 0.590000 
55.725100, -119.399900, 0.766000 
51.191300, -113.940900, 1.445000 
49.305200, -114.000300, 1.485000 
51.965500, -114.753600, 0.756000 
54.423300, -117.760400, 0.495000 
57.003300, -111.466100, 144.800800 
57.040500, -111.619200, 77.009000 
51.570800, -114.851700, 0.301000 
53.795900, -113.099600, 1.371000 
53.541700, -113.391700, 1.400000 
54.833300, -118.646700, 0.989000 
54.524700, -116.794300, 0.915000 
52.553700, -111.694000, 0.064000 
54.130900, -115.546700, 0.093000 
58.555500, -118.915900, 0.025000 
51.526000, -113.880000, 0.217000 
51.696900, -114.475000, 0.231000 
54.772900, -110.579000, 0.282000 
54.185400, -116.210400, 0.624000 
53.757500, -113.149900, 2.786800 
54.427200, -116.884300, 0.923000 
53.132300, -115.981700, 1.947000 
52.035300, -115.137700, 0.112600 
54.510900, -115.511700, 0.328000 
51.078650, -114.017660, 1.353200 
49.628100, -114.571900, 0.011000 
57.546300, -119.112600, 0.636000 
53.250200, -115.555500, 0.213000 
55.489100, -119.750800, 0.475000 
52.327100, -112.718300, 0.934000 
53.670500, -115.762200, 0.051000 
53.902300, -115.189300, 0.772000 
52.674300, -111.311600, 0.056000 
57.351700, -111.522200, 0.681000 
53.530040, -113.402010, 0.429700 
50.129400, -111.908400, 0.005000 
57.590100, -117.531700, 0.196000 
53.159500, -114.902800, 2.213000 
55.309200, -119.205800, 0.164000 
53.024700, -115.531100, 0.237000 
53.574200, -116.646900, 0.237000 
53.866900, -110.644900, 0.221000 
54.416000, -115.636200, 0.190000 
54.974300, -117.285800, 0.358000 
52.050100, -112.728300, 0.237000 
58.601100, -118.787200, 0.174000 
54.387000, -116.966700, 0.198000 
53.388600, -115.315800, 0.513000 
50.653300, -111.166100, 0.364000 
50.336800, -111.169800, 0.261000 
59.641800, -118.307800, 0.075000 
54.285000, -115.698200, 1.143000 
55.713300, -118.771000, 0.203000 
54.979700, -118.772700, 0.126000 
56.193600, -110.950600, 0.092000 
55.527900, -110.873800, 0.053000 
56.390700, -116.875400, 0.294000 
53.573700, -113.348400, 0.494000 
55.041500, -119.631000, 0.006000 
54.412370, -116.873430, 0.170000 
