55.996700, -118.533600, 614.844000 
53.539700, -113.409200, 365.200000 
56.377200, -117.175600, 889.552000 
53.833100, -113.108900, 17.120000 
53.344000, -114.305000, 13879.280000 
53.733200, -113.175000, 1677.692900 
53.288500, -110.018300, 65.879300 
52.146300, -115.330000, 224.694800 
50.747700, -114.494700, 397.172000 
54.952700, -119.195300, 733.729000 
53.952700, -113.078000, 124.679000 
54.572300, -115.522900, 236.090000 
54.596400, -110.395000, 5605.630000 
55.335900, -119.223000, 39.087000 
50.647500, -113.772000, 49.122000 
54.194400, -116.632200, 833.970000 
53.546800, -113.734800, 63.059900 
53.245000, -115.674300, 302.610000 
53.746900, -113.164500, 37.930000 
53.718500, -113.183000, 0.063000 
54.144400, -115.691700, 46.000000 
49.789400, -112.126100, 69.024000 
54.179100, -115.806000, 33.197000 
52.564700, -112.141400, 9751.595000 
51.531700, -111.786100, 9777.861000 
54.007100, -119.104000, 1724.850000 
54.775000, -115.218600, 19.930000 
51.742300, -114.134500, 395.410000 
52.496000, -114.988000, 249.141900 
50.675600, -110.025000, 17.716000 
53.529100, -113.387500, 69.350000 
52.322100, -113.516600, 40.757000 
53.571700, -113.349800, 20.232400 
52.959300, -115.893800, 491.430000 
51.637200, -112.866000, 201.611000 
52.776100, -115.660700, 476.310000 
52.758100, -114.111600, 730.820000 
52.226300, -115.177000, 614.680000 
58.500000, -119.416700, 43.230400 
53.089200, -116.805900, 61.037000 
53.559200, -113.388800, 0.282700 
52.940400, -114.832300, 214.890000 
55.725100, -119.399900, 241.420000 
52.308300, -113.550000, 2711.714000 
49.713599, -112.796397, 15.191100 
51.191300, -113.940900, 648.812000 
53.733200, -113.486200, 0.948000 
49.305200, -114.000300, 436.900000 
51.039600, -114.559000, 224.140000 
51.965500, -114.753600, 260.568000 
56.380600, -116.795000, 273.298000 
53.722900, -113.174000, 1.600000 
53.721700, -113.191700, 1538.150000 
53.841600, -113.097900, 986.970000 
53.652000, -116.099200, 55.379000 
54.423300, -117.760400, 618.540000 
57.003300, -111.466100, 11358.658300 
57.040500, -111.619200, 14074.150000 
53.560000, -114.486200, 1038.040000 
53.508500, -114.557100, 28788.840000 
53.448700, -114.449100, 13374.570000 
52.385800, -113.595000, 11.875800 
51.181625, -114.472100, 3.380000 
51.022770, -114.027660, 50.700000 
52.033030, -113.938910, 18.865000 
53.227700, -114.988900, 24.600000 
53.593060, -116.390300, 83.119000 
51.570800, -114.851700, 37.189000 
55.070600, -118.688800, 0.479000 
50.846700, -113.581170, 275.730000 
55.071200, -118.691200, 827.236000 
53.795900, -113.099600, 846.700000 
53.804200, -113.082400, 348.066000 
53.413300, -117.570600, 663.855000 
50.845800, -113.586700, 1122.334600 
54.141900, -115.704200, 1.358000 
53.541700, -113.391700, 1675.500000 
53.181200, -115.762500, 664.784000 
51.219500, -114.645400, 278.782000 
50.805300, -110.034900, 2377.535000 
54.833300, -118.646700, 90.520000 
54.524700, -116.794300, 509.210000 
52.553700, -111.694000, 72.238000 
54.130900, -115.546700, 149.459000 
53.204500, -116.811200, 90.589300 
51.086700, -114.008800, 34.028000 
50.086600, -110.716700, 3227.546000 
53.550500, -113.358900, 1410.128300 
51.526000, -113.880000, 81.263400 
51.696900, -114.475000, 1744.156000 
55.248100, -114.514000, 30.460000 
53.531993, -113.364925, 228.400000 
54.772900, -110.579000, 3086.151000 
54.185400, -116.210400, 258.310000 
51.400100, -114.034300, 400.067300 
53.757500, -113.149900, 50.217000 
51.984500, -114.743800, 244.601000 
51.926500, -114.542700, 52.671000 
54.427200, -116.884300, 697.340000 
53.132300, -115.981700, 42.070000 
52.035300, -115.137700, 596.208800 
54.510900, -115.511700, 890.520000 
53.283800, -110.031900, 62.169300 
50.061200, -110.723000, 7.195000 
55.481900, -119.059200, 42.213000 
51.789600, -114.702800, 26.611800 
54.238200, -115.379700, 266.100000 
53.725400, -113.193000, 435.070000 
55.029800, -118.744000, 112.540000 
53.505652, -113.412963, 34.078000 
49.628100, -114.571900, 62.610000 
57.546300, -119.112600, 220.720000 
55.040000, -115.475800, 165.500000 
50.597600, -111.881800, 41.140000 
50.583700, -113.871100, 140.039700 
55.489100, -119.750800, 344.726000 
53.581600, -113.599100, 1764.885000 
55.876700, -119.301100, 107.613000 
51.222500, -114.495600, 962.490000 
53.557500, -116.547200, 665.872000 
59.063100, -118.875700, 142.362000 
51.058900, -115.174500, 3392.000000 
52.327100, -112.718300, 1458.830000 
56.904200, -117.633600, 41.830000 
53.670500, -115.762200, 230.425000 
53.723500, -113.173800, 130.621000 
50.058200, -110.728200, 499.154000 
54.133300, -115.366600, 35.672100 
53.527700, -113.392600, 18.817000 
55.074200, -117.274200, 80.654000 
58.194700, -116.350400, 20.958000 
55.199400, -116.221900, 192.061000 
55.993500, -113.480500, 258.895000 
53.799100, -113.080700, 267.040000 
58.518800, -117.119500, 315.900000 
54.139800, -115.689100, 16.300000 
54.587200, -112.803100, 3.773000 
53.902300, -115.189300, 87.660000 
53.740700, -113.023100, 701.825000 
52.212400, -113.843700, 42.719400 
52.228400, -114.397700, 293.854000 
51.189400, -113.937800, 234.398000 
52.766100, -114.285600, 54.534000 
53.593600, -113.335600, 35.660000 
57.298900, -111.503300, 547.700000 
49.797800, -113.043600, 7.480000 
53.345800, -111.251900, 21.710000 
50.040920, -110.721904, 200.332000 
50.664700, -113.784200, 9.900000 
50.443600, -110.882500, 72.435000 
49.801900, -113.104700, 28.500000 
49.677359, -112.862698, 4.200000 
53.608100, -111.264400, 11.160000 
53.622800, -115.869400, 8.810000 
50.269600, -112.893800, 163.192000 
53.652200, -113.716400, 16.200000 
52.308300, -113.550000, 475.044000 
58.447100, -119.238300, 294.640300 
58.460300, -115.238300, 77.282000 
53.402700, -117.599300, 70.185200 
50.577200, -111.178100, 218.396000 
52.869000, -115.101000, 81.386000 
50.671900, -110.028900, 58.104700 
52.904700, -115.324700, 27.680000 
55.582700, -110.888800, 75.069000 
53.091100, -111.768600, 43.184000 
55.069600, -110.536100, 887.344000 
53.373100, -116.086000, 190.447000 
51.006900, -113.192800, 275.382000 
57.351700, -111.522200, 744.237000 
53.519600, -113.529000, 164.083000 
51.024500, -114.025000, 32.800000 
52.315900, -113.850000, 48.752000 
50.847000, -113.591000, 140.730000 
53.819400, -113.141900, 96.520000 
54.043500, -117.420000, 241.774000 
56.031400, -117.976100, 37.155000 
49.975700, -114.130000, 119.879000 
52.058000, -114.908000, 113.283000 
52.983100, -112.189800, 65.766000 
51.935300, -112.079200, 29.488000 
54.829600, -118.647000, 328.835000 
54.402000, -112.553000, 22.631000 
51.099300, -112.639000, 110.257000 
53.960200, -116.460000, 114.277000 
54.483500, -118.100000, 164.421000 
57.188000, -118.248900, 134.346000 
52.719000, -115.708000, 21.615000 
51.360600, -111.745900, 32.254000 
55.450900, -113.923000, 60.841000 
50.697800, -111.531000, 83.484000 
50.704600, -110.844000, 31.625000 
51.943400, -114.736000, 403.178000 
53.470500, -116.496100, 116.034000 
50.693800, -114.330000, 241.783000 
52.355300, -115.332000, 188.106000 
52.755200, -110.747000, 38.689000 
51.444300, -114.527000, 166.035000 
53.244500, -116.238000, 243.782000 
51.068200, -115.136400, 507.389000 
53.862700, -110.639000, 27.000000 
52.479300, -115.206900, 145.676000 
53.431000, -117.540600, 0.650000 
53.010600, -112.810000, 1.035000 
52.255700, -113.886000, 1.692000 
53.645100, -114.130200, 2.231000 
51.407800, -113.668300, 155.936000 
50.963300, -112.288300, 176.706000 
50.676800, -110.018000, 41.658000 
50.701100, -111.095600, 33.640000 
53.066500, -117.404800, 60.720000 
54.293100, -116.188300, 216.693000 
53.826700, -113.603300, 100.957000 
53.039700, -111.220000, 90.412000 
55.866700, -119.596700, 98.065000 
54.839400, -118.658900, 79.083000 
54.285600, -115.711100, 84.038000 
54.140000, -115.553900, 71.298000 
51.065300, -115.221100, 13.740000 
53.501040, -113.489732, 36.593400 
52.375200, -114.921600, 23.500000 
53.569900, -118.021800, 111.889000 
55.969400, -117.575600, 127.089000 
52.412900, -114.407600, 40.227600 
54.512600, -111.824500, 23.735000 
53.109200, -114.981300, 201.361900 
52.752900, -114.445400, 29.913800 
53.472200, -115.100000, 83.045600 
51.890100, -114.495200, 52.141000 
52.119300, -114.684100, 52.491000 
52.035400, -114.612700, 40.417400 
52.046500, -114.588800, 125.122500 
52.002900, -114.597700, 31.587900 
53.937900, -116.660900, 38.116400 
53.767000, -116.751200, 37.263300 
51.878900, -114.666100, 30.656200 
51.813700, -114.536800, 109.593700 
53.006800, -110.995000, 75.772000 
50.194700, -110.479700, 47.732000 
50.187500, -110.476900, 47.833000 
50.205800, -110.476900, 43.020000 
53.152300, -111.076600, 46.270000 
52.843200, -111.722800, 379.763000 
53.607000, -112.592700, 162.948000 
53.537900, -111.785100, 276.051000 
53.635900, -112.019200, 274.141000 
55.931200, -112.047000, 162.934000 
54.687300, -111.944600, 79.838000 
54.658200, -111.622300, 23.090000 
51.209800, -110.161100, 207.682000 
51.213400, -110.336100, 33.790000 
52.308200, -114.096500, 101.403000 
52.322800, -114.020800, 56.563000 
51.649800, -110.187200, 177.124000 
52.926800, -111.889500, 179.727000 
51.770100, -111.422000, 189.083000 
51.791700, -111.536400, 177.219000 
52.555700, -111.805300, 91.125000 
52.402900, -111.844500, 23.991000 
56.036800, -113.782500, 28.190000 
52.402900, -111.736200, 117.461000 
55.644000, -114.659700, 104.744000 
55.858700, -113.841400, 162.963000 
54.897200, -117.708800, 401.310000 
54.218200, -110.712000, 69.804000 
54.101800, -114.292500, 102.495000 
55.225700, -114.493000, 68.848000 
55.247500, -116.641600, 232.918000 
54.359600, -116.152900, 47.636000 
54.229000, -110.348600, 26.370000 
54.432500, -110.306400, 30.379000 
54.210700, -110.241900, 79.810000 
54.243400, -110.762300, 20.217000 
54.025400, -110.681200, 307.548000 
54.056020, -110.357560, 40.285000 
54.113300, -110.564600, 44.546000 
54.221800, -110.584200, 254.716000 
54.105400, -113.442700, 59.467000 
53.277900, -110.034300, 62.385000 
53.883400, -110.041100, 163.893000 
50.471500, -111.606500, 27.910000 
50.227500, -113.548200, 62.236000 
50.937000, -113.292700, 45.314000 
50.231100, -113.519600, 29.069000 
50.151100, -113.562100, 20.977000 
52.912000, -110.682700, 21.079000 
52.908400, -112.435300, 68.923000 
53.155900, -112.326700, 334.089000 
54.298200, -112.824300, 114.320000 
56.091500, -111.817800, 154.576000 
55.991165, -112.032320, 148.527000 
55.869500, -112.001200, 265.204000 
55.924000, -111.896500, 69.185000 
55.873200, -112.145400, 28.631000 
52.923200, -115.107500, 157.568000 
52.779800, -113.629900, 203.545000 
52.774000, -113.520700, 141.036000 
52.719300, -113.617900, 125.122000 
52.857600, -113.320700, 30.450000 
53.345100, -114.743600, 59.200000 
52.872000, -113.629900, 192.957000 
52.868400, -113.666300, 104.734000 
52.734000, -113.162900, 38.820000 
52.104500, -113.077400, 92.940000 
52.592000, -113.967900, 141.256000 
52.322800, -114.020800, 337.626000 
52.373700, -114.076000, 56.674000 
58.568700, -119.201500, 24.100000 
54.138100, -111.908300, 127.778000 
53.890700, -117.354000, 187.688000 
53.643300, -111.426700, 97.570000 
55.728600, -119.775000, 62.373000 
55.641700, -119.635000, 40.390000 
53.850600, -112.190600, 47.340000 
55.396400, -119.599700, 107.491000 
50.100300, -111.988100, 31.711000 
53.956700, -111.172600, 95.576000 
53.796100, -111.941900, 311.880000 
55.483900, -118.970000, 64.781000 
54.203300, -116.848300, 126.512000 
53.766900, -112.203100, 132.727000 
50.129400, -111.908400, 61.893000 
52.621200, -114.827900, 114.287000 
54.494400, -115.957600, 62.199000 
53.927000, -114.376900, 22.493000 
54.650900, -114.528900, 74.245000 
54.338200, -114.060400, 103.420000 
55.913200, -114.482200, 55.583000 
54.078900, -113.346000, 74.156000 
54.221700, -112.905000, 39.210000 
54.403300, -112.528900, 24.120000 
54.443600, -112.583200, 105.049000 
53.952600, -112.390400, 29.475000 
54.068900, -112.184200, 53.276000 
54.206900, -112.409700, 25.865000 
54.545300, -112.670600, 40.927000 
54.530800, -112.920000, 15.031000 
53.908900, -113.172500, 87.145000 
55.116400, -116.712300, 39.231000 
52.544800, -110.713600, 65.625000 
58.943200, -118.916800, 36.285000 
59.067000, -118.875900, 56.125000 
58.975900, -119.118700, 22.397000 
59.165100, -118.725800, 125.033000 
59.117900, -118.654500, 74.833000 
58.997900, -118.797500, 165.617000 
59.005100, -119.033200, 78.675000 
59.219800, -119.268700, 118.235000 
59.095900, -118.576100, 64.268000 
57.364000, -119.763000, 115.293000 
57.360000, -119.749000, 41.072000 
57.368100, -119.729400, 49.697000 
57.382500, -119.778400, 74.353000 
57.318100, -119.860100, 101.392000 
52.632000, -112.945400, 21.155000 
52.746800, -112.988000, 37.321000 
52.588400, -113.161800, 65.500000 
52.144400, -115.535000, 22.168000 
52.180900, -112.647600, 176.452000 
52.198500, -112.638000, 140.175000 
52.166400, -112.658600, 99.075000 
52.549700, -112.579400, 72.800000 
51.893700, -114.400400, 375.055000 
52.402900, -114.707700, 184.190000 
52.480900, -114.870200, 184.139000 
52.199300, -114.564900, 31.444000 
52.544800, -114.641600, 82.549000 
52.319300, -111.477600, 341.094000 
52.235700, -111.788100, 42.616000 
52.220900, -111.937300, 131.791000 
51.955400, -111.845300, 59.774000 
52.326500, -111.128600, 91.892000 
51.977300, -111.173400, 123.864000 
52.064500, -111.298700, 174.248000 
52.446500, -111.272700, 20.428000 
52.515700, -113.173800, 809.484000 
52.450100, -113.167900, 71.292000 
49.871100, -112.913700, 137.958000 
52.490000, -113.034400, 30.584000 
52.366500, -113.191800, 56.797000 
52.515700, -113.366300, 31.103000 
51.748200, -113.592100, 67.950000 
52.104400, -110.695000, 139.054000 
52.028200, -110.564700, 63.603000 
51.977300, -110.486900, 39.170000 
52.264500, -110.570500, 106.931000 
50.737400, -112.084900, 137.367100 
50.542200, -112.204700, 119.133700 
54.162500, -112.841800, 71.073000 
50.704300, -111.155300, 48.050000 
50.518700, -111.910900, 60.470000 
50.838700, -111.520100, 95.777000 
50.977000, -111.683100, 45.715000 
50.922300, -111.391500, 42.703000 
51.300700, -112.042600, 32.354000 
57.299000, -118.228900, 128.096000 
52.166500, -113.256300, 34.335000 
54.796400, -117.658000, 30.052000 
52.286500, -114.123200, 40.140000 
54.785300, -117.658000, 295.815000 
52.457600, -114.419100, 59.775000 
57.200800, -118.819200, 29.239000 
55.891100, -119.798600, 31.968000 
55.494700, -119.289500, 30.599000 
54.290800, -116.918700, 23.493000 
51.488700, -113.153900, 491.388000 
53.719800, -113.596300, 40.970000 
53.416800, -113.917700, 110.620000 
53.137600, -113.794100, 23.763000 
53.179500, -111.779500, 28.920000 
57.189700, -119.054800, 263.367100 
53.821500, -113.490400, 144.375700 
56.731500, -115.478100, 32.797200 
56.964500, -117.007100, 32.732100 
53.949000, -113.285400, 29.032800 
57.157300, -115.122000, 61.467000 
55.938600, -117.239400, 37.929300 
52.366500, -112.734900, 383.874400 
51.213400, -111.030000, 83.508000 
56.058600, -118.161700, 24.642000 
56.582500, -118.118100, 92.713000 
51.591800, -110.750000, 23.521000 
49.689200, -112.942000, 60.099000 
57.153300, -118.334500, 78.878000 
56.818900, -118.570000, 43.751000 
54.127000, -110.486500, 88.925000 
51.333400, -110.667500, 80.766000 
51.959000, -110.767500, 143.159000 
55.698300, -118.783300, 73.204000 
54.334500, -110.310900, 121.229000 
56.982800, -118.305800, 66.401000 
51.773700, -114.222900, 49.565000 
50.987900, -111.741500, 44.213000 
51.425100, -110.513800, 44.210000 
56.691400, -118.771700, 37.569000 
56.727900, -116.305700, 88.373000 
56.069400, -119.877200, 56.517000 
56.506100, -117.982800, 155.250000 
56.069400, -118.247000, 89.056000 
51.413400, -111.766500, 62.041000 
51.254200, -110.402700, 49.722000 
50.220300, -112.444200, 146.352000 
49.521900, -112.859000, 82.377000 
51.620900, -114.483500, 55.459000 
51.911800, -114.512900, 99.066000 
52.068200, -114.546800, 89.183000 
51.919000, -114.394600, 337.855000 
51.897200, -115.040200, 298.971000 
51.948100, -115.081600, 117.137000 
52.093600, -115.143800, 145.480000 
52.104400, -115.161600, 59.967000 
52.090000, -115.161600, 20.527000 
52.064400, -115.131800, 133.773000 
51.828100, -114.980700, 149.629000 
53.035800, -115.965300, 70.389000 
53.912600, -116.745100, 102.128000 
54.029000, -116.769800, 43.444000 
54.287000, -117.069000, 100.263000 
54.207000, -117.169300, 246.125000 
54.385300, -116.975100, 66.926000 
54.345300, -116.880900, 37.184000 
54.350500, -116.766800, 38.395000 
57.338900, -119.657100, 729.830000 
57.349400, -118.670600, 78.786000 
57.346400, -118.350000, 84.689000 
57.193700, -118.199700, 201.181000 
57.120900, -118.139200, 47.243000 
57.418900, -118.942600, 102.095000 
57.502800, -118.745700, 135.849000 
57.338900, -118.460000, 319.537000 
55.676800, -111.113700, 31.889000 
55.720400, -111.347300, 96.667000 
55.713800, -111.263100, 107.116000 
55.352900, -110.627800, 387.862000 
55.451200, -110.853100, 64.270000 
55.396500, -110.737300, 91.575000 
54.436200, -111.205100, 67.452000 
55.694100, -113.599400, 112.541000 
55.520400, -113.781100, 112.494000 
55.509300, -114.146900, 163.698000 
55.585600, -117.891600, 665.800000 
53.159500, -114.902800, 46.720000 
54.647200, -119.332000, 96.485000 
54.836400, -119.145800, 41.382000 
54.796400, -119.439200, 20.920000 
54.872800, -119.361100, 40.692000 
54.829200, -119.490000, 71.976000 
54.800000, -119.775600, 144.316000 
54.607200, -119.332000, 114.351000 
54.796400, -119.719700, 107.591000 
54.720000, -119.110600, 385.487000 
55.494700, -119.412800, 22.716000 
52.544800, -114.545200, 117.116000 
52.184500, -114.737900, 48.702000 
53.103200, -115.363400, 34.608000 
52.814000, -114.786000, 233.971000 
52.140800, -115.060200, 22.485000 
52.708400, -115.428900, 104.437000 
53.101200, -114.761900, 101.189000 
51.649800, -114.501300, 49.370000 
53.257600, -115.507800, 40.616000 
53.909800, -115.787800, 43.059000 
53.828700, -115.943000, 160.831000 
53.366700, -116.022500, 49.809000 
53.326800, -116.168000, 79.346000 
53.534300, -116.333900, 22.823000 
49.616400, -112.472000, 23.770000 
49.958300, -113.556600, 68.704000 
53.035900, -111.403600, 62.355000 
53.777900, -115.974200, 21.894000 
53.777900, -115.769200, 63.617000 
54.130700, -115.765300, 53.256000 
54.887200, -119.828100, 46.274000 
55.061900, -119.337000, 22.747000 
55.018300, -119.413600, 26.161000 
55.047200, -119.828100, 20.757000 
55.032800, -119.623900, 22.858000 
55.010800, -119.865000, 61.418000 
54.901900, -119.891700, 21.347000 
54.985600, -119.828100, 22.669000 
57.480800, -119.160100, 35.259000 
55.979700, -119.426100, 54.210000 
51.065100, -114.130500, 51.350000 
51.180450, -113.937280, 52.732000 
53.013900, -116.258600, 277.719000 
52.703800, -114.572500, 43.556000 
50.901600, -110.480800, 99.333000 
51.500600, -113.804400, 27.531000 
50.805800, -111.507500, 136.642000 
51.027000, -114.018600, 2.131400 
52.122900, -113.847000, 88.474000 
54.130600, -119.218900, 40.210000 
54.439300, -119.655000, 20.376000 
54.459900, -119.717000, 65.987000 
54.152600, -110.931500, 29.535000 
56.538600, -119.950600, 127.088000 
51.213300, -111.355600, 170.095000 
52.013600, -112.986700, 80.757000 
54.894400, -111.813900, 129.827000 
55.069400, -113.313900, 252.169000 
53.499300, -116.805300, 429.263000 
50.718600, -111.322200, 22.646000 
51.082500, -111.915600, 135.525000 
54.527200, -112.926100, 44.365000 
51.620800, -112.069400, 134.257000 
54.734400, -112.638900, 68.482000 
53.440800, -111.000500, 23.975000 
55.026700, -112.185100, 41.917000 
53.686900, -116.776400, 28.377000 
57.004500, -113.188600, 673.139000 
52.755600, -111.282200, 73.089000 
54.763600, -114.302800, 78.694000 
52.334100, -113.674200, 82.238000 
57.485900, -113.793100, 50.161000 
50.863600, -111.847200, 87.154000 
51.300800, -112.041700, 58.387000 
55.418300, -111.411700, 50.132000 
55.186400, -111.439100, 118.608000 
51.449700, -111.571700, 112.499000 
50.314800, -111.468400, 90.880000 
54.257200, -112.373600, 134.492000 
54.345300, -112.905000, 55.971000 
54.375200, -110.402100, 21.608000 
54.855000, -118.521900, 59.191000 
52.235800, -113.377700, 55.151000 
50.940600, -111.880600, 144.240000 
54.447400, -117.523700, 246.813000 
50.867800, -111.796900, 79.519000 
53.415200, -110.857100, 74.633000 
51.943400, -112.077500, 55.007000 
51.609700, -112.623300, 24.938000 
54.536100, -117.111400, 23.341000 
54.708900, -113.448100, 79.122000 
54.548100, -117.411400, 137.068000 
56.134800, -113.201300, 61.924000 
53.968500, -110.458900, 28.143000 
52.599200, -113.973100, 68.594000 
54.985700, -111.789200, 28.427000 
55.597300, -111.770600, 79.603000 
49.485000, -111.218200, 24.860000 
51.961400, -112.370000, 70.690000 
55.121400, -114.159100, 55.413000 
53.997000, -111.569200, 204.221000 
50.698800, -111.458000, 52.160000 
54.130600, -115.231400, 147.966000 
50.201900, -111.439700, 106.111000 
51.264200, -112.381900, 62.076000 
54.685600, -117.414400, 174.743000 
54.523500, -113.846300, 38.515000 
54.612500, -118.214300, 152.009000 
53.215900, -116.497000, 200.004000 
54.102500, -112.310200, 224.283000 
54.627100, -118.513200, 29.719000 
54.627000, -117.464200, 132.436000 
50.101700, -111.307800, 65.245000 
50.828700, -111.791400, 27.317000 
55.631500, -112.189600, 298.534000 
55.294800, -114.145800, 51.314000 
54.261700, -117.249400, 24.551000 
55.136500, -113.794500, 24.904000 
51.570600, -111.357100, 46.187000 
55.949600, -110.624000, 32.437000 
50.989600, -112.067900, 74.059000 
55.891800, -111.717900, 133.648000 
54.510600, -117.501800, 161.505000 
53.868700, -110.202400, 23.011000 
52.155600, -113.529700, 272.861000 
56.956900, -112.850800, 42.363000 
54.352500, -111.150000, 44.251000 
54.702500, -112.900400, 99.981000 
53.946900, -110.794600, 52.361000 
53.770600, -117.601400, 409.920000 
54.209200, -113.773700, 91.033000 
56.913500, -112.765900, 45.131000 
52.941900, -114.043400, 90.919000 
53.583000, -116.842000, 314.328000 
54.803600, -110.347500, 20.021000 
55.152800, -112.974700, 34.141000 
56.986100, -113.032800, 37.843000 
54.949200, -112.304700, 57.533000 
54.528700, -117.464200, 233.338000 
56.199000, -110.675100, 78.690000 
56.302200, -112.309400, 120.474000 
55.093800, -113.623700, 70.853000 
50.047200, -113.556900, 159.579000 
49.098600, -111.476400, 65.614000 
55.823000, -110.792300, 168.296000 
56.083300, -112.515100, 68.228000 
49.448100, -111.396900, 20.067000 
51.733100, -111.640300, 52.102000 
52.958300, -111.238400, 92.106000 
50.511400, -111.289400, 157.210000 
56.622700, -119.946500, 352.236000 
54.294400, -111.306700, 99.629000 
50.191900, -111.301800, 157.973000 
54.745300, -112.126900, 48.341000 
53.714300, -110.747300, 224.983000 
51.460600, -112.652800, 79.613000 
51.468800, -112.609800, 32.572000 
51.468100, -112.688100, 31.260000 
51.665300, -112.323200, 20.600000 
54.206700, -116.766700, 209.650000 
53.706600, -117.241000, 56.870000 
51.971600, -112.630300, 52.984000 
51.315900, -113.428500, 100.574000 
52.202900, -112.677300, 20.001000 
52.613900, -112.805800, 97.672000 
52.544700, -112.902200, 115.505000 
51.691800, -112.224000, 292.079000 
51.225200, -113.612600, 62.134000 
52.517600, -114.346500, 27.080800 
53.197300, -114.098200, 85.334000 
54.896300, -118.487000, 53.416000 
55.993100, -119.771100, 82.772000 
55.265600, -114.601400, 84.062100 
54.037600, -116.698500, 93.424000 
53.388600, -115.315800, 132.610000 
54.350500, -116.766800, 107.519000 
54.520000, -116.810900, 41.809000 
50.006500, -114.146000, 32.057000 
50.609400, -113.706700, 25.448000 
50.397600, -113.925500, 108.451000 
50.677900, -113.715700, 24.217000 
56.556900, -119.363900, 33.815000 
50.957700, -113.714500, 22.126000 
52.304700, -116.206100, 99.438100 
53.706600, -115.976300, 85.475000 
50.521800, -113.913200, 48.912000 
50.653300, -111.166100, 416.580000 
50.576700, -112.630300, 74.503000 
50.704200, -111.160300, 103.780000 
50.158400, -112.136500, 29.117000 
52.926700, -113.998900, 32.253000 
51.024500, -111.642800, 68.788000 
51.552500, -111.490600, 284.841000 
51.176900, -112.055300, 116.092000 
51.915100, -113.373700, 58.694000 
52.358000, -114.324100, 132.571000 
52.091000, -112.761500, 58.710000 
51.684400, -111.851300, 23.638000 
51.637100, -112.865800, 37.730000 
52.743400, -114.113400, 80.336000 
52.851400, -114.046900, 120.157000 
51.137900, -111.577600, 95.156000 
51.507100, -111.886500, 34.447000 
52.010000, -113.601400, 27.765000 
55.781200, -114.307200, 83.150000 
52.265500, -114.517800, 27.900000 
52.193500, -112.771900, 54.600000 
52.707000, -114.137500, 23.352000 
53.825000, -115.556700, 124.283000 
53.216900, -116.358700, 27.114000 
55.245100, -119.689000, 23.854000 
54.772300, -116.680400, 121.380000 
52.260500, -113.816600, 126.384000 
55.639400, -118.984300, 27.583000 
52.366300, -114.963000, 230.744000 
55.666900, -117.761600, 26.886000 
55.651800, -111.084400, 48.881000 
55.432800, -118.041700, 22.385000 
52.829600, -113.910900, 94.946000 
56.930900, -115.252200, 72.603000 
49.729200, -114.427200, 50.733000 
55.767500, -118.126400, 56.481000 
55.800300, -117.813800, 33.624000 
55.145600, -114.118900, 42.567000 
54.388400, -110.949300, 75.819000 
54.665300, -119.129700, 52.591000 
53.193400, -110.863100, 25.091000 
55.640300, -118.502800, 107.117000 
53.385100, -110.034700, 23.444000 
52.221100, -112.418700, 43.211000 
53.210800, -110.201900, 47.533000 
56.731500, -115.611500, 140.737000 
52.370000, -115.061700, 38.702000 
54.858100, -119.235000, 89.521000 
54.348900, -119.463300, 115.604000 
55.586800, -119.433800, 38.170000 
52.399300, -115.020500, 214.920000 
49.445600, -111.970900, 89.170000 
57.418900, -119.675000, 20.086000 
54.552500, -111.305300, 22.364000 
57.374300, -119.234900, 52.709000 
57.303800, -114.973000, 151.973000 
53.756800, -110.101300, 59.813000 
55.769300, -118.567800, 181.346000 
54.033400, -117.756900, 87.694000 
54.965100, -119.306800, 131.987000 
56.091600, -111.039700, 193.952000 
52.140800, -112.157200, 82.422000 
56.347100, -119.190500, 24.505000 
55.954200, -117.710800, 135.947000 
50.707600, -110.485200, 26.925000 
50.202700, -110.661300, 169.490000 
50.336700, -110.135000, 352.221000 
50.294200, -110.593500, 272.692000 
50.191100, -110.259400, 136.034000 
53.017500, -112.191400, 55.403000 
53.337800, -111.243900, 348.521000 
53.178600, -112.537000, 38.993000 
53.562800, -112.328500, 94.486000 
53.967600, -112.269100, 40.446000 
53.391400, -111.213900, 55.043000 
52.719200, -111.500600, 80.653000 
52.090700, -112.766700, 74.750000 
55.862200, -119.589200, 62.026000 
55.862200, -119.720300, 22.502000 
56.098600, -119.288100, 113.992000 
55.945800, -119.805300, 25.969000 
52.268400, -113.351800, 80.076000 
50.955100, -112.697800, 40.858000 
51.002300, -112.884200, 43.401000 
50.995000, -112.801700, 35.287000 
50.965900, -113.030200, 202.900000 
51.013400, -112.907600, 25.342000 
51.013400, -113.152700, 21.587000 
51.115100, -112.960100, 76.933000 
51.122600, -113.164300, 36.233000 
51.217000, -113.977700, 121.339000 
51.006200, -113.176000, 64.526000 
51.020700, -112.948400, 213.380000 
50.278300, -111.468400, 164.393000 
50.289400, -112.007500, 143.282000 
50.220300, -111.549000, 21.761000 
50.274700, -111.847600, 76.255000 
50.238300, -111.939500, 33.017000 
50.413200, -111.755900, 20.365000 
50.536800, -112.031500, 42.234000 
50.656800, -111.410100, 69.730000 
50.671500, -111.695300, 197.169000 
50.998700, -112.464500, 56.756000 
51.126200, -112.359500, 278.021000 
51.304300, -112.653700, 157.954000 
51.275400, -112.906500, 92.310000 
51.402400, -112.918100, 458.280000 
51.075100, -112.231200, 32.785000 
51.060700, -112.412000, 24.982000 
51.118700, -112.505300, 28.184000 
51.147800, -112.621100, 73.316000 
51.129700, -114.767900, 58.688000 
51.151500, -112.703700, 46.792000 
51.322600, -112.542000, 60.526000 
51.406200, -112.347600, 118.438000 
50.675000, -111.762200, 122.017000 
50.802300, -111.902000, 235.352000 
50.795100, -112.017800, 343.670000 
50.893400, -112.174000, 186.029000 
50.842300, -112.463400, 104.508000 
50.915100, -112.451700, 582.546000 
50.627900, -111.965600, 79.440000 
50.635100, -112.237600, 22.168000 
50.700700, -112.110300, 46.383000 
50.707900, -112.353400, 54.852000 
50.711500, -112.394000, 217.730000 
50.755100, -111.786200, 23.180000 
50.809500, -111.693700, 159.376000 
50.867900, -111.936700, 165.728000 
50.860700, -112.035100, 108.826000 
50.864300, -112.353400, 92.695000 
50.977000, -112.242800, 126.610000 
50.889400, -113.406800, 349.765000 
51.264300, -113.205200, 44.985000 
51.380700, -113.229600, 137.460000 
51.402600, -113.247400, 179.241000 
50.984300, -113.444300, 36.035000 
51.075100, -113.409300, 203.122000 
51.078700, -113.537700, 33.464000 
51.264300, -113.403500, 84.904000 
51.359000, -113.352900, 41.779000 
50.766500, -111.946400, 29.325200 
55.520300, -119.315300, 158.741000 
57.840900, -117.867800, 22.900000 
57.931900, -117.835000, 377.980000 
58.081200, -117.635600, 193.943000 
57.808400, -118.093900, 39.502000 
58.030100, -118.399800, 22.966000 
56.222300, -112.706800, 67.351000 
54.567300, -111.976300, 21.090500 
54.854500, -111.802000, 50.895000 
54.949300, -110.622600, 33.296000 
54.970900, -110.750100, 25.334000 
54.985700, -110.737300, 23.560000 
55.047300, -110.577800, 48.645000 
55.102000, -110.507600, 21.455000 
55.112900, -110.853100, 26.768000 
55.240100, -114.042800, 23.043000 
55.232900, -110.698700, 42.122000 
55.218400, -111.316200, 190.115000 
55.309300, -110.480100, 33.557000 
55.294800, -110.795100, 102.626000 
57.266800, -114.892000, 87.927000 
57.240900, -112.620700, 55.556000 
57.542900, -112.226600, 42.321000 
51.304300, -112.970900, 20.535000 
51.409800, -113.094600, 501.334000 
50.740700, -112.324500, 170.221000 
52.712000, -114.076600, 25.163000 
52.708400, -114.446600, 169.450000 
52.777600, -114.234300, 489.914000 
52.792000, -114.204100, 30.357000 
52.807000, -114.258600, 318.940000 
52.912000, -114.064600, 297.314000 
50.096700, -111.110000, 25.898000 
50.165800, -110.841900, 22.517000 
50.165800, -111.052800, 190.568000 
50.187600, -111.167000, 135.363000 
50.223900, -110.761900, 112.145000 
50.223900, -110.899700, 50.983000 
50.224000, -110.037500, 221.366000 
50.398600, -110.503300, 323.623000 
50.573100, -111.177500, 276.333000 
50.700700, -110.478000, 238.440000 
50.700600, -110.772500, 111.482000 
55.363900, -119.760600, 46.471000 
55.443900, -119.522500, 32.828000 
55.418300, -119.773300, 23.252000 
52.574000, -115.393600, 27.895000 
52.217300, -112.307300, 71.920000 
56.095100, -113.448600, 502.809000 
50.700700, -111.022200, 75.539000 
50.314700, -111.968400, 52.127000 
50.631500, -111.022200, 59.895000 
50.336800, -111.169800, 21.810000 
52.439300, -110.298300, 27.294000 
52.599300, -113.083800, 24.720000 
52.606500, -115.014400, 20.239000 
54.223000, -113.478600, 104.304000 
53.254000, -113.048200, 123.141000 
53.064800, -110.608900, 27.001000 
51.239700, -115.564600, 30.089000 
50.784300, -113.667400, 50.079000 
50.755100, -112.162300, 39.316000 
51.766200, -111.963700, 83.105000 
51.915400, -111.744500, 21.085000 
52.020900, -112.402800, 42.151000 
50.922300, -112.003700, 98.320000 
55.619600, -119.503300, 64.541000 
55.498300, -119.516700, 44.639000 
53.837900, -113.933100, 99.662000 
55.771100, -119.828100, 38.042000 
50.591500, -111.780300, 478.855000 
50.078300, -110.419700, 21.639000 
53.188700, -115.642200, 221.330000 
51.439000, -112.054500, 58.228000 
51.359000, -112.360100, 210.666000 
51.784500, -113.402700, 68.196000 
51.531300, -113.276300, 306.572000 
51.642600, -113.337700, 461.536000 
53.374300, -114.527900, 150.980000 
53.363200, -114.456300, 21.253000 
51.122600, -112.149500, 47.786000 
51.038600, -111.864000, 77.157000 
51.046200, -112.044500, 49.638000 
49.958300, -111.030000, 42.756000 
50.456800, -110.181600, 41.984000 
50.565900, -110.210200, 105.532000 
50.755100, -110.310200, 41.574000 
53.876200, -117.149000, 54.374000 
53.937900, -116.900400, 44.768000 
53.981500, -116.999800, 24.050000 
53.228700, -115.104400, 101.261000 
54.323400, -115.677500, 82.470000 
54.276200, -115.690000, 51.870000 
54.287000, -115.715300, 28.720000 
51.726200, -114.436000, 53.785000 
51.697300, -114.536800, 168.298000 
51.569800, -113.964100, 22.323000 
54.509700, -110.909900, 164.127000 
52.640400, -113.252100, 87.093000 
55.574700, -118.815800, 209.166000 
52.435700, -113.390400, 762.672000 
55.433300, -116.483200, 74.167000 
52.727800, -113.270100, 61.952000 
51.971000, -114.052700, 56.565100 
51.366200, -112.771200, 30.393200 
51.093400, -112.820100, 111.619900 
52.275700, -114.218800, 23.585900 
52.017300, -113.148800, 49.629200 
51.271400, -112.829200, 21.176500 
51.962900, -113.734300, 22.724900 
51.635400, -112.792600, 50.078700 
51.871800, -112.887600, 66.025400 
51.751800, -113.864600, 40.550300 
52.522800, -116.380000, 35.094500 
52.475700, -111.441400, 24.023100 
52.439300, -110.316400, 38.239900 
51.737300, -112.561700, 64.078900 
54.560100, -113.841100, 24.031500 
55.087300, -113.141000, 37.457400 
54.352600, -110.517800, 25.627800 
56.613100, -112.849000, 217.399000 
58.110400, -118.115600, 92.874300 
56.233200, -113.896400, 111.664700 
56.513900, -115.606000, 20.767200 
55.887600, -112.125700, 21.547300 
55.293900, -112.897500, 22.491100 
55.542000, -113.430800, 54.108400 
55.585700, -112.963500, 37.920100 
55.625700, -114.374200, 36.036300 
55.785900, -112.982900, 27.485800 
56.098700, -111.824500, 23.054600 
58.128400, -118.382100, 37.693200 
55.774800, -113.774700, 33.133600 
55.385700, -113.001600, 100.148400 
49.521900, -112.139500, 21.263700 
49.569200, -112.149200, 35.027000 
50.711900, -111.057400, 40.018700 
54.436100, -118.743800, 41.774700 
53.428700, -116.722200, 21.661300 
54.003300, -118.246500, 30.616000 
52.319200, -115.580000, 23.366100 
53.635900, -116.931800, 44.966900 
52.493600, -115.935000, 104.309400 
51.777300, -113.195400, 22.396700 
50.427600, -112.462300, 41.342700 
50.616800, -112.845300, 27.491600 
50.675000, -113.087500, 38.718100 
55.196500, -112.570400, 41.369600 
56.280700, -116.119100, 28.615100 
53.068700, -110.572200, 23.361500 
50.485900, -111.702200, 518.054000 
50.689500, -111.554800, 327.589000 
52.610400, -114.821800, 368.661000 
50.009200, -110.847500, 141.447000 
50.897000, -111.693700, 413.611000 
50.522300, -111.652300, 297.966000 
50.103900, -110.864700, 101.438000 
55.432900, -111.219800, 10.143000 
56.313200, -111.636200, 114.430000 
50.777100, -113.397000, 28.439900 
50.675000, -113.452200, 81.558100 
54.161300, -117.665100, 140.000000 
52.675900, -110.515800, 40.943000 
52.222500, -115.247400, 25.747400 
54.268900, -111.143600, 41.462400 
57.877200, -119.740900, 164.255000 
49.652800, -111.231900, 28.079000 
52.024500, -112.778700, 28.210000 
52.111800, -112.731200, 31.736000 
53.561500, -116.577900, 50.884000 
52.079300, -111.012200, 29.188800 
53.523200, -114.879200, 46.240000 
56.560600, -119.031700, 117.600000 
53.392300, -115.316900, 65.660000 
53.392300, -115.310800, 6.830000 
52.042900, -114.588800, 361.670000 
53.974300, -114.923900, 279.950000 
52.439300, -114.304600, 138.270000 
52.759300, -115.531900, 135.170000 
49.816400, -112.070100, 16.000000 
52.522900, -111.634000, 15.200000 
49.791100, -112.557000, 9.900000 
49.761900, -113.394800, 7.700000 
50.693200, -113.672900, 69.115000 
51.388100, -110.772500, 57.820000 
51.209800, -113.141000, 23.240000 
52.362900, -113.534900, 49.140000 
50.223900, -113.513800, 9.900000 
50.627800, -111.287500, 151.560000 
50.693100, -111.322200, 191.580000 
53.897900, -116.067500, 70.300000 
52.130100, -110.116900, 4.340000 
54.963600, -117.670700, 326.306800 
52.344800, -114.262400, 36.563100 
54.978300, -117.708800, 37.592000 
52.279300, -114.129100, 25.188300 
52.162900, -114.576800, 37.043600 
52.966800, -111.131600, 28.475000 
50.165900, -110.089100, 75.457000 
54.454400, -119.091700, 72.202000 
53.512300, -115.611900, 67.648000 
52.697500, -116.005000, 22.309000 
54.538100, -119.066400, 39.633000 
56.833400, -113.112100, 150.523000 
55.847500, -111.358600, 67.997000 
54.669000, -110.275600, 97.909300 
55.996800, -110.822600, 22.038000 
54.516100, -116.886800, 24.404000 
54.505300, -116.450600, 33.995000 
59.641800, -118.307800, 98.180000 
51.813600, -112.454200, 86.155000 
54.418100, -116.362000, 173.348000 
52.337200, -114.195300, 45.880000 
54.232500, -116.611500, 131.614000 
54.363300, -116.624000, 58.835000 
58.728700, -118.005300, 51.387000 
54.792900, -115.521700, 218.350000 
53.872500, -116.085000, 42.910000 
54.458200, -115.641400, 70.260000 
53.828700, -115.943300, 268.410000 
54.647300, -115.495800, 19.970000 
58.081200, -117.828800, 33.059900 
51.970000, -110.629400, 102.962700 
55.710300, -116.604200, 29.431800 
55.651200, -116.386000, 87.910200 
51.868200, -110.139700, 151.911700 
53.090400, -115.245000, 34.783000 
53.023200, -114.850900, 74.550000 
53.254000, -114.437900, 43.082900 
53.181200, -114.486800, 278.543800 
52.936200, -114.160900, 25.914300 
52.848900, -114.620300, 113.720000 
52.890400, -114.865000, 53.442600 
52.715600, -110.621400, 54.514600 
55.830300, -116.673400, 31.750900 
52.941600, -114.418200, 69.860700 
59.601800, -117.409700, 54.510000 
56.458600, -119.914300, 143.575800 
54.844900, -115.332400, 28.829100 
53.428700, -115.125800, 72.417900 
58.683300, -118.670000, 99.861300 
58.073200, -118.762000, 80.814700 
52.836500, -110.790500, 46.865800 
52.923200, -110.767700, 23.411500 
58.305400, -118.888000, 30.111100 
50.337100, -111.513600, 33.133800 
53.479400, -115.130800, 30.059600 
52.446500, -114.671600, 30.500800 
51.762600, -110.139700, 35.116200 
52.650400, -115.080800, 78.996500 
51.865400, -110.585600, 101.329100 
57.320900, -118.063600, 149.805000 
53.173900, -114.884600, 33.281400 
50.715500, -110.953700, 29.686900 
57.851600, -119.158100, 289.571500 
50.271200, -110.376900, 72.053800 
50.395000, -110.353900, 101.679500 
50.307500, -110.502500, 179.046400 
50.362200, -110.509100, 27.452100 
50.282400, -110.468900, 122.338200 
50.507600, -110.325200, 51.335700 
50.453200, -110.204700, 28.205100 
50.318700, -111.261700, 212.306000 
50.340400, -111.302000, 207.484800 
50.267600, -111.330600, 329.875800 
53.134000, -115.678900, 140.536000 
53.148700, -115.746100, 86.330000 
52.541200, -115.170800, 39.180200 
52.439300, -115.044700, 27.304400 
52.512000, -115.044700, 32.097300 
52.464700, -115.007500, 60.188300 
52.526400, -115.916900, 33.252300 
52.461400, -114.346900, 178.483000 
52.570100, -114.533200, 58.892400 
53.064700, -116.436900, 123.792200 
52.850300, -116.465800, 142.848100 
53.039400, -116.406400, 356.084800 
53.163100, -117.017800, 142.559100 
52.806800, -114.640400, 67.956400 
52.712000, -114.573800, 105.389700 
57.042500, -111.905000, 68.159800 
51.838900, -114.980700, 21.146000 
53.395900, -112.759100, 29.019900 
51.824000, -110.948800, 81.043900 
52.359400, -113.971400, 54.584100 
52.402900, -114.593500, 28.343200 
53.752300, -117.099300, 132.140000 
50.758700, -111.641500, 120.290000 
51.581600, -113.840400, 43.828000 
50.583900, -113.302700, 65.792000 
50.736800, -113.325700, 143.728000 
52.119200, -115.215400, 49.079000 
55.603900, -119.347800, 81.751000 
54.370800, -116.874800, 31.732500 
52.028200, -114.809600, 30.456000 
54.087500, -115.770200, 6.936700 
52.843100, -115.604700, 71.082000 
52.260900, -114.946900, 25.194000 
52.628400, -114.882100, 34.638000 
55.976100, -119.803900, 25.392200 
50.013100, -112.393100, 38.967000 
52.774000, -114.501000, 10.700000 
52.766800, -114.489100, 50.000000 
49.088900, -112.414800, 19.200000 
54.385300, -118.624900, 30.485700 
53.097500, -113.193900, 76.824600 
54.760100, -113.815800, 156.000000 
54.654500, -114.092500, 12.000000 
54.763700, -113.938300, 19.000000 
52.730400, -114.112900, 29.200200 
52.608500, -114.186200, 22.932900 
58.368300, -118.990000, 201.534000 
58.255700, -119.187300, 60.975000 
58.059200, -118.287500, 168.201000 
57.971400, -118.584100, 46.663000 
50.889400, -114.761800, 235.000000 
51.198900, -114.820200, 17.500000 
51.118600, -114.732700, 16.500000 
49.229200, -114.029100, 258.387000 
49.488900, -113.955100, 434.818000 
52.088200, -115.689400, 75.746000 
51.135900, -114.144900, 75.857000 
51.599900, -115.356900, 152.904000 
51.815100, -115.296600, 75.466000 
51.668100, -115.170400, 19.485000 
53.690700, -115.717500, 48.651000 
52.541400, -115.170800, 102.156000 
52.042800, -114.958800, 127.210000 
54.229000, -115.295300, 27.237000 
53.272300, -114.725300, 20.907000 
49.881900, -112.735100, 58.907000 
52.621200, -112.211500, 307.230000 
53.279500, -111.587000, 657.981000 
53.195900, -111.911200, 67.982000 
53.363200, -111.879500, 39.862000 
52.024500, -112.916300, 57.841000 
52.591900, -112.192500, 24.906000 
52.701200, -112.259500, 173.523000 
55.640300, -119.627000, 27.173600 
54.421700, -117.784300, 131.488000 
53.734200, -118.395600, 403.110000 
52.766700, -116.393000, 410.709400 
55.460400, -112.213500, 33.035000 
56.095100, -118.758700, 152.020000 
55.611700, -112.611600, 80.289000 
54.461800, -111.780100, 207.961000 
54.189000, -112.109800, 94.570000 
53.854300, -117.391200, 240.208000 
55.789500, -112.281800, 34.848000 
55.411100, -118.885600, 150.961000 
54.265300, -116.342000, 256.420000 
54.119800, -116.273100, 266.123000 
54.221800, -116.197900, 21.584000 
53.577900, -116.599000, 31.948000 
53.923400, -116.775900, 25.294000 
53.799800, -116.092200, 305.057000 
54.079700, -118.342700, 48.893000 
53.607000, -116.537300, 21.327000 
54.034500, -117.180900, 70.457000 
54.178700, -117.328400, 206.340000 
53.711900, -117.052500, 46.407000 
53.918400, -117.297000, 114.754000 
54.341400, -116.301500, 53.259000 
52.989300, -114.157900, 204.382000 
52.874300, -110.428000, 35.997000 
55.571800, -112.549600, 82.360000 
55.349000, -112.184100, 104.218000 
52.830300, -116.272200, 232.874000 
53.006700, -116.852800, 82.029800 
53.323600, -116.995400, 89.520400 
52.682300, -114.392900, 54.458000 
52.958200, -114.679900, 65.796000 
55.835100, -112.252100, 31.500000 
52.874300, -110.162700, 87.289000 
55.028400, -112.266100, 10.053000 
55.117900, -112.737900, 10.257000 
53.117300, -110.803900, 40.820000 
52.657700, -110.200000, 22.520000 
55.266800, -112.567900, 158.749000 
56.364200, -119.934300, 231.322000 
55.341700, -118.914200, 61.148000 
55.338100, -118.536700, 177.143000 
50.168300, -112.299800, 58.020000 
50.013100, -112.611500, 246.041000 
50.311700, -112.515100, 36.016000 
50.302500, -112.390600, 43.517000 
50.060300, -112.299800, 20.120000 
50.214700, -112.367800, 92.226000 
56.851800, -115.208100, 25.527300 
52.788400, -112.489800, 83.225300 
52.031800, -112.629500, 100.132800 
55.070800, -118.695000, 50.710000 
55.736000, -119.076000, 29.393800 
53.847000, -114.619400, 79.781100 
53.484800, -115.607600, 146.652000 
53.385100, -115.612800, 216.524000 
53.290400, -115.831900, 95.585000 
52.180900, -113.083200, 125.030000 
54.527300, -112.930700, 31.055000 
50.700700, -112.654200, 23.448000 
55.382000, -111.760100, 120.657000 
55.120000, -111.688300, 38.532000 
55.458400, -116.165600, 23.660000 
55.491170, -116.186500, 77.820000 
54.359800, -110.285900, 24.029000 
54.348990, -110.766800, 45.638000 
55.174800, -112.281000, 81.845000 
54.778200, -113.963900, 18.410000 
54.367200, -110.503100, 49.420000 
54.224660, -110.514600, 32.673000 
54.465400, -113.221600, 39.736000 
54.162360, -115.733900, 299.353000 
54.109000, -117.137900, 37.438300 
53.745000, -114.220600, 92.040000 
54.545400, -114.794200, 92.045000 
50.398600, -112.847300, 47.800000 
52.162900, -114.851300, 32.143000 
50.493200, -111.801700, 28.234200 
50.176700, -110.442700, 95.365000 
54.105400, -117.131800, 45.880000 
55.072800, -116.975700, 56.776000 
53.483200, -112.906800, 114.740000 
51.828200, -111.774200, 201.484400 
52.333700, -112.806800, 24.538300 
51.711800, -110.862200, 37.929300 
51.686200, -110.737700, 58.246800 
51.686200, -110.666900, 133.706400 
51.701600, -110.633900, 37.929300 
51.689800, -110.761600, 37.929300 
49.823900, -112.432300, 70.745100 
53.017600, -114.370700, 35.274000 
56.218700, -116.251300, 335.548300 
56.070600, -119.960500, 68.951000 
54.145400, -115.815500, 136.952000 
57.440800, -118.487200, 33.123000 
55.705900, -111.282600, 20.127000 
54.061800, -117.447300, 28.493000 
54.105400, -117.526500, 342.032000 
54.858100, -119.770600, 40.035000 
51.828200, -114.347400, 146.860000 
54.225300, -118.305200, 56.227000 
52.279300, -110.081400, 33.943000 
53.952600, -117.559000, 168.044000 
57.502900, -116.505500, 32.044000 
52.755700, -110.228000, 27.056000 
50.096700, -113.596300, 20.320000 
55.950000, -110.601900, 107.959000 
52.333700, -112.885200, 38.909000 
57.087200, -112.899500, 80.039000 
54.349000, -112.642700, 31.574000 
56.007600, -113.402800, 77.217000 
54.054200, -118.308700, 151.924000 
53.697900, -117.153700, 65.451000 
51.559000, -112.471500, 31.260000 
51.551800, -112.483400, 21.600000 
53.977900, -116.751200, 173.740000 
53.419200, -115.091500, 29.738100 
53.479500, -115.224400, 21.742800 
50.744200, -110.130000, 34.315000 
50.896900, -110.633600, 46.943000 
50.824200, -110.859400, 32.000000 
49.972800, -110.755600, 52.950000 
50.084400, -110.607000, 358.307000 
49.988300, -110.914000, 35.717000 
50.022400, -110.743000, 51.121000 
51.020600, -111.402200, 26.408000 
50.093100, -110.732800, 274.952000 
50.136700, -110.732800, 38.259000 
50.533100, -112.444200, 163.870000 
53.590480, -116.172680, 173.161500 
50.784300, -110.836900, 93.670000 
51.009610, -110.752190, 87.100000 
50.187500, -112.153400, 32.960000 
51.984500, -112.784800, 50.270000 
52.050000, -110.420600, 68.738000 
51.580900, -112.977000, 26.945000 
51.584400, -113.070000, 23.148000 
51.599000, -113.029900, 40.865000 
51.624500, -112.952600, 145.262000 
51.700900, -112.852000, 87.554000 
51.515400, -112.953400, 24.628000 
52.555700, -114.449100, 134.275000 
52.541200, -114.322700, 31.028000 
52.537600, -114.292700, 32.145000 
55.251100, -119.426100, 21.616000 
52.759300, -114.125200, 185.041000 
50.712300, -111.062700, 54.470000 
52.543100, -114.280500, 29.050000 
52.384800, -114.382900, 50.498000 
52.468400, -114.328800, 23.692000 
51.395400, -111.331700, 25.141000 
52.028200, -113.572700, 47.892000 
51.973700, -113.572700, 34.252000 
51.930100, -113.538800, 90.988000 
52.035400, -113.614300, 40.965000 
55.367500, -119.220300, 35.846000 
53.836200, -115.620000, 24.556000 
52.915900, -114.006000, 33.134000 
52.944800, -114.264600, 34.195000 
53.959800, -111.818700, 22.657000 
51.559000, -112.612600, 105.390000 
51.795400, -113.456000, 41.336000 
51.813700, -113.621800, 153.411000 
54.956400, -119.783300, 111.455000 
54.174300, -110.555300, 38.059000 
53.039400, -110.895300, 60.887000 
53.779500, -118.486200, 31.943000 
53.958000, -118.772800, 26.009000 
56.271846, -111.498890, 59.286000 
56.888200, -114.536100, 33.293000 
55.523900, -119.380300, 87.684000 
52.726800, -114.537400, 58.465000 
54.312600, -113.263200, 22.141000 
50.675000, -110.031700, 33.506000 
53.767000, -117.497000, 349.608400 
52.492800, -115.295100, 109.404000 
50.097100, -112.361800, 24.625000 
53.579500, -113.089500, 26.605500 
54.445300, -118.607600, 36.399000 
55.041200, -110.577800, 57.945000 
54.840100, -110.444000, 22.741000 
53.578344, -115.855642, 62.988000 
51.428200, -113.458800, 23.214000 
52.857600, -115.513900, 28.255000 
51.286200, -113.200200, 52.759000 
51.049800, -113.659900, 26.359000 
52.435700, -110.364700, 32.409000 
51.399000, -112.683100, 149.821000 
51.879000, -112.792600, 41.915000 
51.784500, -113.532900, 27.780000 
50.777000, -111.751500, 25.702000 
53.857900, -113.397400, 73.209900 
50.565900, -112.640300, 45.269100 
50.860700, -110.229100, 48.695000 
51.100700, -111.403100, 22.895000 
51.049800, -112.126200, 25.722000 
51.359000, -112.418700, 68.446000 
51.409800, -112.530300, 24.777000 
51.737300, -113.124300, 103.119000 
51.668100, -113.615000, 26.138000 
58.339500, -118.536800, 20.865000 
50.576800, -113.071200, 25.777900 
50.555100, -112.623100, 27.727500 
50.431200, -111.589200, 308.568000 
58.011900, -119.480700, 33.802000 
52.890400, -114.246600, 25.498000 
56.506100, -119.432000, 100.323000 
50.995300, -113.973800, 0.017000 
52.942400, -113.511100, 138.420000 
52.086500, -112.754800, 30.940000 
52.199300, -114.475200, 26.008400 
51.900900, -111.608400, 248.332100 
51.624500, -111.863100, 71.008000 
52.384800, -114.539300, 92.481800 
52.290100, -112.963800, 26.769000 
54.243300, -116.899800, 71.274000 
51.741700, -112.469200, 30.283000 
54.101800, -116.799500, 118.768000 
54.072600, -116.574000, 37.927000 
52.610400, -111.670100, 59.242800 
52.381200, -112.199200, 28.247800 
52.973900, -116.872200, 88.766700 
54.166900, -118.486900, 62.566000 
51.489800, -112.888700, 37.507000 
56.121200, -115.994600, 21.331400 
50.831400, -110.865000, 51.436000 
53.847000, -113.981600, 18.200000 
52.235800, -113.377700, 5.610000 
52.217300, -113.387700, 27.100000 
54.668900, -117.651600, 56.884000 
51.086100, -114.767700, 23.800000 
53.374300, -111.809800, 57.502000 
53.363200, -112.039500, 72.301000 
51.671700, -112.507500, 39.043000 
52.039300, -112.987700, 40.879000 
53.134000, -111.850100, 26.778000 
52.282900, -113.113200, 30.020000 
55.363900, -118.905000, 82.496200 
57.217500, -110.895000, 963.475500 
53.454300, -117.159800, 30.799000 
56.666700, -111.345100, 395.730000 
56.055100, -115.366500, 42.688000 
52.039300, -111.376500, 21.300000 
53.486800, -114.330700, 40.730000 
52.875700, -111.422500, 70.300000 
52.875700, -111.483300, 69.900000 
54.506800, -116.789100, 109.297000 
53.681200, -113.821000, 24.689200 
52.144900, -111.752000, 88.273200 
50.184300, -110.508300, 65.458000 
52.224800, -113.025700, 34.963000 
53.558600, -113.368000, 224.107500 
55.835800, -114.697100, 102.588000 
51.948100, -113.711300, 46.110000 
52.555900, -113.042600, 28.061000 
51.727500, -113.819000, 31.010000 
52.401200, -113.100700, 29.587000 
52.604900, -113.196300, 51.959000 
53.885300, -117.178700, 340.110000 
58.716000, -119.708200, 102.176000 
50.683000, -112.160000, 117.889200 
57.382700, -118.979400, 40.344000 
53.154100, -116.460300, 59.377000 
55.965300, -119.935100, 33.311000 
54.903200, -115.205800, 33.479000 
52.776000, -112.909800, 49.552700 
54.786900, -119.942200, 21.225000 
55.201500, -119.881400, 161.654000 
59.237200, -119.885800, 20.806000 
54.394600, -113.504300, 63.556000 
50.393900, -111.701000, 55.066000 
51.505300, -112.475000, 31.260000 
50.086100, -110.485500, 68.594000 
52.761600, -113.133400, 50.790000 
53.477900, -116.124000, 191.854000 
55.434200, -114.550000, 41.406000 
57.211800, -118.010800, 91.733000 
53.141500, -110.581100, 23.241000 
53.145100, -110.623800, 23.342000 
53.134300, -110.587100, 24.097000 
53.134300, -110.635900, 23.140000 
53.156000, -110.660300, 28.130000 
53.137900, -110.654200, 28.027000 
53.145100, -110.642200, 23.140000 
53.156000, -110.638400, 33.435000 
53.156000, -110.615800, 23.140000 
53.156900, -110.605500, 23.140000 
53.149700, -110.624100, 27.930000 
53.134300, -110.642200, 23.140000 
54.438200, -119.676100, 28.413000 
53.834000, -117.912400, 175.208000 
54.938500, -119.446500, 148.002000 
54.957600, -119.199100, 110.083000 
51.484500, -110.414400, 132.527000 
55.733200, -118.998900, 50.078200 
53.914400, -117.573700, 655.623900 
53.987100, -117.351500, 762.904400 
50.571300, -112.146100, 47.348000 
51.411700, -113.285800, 63.925000 
50.442900, -111.857300, 105.917000 
50.509600, -112.002900, 32.369000 
51.280800, -112.818900, 41.228000 
55.460700, -119.982500, 34.144000 
54.172300, -118.334400, 21.942000 
52.648500, -114.376400, 53.675000 
52.734900, -114.347100, 101.567000 
51.557200, -113.402600, 33.331000 
50.683000, -111.548000, 41.362000 
55.320300, -118.762000, 73.385900 
52.841500, -116.035500, 80.088700 
50.624800, -111.588500, 44.098000 
52.867000, -116.253100, 64.073500 
51.993700, -113.123700, 39.078300 
51.865500, -112.954700, 47.758300 
52.095600, -113.147400, 29.980200 
54.199700, -119.263700, 20.303500 
49.119100, -113.761500, 452.192000 
55.193600, -113.035100, 43.171000 
50.631900, -111.011300, 30.001900 
50.723300, -112.789100, 36.994000 
50.326300, -110.328500, 101.160700 
50.468200, -110.322500, 95.606200 
53.023200, -116.899000, 204.463800 
53.430200, -117.118100, 55.457800 
52.936200, -116.748600, 46.102300 
53.125000, -116.881000, 122.612100 
52.968900, -116.688300, 247.732400 
52.867000, -116.549200, 132.740300 
52.910700, -116.645900, 28.332700 
53.026800, -116.679700, 31.147400 
53.143200, -116.923400, 53.399100 
52.943400, -116.742600, 190.512000 
53.114200, -115.698700, 33.455000 
50.155700, -114.453300, 154.432800 
54.423700, -119.349700, 41.887000 
51.508900, -113.453800, 38.892000 
50.887900, -110.385200, 121.386000 
52.765200, -114.335000, 37.722000 
54.830200, -118.652600, 28.505200 
50.486700, -112.917000, 89.859000 
52.747200, -114.415600, 7.260000 
52.546700, -115.260600, 44.144000 
53.703000, -117.234900, 49.714000 
52.094000, -114.737100, 21.158000 
52.925000, -114.475800, 47.760000 
58.781600, -118.602700, 91.818000 
53.332400, -111.451000, 99.776000 
53.332400, -111.548200, 62.179000 
53.245100, -111.596700, 46.273000 
53.303300, -111.451000, 65.071000 
53.230500, -111.863900, 41.935000 
53.376000, -111.830200, 41.935000 
53.870700, -116.166400, 203.455000 
52.503000, -113.435200, 34.746600 
52.481500, -113.419000, 27.519000 
56.486500, -114.120400, 37.052000 
52.764900, -114.957500, 145.011000 
52.881600, -111.343300, 37.200000 
52.941200, -118.043000, 901.653000 
58.695200, -114.005000, 28.374000 
57.546100, -119.106200, 72.049000 
57.066400, -118.029400, 52.777000 
55.714000, -115.898300, 34.562000 
51.494600, -110.483500, 32.596000 
53.175900, -115.271100, 183.855000 
55.160200, -118.818400, 258.142000 
53.707700, -116.435600, 27.520000 
50.187900, -112.225200, 51.997000 
58.098500, -119.426100, 20.406000 
53.419200, -113.882300, 38.647000 
53.559400, -113.347200, 252.000000 
56.850000, -119.836900, 69.225000 
54.590000, -114.830000, 67.005000 
54.148900, -118.794300, 27.832600 
53.571500, -117.045300, 273.296700 
55.392400, -119.134800, 20.759000 
56.473900, -119.722200, 23.501000 
53.748200, -112.734000, 53.566000 
55.160300, -116.162000, 48.267000 
52.352200, -113.222800, 47.419000 
52.352100, -112.683000, 36.864000 
51.570600, -113.688200, 120.980000 
51.680100, -113.935100, 50.430000 
51.723600, -113.616200, 78.310000 
51.770800, -113.622100, 293.390000 
58.650600, -119.455000, 20.747000 
59.072200, -118.502300, 24.219000 
55.698600, -119.715100, 25.378000 
52.361000, -113.819400, 1.277000 
52.549200, -113.840800, 4.323000 
49.720000, -113.500300, 10.466000 
53.599500, -111.416200, 6.801000 
54.728000, -113.211400, 64.716000 
52.639100, -113.102700, 59.707000 
53.942800, -117.597000, 40.629000 
54.215900, -117.410600, 82.284000 
51.639700, -110.089700, 36.136000 
54.379500, -117.210700, 186.758000 
54.714300, -118.670000, 53.113000 
52.337500, -113.042500, 75.815000 
54.430700, -118.651400, 23.586000 
53.484900, -116.921800, 31.876000 
49.011900, -111.466800, 28.903000 
51.597800, -110.472400, 48.501000 
55.819800, -119.132600, 23.437000 
49.984200, -112.043200, 25.723800 
52.757900, -113.786100, 28.811900 
52.776000, -113.864500, 23.146600 
52.921600, -113.828400, 105.609800 
52.699800, -114.137500, 25.316000 
52.674500, -114.385100, 20.990900 
56.000000, -119.000000, 33.780000 
55.655900, -119.658300, 30.428000 
52.111900, -112.311300, 106.211000 
52.404900, -114.592200, 30.428000 
52.630400, -114.346500, 59.214400 
54.455100, -111.092200, 21.730000 
56.482100, -117.963100, 117.326000 
52.295900, -115.146700, 22.708000 
56.007400, -119.073000, 24.107000 
52.240800, -114.909200, 29.057000 
50.973600, -112.711700, 102.370000 
53.753700, -114.443000, 20.730000 
51.625300, -111.195200, 36.012000 
51.600900, -111.231500, 119.155000 
57.340500, -119.621600, 27.851000 
50.866100, -113.650500, 24.411000 
56.584400, -119.410600, 69.031000 
50.393200, -113.828900, 92.395000 
50.698800, -113.558500, 28.726000 
50.320400, -113.087100, 65.532000 
53.652500, -115.989400, 147.495000 
51.177800, -112.060300, 35.375000 
52.525000, -115.173800, 34.248000 
52.419400, -115.029800, 38.431000 
51.716900, -112.761700, 30.186000 
51.578500, -112.916200, 50.686000 
51.712500, -112.896000, 25.609000 
51.526700, -112.959600, 31.734000 
53.735600, -115.701500, 54.366000 
53.721200, -115.769900, 41.028000 
49.959800, -113.546000, 38.302000 
55.028500, -119.991300, 20.482000 
55.128700, -119.714600, 24.274000 
55.017200, -119.840600, 27.554000 
54.979700, -119.637200, 25.169000 
54.030100, -117.008300, 20.335000 
52.459500, -114.304600, 35.058000 
52.681500, -113.121100, 32.490000 
58.686900, -118.870200, 115.642000 
54.740600, -113.931600, 1.000000 
52.441300, -115.281800, 238.150000 
54.723500, -113.921900, 5.000000 
53.738400, -111.680500, 23.713000 
53.761100, -117.349200, 337.717600 
53.655600, -117.081700, 973.243900 
52.581500, -113.048400, 26.759000 
50.838100, -112.396300, 22.434000 
50.873300, -112.446000, 22.750000 
51.016600, -113.215600, 22.780000 
50.501000, -112.223700, 39.955000 
51.027600, -112.360200, 24.805000 
51.017900, -112.478800, 48.588000 
51.727200, -113.196900, 45.516000 
51.137900, -112.752200, 22.208000 
55.311000, -119.932400, 46.446000 
51.319600, -113.717600, 31.325000 
51.385000, -113.729000, 24.898000 
54.171000, -118.334400, 94.336000 
50.846800, -112.165700, 25.077000 
50.846700, -112.073300, 20.345000 
51.901800, -112.925200, 28.942000 
50.964000, -112.866300, 28.918000 
50.485300, -111.171600, 127.502000 
50.448100, -110.574400, 67.438000 
51.989100, -113.452300, 89.335000 
50.485300, -111.449700, 409.976000 
51.294100, -112.668100, 34.285000 
53.745100, -113.235600, 34.150000 
52.808600, -115.270700, 26.892000 
55.071100, -119.032100, 60.025000 
53.596200, -113.332100, 61.300000 
50.221100, -113.501200, 32.982000 
54.379500, -117.160500, 190.290000 
52.583200, -114.946100, 73.147000 
52.437900, -113.858500, 94.220000 
54.342700, -110.328700, 159.817600 
54.769600, -111.904600, 26.513000 
51.339000, -112.433700, 24.872000 
51.077100, -112.426900, 38.595000 
51.710000, -111.488000, 25.862000 
51.426300, -111.138100, 26.488000 
53.266900, -111.912400, 34.804000 
53.477900, -111.936300, 111.368000 
53.427000, -112.075100, 28.842000 
54.197700, -116.761000, 635.751000 
54.573200, -114.116600, 42.256000 
55.743000, -114.147400, 89.294000 
56.528200, -114.071600, 91.308000 
56.524400, -113.464600, 226.812000 
53.812800, -110.003500, 26.114000 
50.423400, -112.788800, 104.998000 
49.904200, -111.332400, 111.140000 
54.248700, -115.685800, 8.710000 
54.285000, -115.698200, 447.580000 
51.774500, -113.090500, 36.630000 
51.673600, -113.123000, 82.100000 
52.881600, -116.573400, 166.126800 
51.760400, -114.105100, 7.550000 
51.862400, -114.128700, 27.190000 
51.618300, -114.075000, 44.000000 
51.669000, -113.208600, 21.790000 
51.727700, -114.087300, 95.590000 
51.742300, -114.122900, 12.020000 
51.465100, -113.559100, 24.370000 
51.465100, -113.512200, 11.470000 
51.730800, -113.155500, 107.000000 
51.694400, -113.214400, 93.470000 
53.036000, -116.221100, 119.002500 
53.196100, -116.948000, 44.892600 
50.247400, -110.510300, 31.099400 
50.290800, -110.486300, 23.671400 
53.768300, -116.915400, 69.045000 
53.761100, -117.367500, 44.453000 
50.166300, -112.686000, 29.453000 
58.367100, -118.994100, 109.370000 
52.124700, -113.677200, 28.970000 
52.223000, -113.659300, 23.150000 
51.787100, -113.335700, 32.820000 
52.790600, -114.549600, 11.700000 
51.547300, -115.065400, 20.276000 
53.034200, -115.290800, 61.649000 
52.514000, -115.042200, 21.257000 
56.256700, -119.626500, 40.826000 
52.277500, -112.862900, 25.964000 
53.870300, -117.088800, 22.295000 
54.623400, -118.192200, 80.788000 
54.125100, -116.816700, 733.011000 
51.319500, -112.737600, 30.857000 
52.583000, -113.734000, 74.441000 
52.579300, -113.513500, 25.150000 
52.868700, -113.142400, 31.060000 
51.157600, -114.191600, 13.816000 
53.678600, -113.804600, 0.591000 
53.007200, -117.327200, 1.758600 
55.998000, -118.532200, 960.755000 
54.863300, -119.001700, 248.481000 
54.352100, -119.460100, 25.434000 
54.306200, -110.558500, 23.842000 
54.116900, -110.214800, 287.450000 
54.030400, -110.789800, 22.607000 
54.029600, -110.788100, 33.365000 
52.148200, -112.786300, 33.250000 
52.410100, -112.969700, 52.078000 
51.814300, -113.763000, 46.870000 
52.253700, -113.024300, 30.031000 
49.958600, -113.543700, 96.941000 
59.253700, -119.084100, 28.481000 
52.096300, -112.701200, 27.234000 
51.767000, -113.703800, 28.390000 
57.347300, -119.552100, 90.886000 
53.066800, -115.412200, 42.469100 
52.102500, -114.390500, 27.320000 
51.887800, -114.647300, 89.243000 
51.924200, -114.789000, 47.091000 
54.735000, -119.046500, 55.713000 
54.811600, -118.871600, 28.511000 
54.702000, -119.095000, 28.355000 
54.479100, -119.749800, 21.826000 
53.793000, -110.546700, 20.746000 
55.670500, -119.619500, 29.507000 
55.844600, -111.091400, 41.270000 
52.366700, -113.017800, 26.647000 
52.907200, -114.113400, 29.935000 
53.604400, -111.322600, 85.165000 
54.829600, -112.562800, 31.086000 
54.830600, -118.682100, 26.296000 
55.779400, -114.658300, 104.143200 
54.416700, -118.735900, 47.005000 
52.960600, -115.259800, 102.497000 
54.736300, -119.010500, 31.047000 
52.830800, -115.141000, 99.415000 
53.106900, -115.936400, 20.998000 
54.154200, -117.560400, 56.391000 
52.335800, -114.346500, 33.367000 
53.064200, -115.935200, 21.706000 
53.194200, -115.333000, 39.197000 
52.773600, -115.590400, 23.230000 
53.064600, -116.671200, 49.301000 
55.000700, -119.237900, 46.843000 
54.752100, -119.602200, 92.067000 
55.026500, -119.139400, 31.047000 
53.032100, -111.245100, 33.656000 
56.193600, -110.950600, 140.060000 
53.348000, -115.995300, 103.598000 
54.855200, -119.569100, 35.505000 
51.043300, -111.414800, 30.212000 
55.336900, -119.167900, 25.338000 
52.908200, -115.080000, 32.750000 
53.778700, -116.000600, 29.191000 
54.665400, -119.026200, 79.893000 
54.608900, -119.016700, 25.486000 
53.066800, -116.058300, 42.643000 
52.819800, -115.630500, 56.748000 
52.818900, -115.629100, 56.720000 
53.166800, -111.525500, 35.105000 
53.299600, -115.223500, 27.473000 
53.519000, -118.083400, 31.684000 
54.074800, -117.553300, 59.045000 
53.913800, -115.868900, 26.897000 
54.786900, -119.383000, 34.534000 
52.983400, -111.319100, 23.600000 
54.146800, -116.685600, 25.060000 
54.670700, -119.218300, 76.403000 
50.348300, -112.905400, 21.334000 
54.715300, -119.505100, 39.045000 
54.712300, -119.655600, 31.047000 
53.085700, -116.114600, 24.411000 
52.736100, -115.733200, 23.927000 
54.758000, -119.580200, 25.090000 
52.954900, -115.013400, 46.445000 
52.400900, -114.406300, 21.249000 
50.233800, -113.660500, 76.784000 
52.535700, -114.546400, 27.860000 
54.643700, -119.376800, 52.322000 
54.803700, -118.976400, 20.917000 
55.052400, -119.453000, 37.668000 
54.833700, -119.425700, 98.779000 
52.342200, -112.764800, 171.420000 
52.674300, -113.985300, 78.530000 
54.501400, -111.070200, 27.863000 
54.428700, -110.987500, 109.903000 
54.497000, -111.021700, 44.232000 
51.912900, -113.627900, 63.911000 
54.506100, -111.058000, 29.912000 
55.527900, -110.873800, 335.521000 
55.596900, -119.346000, 21.186000 
54.226800, -118.628100, 92.529000 
52.494100, -113.324500, 28.578000 
52.613600, -114.451100, 36.467000 
55.148500, -110.723000, 46.836000 
55.787200, -119.623500, 73.325000 
51.348700, -113.658600, 35.622000 
51.057000, -113.703900, 92.146000 
51.348700, -113.031900, 20.316000 
52.678700, -114.536800, 20.605000 
51.396700, -113.016600, 123.204000 
51.308800, -113.341700, 33.337000 
51.225300, -112.769400, 34.419000 
52.621400, -113.684400, 58.292000 
52.053800, -113.251900, 28.313000 
55.692200, -119.529200, 80.237000 
50.308300, -111.978500, 25.451000 
52.372100, -115.060000, 39.455000 
54.416100, -118.286600, 47.107000 
56.415500, -116.896700, 29.945000 
55.666400, -110.714000, 67.904700 
52.777600, -110.873200, 43.307000 
51.190100, -113.966500, 20.623000 
51.105200, -113.810000, 30.517000 
56.411700, -110.937600, 2775.958000 
54.856700, -119.333400, 25.069000 
53.623400, -116.858600, 44.060000 
53.019700, -112.193800, 315.273000 
55.247800, -115.069300, 20.410000 
55.227500, -115.057800, 24.254000 
55.233400, -115.069700, 101.700000 
51.786500, -113.399100, 162.290000 
55.234400, -115.069100, 32.930000 
52.112000, -112.984200, 0.130000 
53.280400, -114.773900, 97.300000 
51.857400, -114.986700, 74.250000 
52.013800, -110.150800, 29.382400 
53.280300, -114.773800, 29.382400 
53.193900, -115.291900, 34.115600 
57.884300, -118.604400, 106.887800 
56.150000, -116.027700, 20.571700 
53.054200, -114.935400, 94.019700 
55.775800, -119.122000, 29.283300 
56.285900, -116.153100, 29.293900 
53.026800, -116.009000, 23.168700 
53.572400, -113.013900, 28.346200 
50.741200, -112.189000, 21.308700 
51.764600, -110.147600, 20.730800 
51.970400, -114.303000, 29.631000 
57.187100, -117.994000, 137.213000 
52.697300, -111.200700, 68.680000 
52.047700, -113.673500, 53.085400 
53.026800, -114.766900, 113.703600 
53.256100, -114.437200, 102.102600 
56.925000, -115.902600, 47.354800 
56.099300, -116.320800, 32.964600 
57.666100, -119.185500, 29.806200 
54.590500, -115.856500, 72.655000 
52.594100, -114.879300, 248.987300 
51.898100, -113.567200, 120.335000 
50.235000, -110.391000, 102.017000 
54.198900, -119.052900, 138.417700 
56.173100, -116.199000, 144.813200 
54.323000, -110.250000, 53.163000 
51.118200, -114.555800, 26.100000 
54.656560, -119.915230, 39.733000 
51.949200, -112.754100, 25.915100 
52.436100, -112.234300, 36.396000 
54.095900, -116.615500, 26.453000 
53.579500, -116.138000, 50.920300 
55.662600, -111.257700, 37.556000 
53.184300, -115.488000, 23.620000 
52.180400, -114.636500, 69.170000 
56.039100, -114.139200, 65.444000 
53.975700, -117.287500, 261.330000 
53.862200, -111.637100, 133.572000 
55.397800, -119.592300, 30.776000 
54.419600, -117.293100, 143.038000 
56.284800, -116.111700, 39.327400 
51.716800, -114.642400, 193.731000 
54.190500, -116.891700, 23.629000 
51.691300, -114.477100, 38.793000 
55.608800, -118.003600, 40.525400 
53.812700, -114.728000, 34.092100 
55.640500, -117.119300, 81.950900 
53.791200, -114.612900, 66.842000 
55.489500, -118.325200, 99.490300 
55.201800, -117.914900, 129.042000 
55.848200, -111.961800, 42.443000 
52.884000, -111.721700, 65.554000 
51.718700, -111.472200, 25.530000 
52.483800, -114.282200, 29.530000 
53.391700, -115.151300, 29.470000 
52.257500, -113.162600, 23.457000 
52.299900, -113.046100, 35.143000 
52.144900, -113.180500, 44.313000 
53.169700, -115.111700, 58.320700 
52.765200, -112.679800, 26.383900 
53.190400, -115.223500, 269.619000 
55.335100, -118.482400, 34.136000 
55.923900, -119.976500, 25.754000 
49.410600, -110.620600, 21.846000 
57.357200, -119.466900, 76.175000 
52.608600, -114.724200, 134.446000 
54.030800, -116.659500, 15.546000 
52.255300, -115.039900, 107.180000 
53.957400, -116.720600, 147.106000 
51.854600, -113.119900, 40.072000 
53.499200, -116.805300, 168.365000 
54.612700, -118.213800, 302.504000 
55.645600, -119.436200, 140.721000 
53.870700, -111.379700, 24.762000 
54.234200, -111.691400, 42.250000 
54.760400, -113.959500, 76.193000 
55.721300, -119.399900, 59.968000 
50.399100, -113.681500, 34.182000 
50.289900, -113.394900, 27.812000 
49.696800, -114.201400, 40.495000 
50.876100, -113.686900, 53.424000 
56.113500, -111.829300, 120.422800 
51.650800, -113.008000, 31.028000 
53.048700, -115.077200, 43.571000 
52.042900, -113.579100, 32.166000 
52.758000, -114.107400, 466.446000 
53.107500, -116.763500, 107.807000 
52.670700, -111.954000, 22.230000 
51.984700, -113.311200, 31.025000 
53.075900, -111.488800, 20.267000 
53.106500, -111.564300, 22.842000 
50.402900, -112.727800, 20.253000 
54.986500, -119.647300, 32.087000 
53.166800, -111.659400, 23.996000 
51.959900, -113.562700, 31.028000 
52.950900, -115.104400, 78.414000 
53.212300, -116.990500, 78.270000 
53.153000, -116.286100, 24.420000 
53.239800, -116.530500, 24.547000 
54.054300, -117.165300, 22.500000 
54.856100, -119.688000, 20.663000 
54.724800, -119.092900, 38.025000 
52.983900, -115.025700, 71.496000 
50.028400, -113.624100, 56.098000 
55.286400, -119.178100, 37.287000 
54.699800, -119.048100, 20.663000 
54.033000, -117.758100, 41.357000 
54.743500, -119.048100, 21.214000 
51.934500, -113.332500, 62.057000 
52.390400, -114.376400, 26.397000 
53.450100, -116.033600, 101.325000 
51.879900, -113.362300, 62.057000 
52.530400, -112.910800, 47.890000 
52.399400, -112.868800, 108.870000 
52.490300, -112.964700, 22.000000 
52.754200, -113.127400, 47.010000 
50.442800, -111.519600, 39.575000 
53.608500, -115.435600, 43.576000 
54.946700, -119.715200, 62.249000 
52.568700, -114.796200, 197.686000 
54.061900, -117.748000, 35.470000 
52.261800, -113.086100, 29.268000 
51.999300, -112.603300, 29.050000 
54.226800, -118.628100, 24.423000 
55.814200, -119.679600, 27.291000 
54.302500, -118.644200, 62.813000 
56.177100, -113.058200, 54.007000 
55.073200, -111.222700, 30.935000 
57.764800, -115.823800, 31.786000 
52.017400, -113.424300, 36.414000 
50.445300, -112.120700, 25.022000 
54.886000, -110.466200, 43.325000 
58.246000, -117.744600, 31.786000 
54.975300, -110.354200, 42.279000 
52.739700, -115.715000, 24.755000 
54.062900, -117.782600, 40.402000 
54.830600, -119.662600, 137.621000 
55.699700, -118.129900, 14.058200 
56.063500, -118.088400, 26.405300 
55.907100, -116.809900, 46.045100 
55.767400, -117.517800, 30.589100 
55.346900, -114.030900, 63.845000 
53.081400, -115.570800, 52.781000 
54.148900, -113.988200, 23.053600 
55.281300, -114.425500, 27.916100 
58.439800, -119.154600, 46.561100 
50.861800, -114.767700, 36.118600 
55.748500, -112.560200, 122.750000 
55.022900, -118.573300, 30.856000 
54.345700, -118.405600, 9.594000 
53.713400, -110.746600, 56.652000 
52.968900, -115.872200, 21.060000 
53.044900, -115.985100, 227.920000 
53.742800, -116.692400, 44.914000 
51.468700, -112.533400, 48.251400 
52.732500, -115.225500, 95.640100 
53.653100, -116.834200, 19.370000 
56.615200, -112.846300, 21.998000 
53.935700, -116.042300, 79.390000 
54.274200, -115.673200, 48.630000 
51.814500, -113.456700, 12.700000 
52.137500, -113.150800, 7.630000 
53.557900, -115.091600, 22.897500 
55.711400, -116.603500, 32.062700 
53.634100, -113.040300, 31.310600 
52.397600, -114.352400, 30.566400 
53.392300, -115.310000, 36.470800 
50.247000, -110.356700, 36.143900 
54.830600, -118.810700, 88.691500 
54.834200, -118.639200, 154.393900 
55.008800, -118.639200, 24.639900 
54.541100, -118.179200, 247.477000 
54.439400, -118.250400, 20.713000 
54.241500, -117.291600, 50.715900 
53.957500, -117.076600, 181.091500 
53.855600, -116.983600, 337.739700 
53.647500, -113.622100, 68.291000 
53.499300, -117.155100, 28.777000 
54.154200, -117.222800, 30.623000 
53.706600, -117.241000, 94.725000 
53.943100, -118.746600, 21.964000 
49.499600, -111.012000, 28.492000 
54.128600, -114.655000, 23.784000 
52.707000, -115.443100, 178.095000 
53.728000, -114.630900, 59.191000 
51.074900, -114.138700, 37.402000 
53.644800, -116.129800, 32.954600 
49.070100, -111.433600, 50.320000 
57.286600, -111.599500, 192.973000 
57.335400, -111.755600, 1922.964800 
55.554100, -119.755400, 58.405000 
54.120600, -116.996700, 20.670000 
54.423300, -114.937500, 20.669000 
54.048600, -110.971200, 130.193000 
52.734200, -114.625500, 157.190000 
53.138800, -114.649700, 28.360000 
51.629100, -114.243600, 33.833000 
52.341400, -113.276800, 152.515000 
58.768400, -111.098300, 112.816000 
53.892600, -113.388500, 49.090000 
55.889400, -119.958400, 118.025000 
52.677700, -114.003800, 154.946000 
52.563100, -115.077200, 135.405000 
54.493400, -119.890600, 131.018000 
55.177200, -114.244100, 44.004000 
50.048800, -112.035200, 33.272000 
54.379900, -117.867400, 20.773000 
54.146700, -116.123100, 58.991000 
53.587400, -113.364700, 86.850000 
55.087700, -110.778000, 35.791000 
54.955100, -110.488800, 34.166000 
55.150000, -110.637900, 25.814000 
55.306100, -111.193800, 22.547000 
56.115700, -119.262100, 97.960000 
50.079800, -110.790300, 1.344000 
53.517100, -116.404000, 22.293000 
54.352100, -119.010400, 34.878000 
51.075900, -111.455700, 36.879000 
51.163900, -112.084400, 26.249000 
51.319500, -111.089500, 37.758000 
52.925800, -115.104400, 33.222000 
52.530100, -114.511100, 49.106000 
54.133900, -115.759500, 27.519000 
51.872800, -113.363800, 20.448000 
54.015600, -116.965100, 62.887000 
53.110600, -116.223100, 44.770000 
54.200500, -117.369000, 42.387000 
52.968900, -115.872400, 23.219000 
54.883700, -119.542700, 34.970000 
54.772500, -119.695200, 33.222000 
54.759400, -119.606800, 33.222000 
54.714400, -119.791700, 24.215000 
55.340500, -119.218500, 26.900000 
54.643600, -118.382900, 29.411000 
53.982800, -116.734200, 34.837000 
54.488200, -111.018000, 20.201000 
54.462100, -110.820700, 24.194000 
54.492900, -111.069300, 23.761000 
54.491200, -111.041400, 21.893000 
54.447600, -110.820700, 22.850000 
54.515500, -111.014800, 36.195000 
54.520300, -111.053800, 21.661000 
54.516600, -111.047600, 29.897000 
50.535200, -110.136200, 34.562000 
52.563000, -112.952700, 53.905000 
52.139300, -112.941700, 50.440000 
52.589400, -112.796200, 20.061000 
52.032600, -113.030700, 46.620000 
52.015800, -113.028500, 50.713000 
51.980200, -113.005700, 46.620000 
51.254100, -112.988400, 59.260000 
51.181500, -113.008000, 45.214000 
55.765000, -119.574200, 51.946000 
51.399400, -114.004900, 37.704000 
51.531100, -113.276200, 24.285000 
51.637700, -113.430800, 79.507000 
51.642400, -113.334300, 53.128000 
54.031500, -117.113100, 24.047000 
54.184600, -117.246000, 38.227000 
55.864300, -117.035000, 24.759500 
56.151600, -117.919500, 22.282000 
54.006600, -119.105500, 1694.504000 
53.248700, -115.388000, 58.651000 
55.056600, -118.766200, 13.898000 
55.729100, -112.098000, 62.492000 
55.744100, -112.484600, 13.499000 
54.944400, -118.828000, 69.696000 
55.778500, -112.491600, 20.975000 
51.165500, -114.222000, 22.654600 
53.372200, -113.771800, 25.599000 
53.728400, -115.602500, 75.684000 
55.158200, -116.113700, 21.211300 
51.465100, -112.516000, 75.817300 
51.530200, -112.136700, 59.102300 
55.663000, -115.240100, 25.829800 
51.266400, -111.044600, 41.843000 
54.743500, -119.073300, 26.959000 
53.110700, -115.205400, 27.361000 
52.626700, -114.603400, 28.979000 
51.815600, -112.455500, 68.514000 
54.503700, -115.487800, 34.870000 
51.902400, -114.341300, 21.250000 
51.491800, -113.542600, 16.420000 
52.887100, -111.020600, 40.589300 
53.066600, -115.533500, 46.727200 
53.433700, -115.988400, 21.125000 
53.444500, -115.921100, 62.476000 
52.706800, -112.747100, 25.502100 
52.711800, -112.958700, 24.309500 
55.395900, -118.878200, 25.502100 
52.888600, -113.788000, 55.043000 
52.618800, -112.147700, 34.705000 
51.993100, -113.045100, 28.767000 
50.185900, -114.523500, 24.254200 
54.189400, -117.367300, 55.348000 
53.226700, -114.034400, 180.641000 
55.604800, -119.341100, 56.518000 
54.132000, -115.547000, 23.337000 
51.581700, -113.838000, 30.230000 
54.445700, -117.688400, 57.189000 
52.723200, -115.493000, 23.081000 
53.711500, -114.674100, 20.489000 
52.757100, -113.932900, 297.179000 
52.711800, -114.447800, 124.573000 
52.713500, -113.949500, 45.500000 
56.584100, -118.286700, 101.363000 
53.944400, -116.671600, 51.221000 
53.944600, -116.674600, 26.354000 
54.567900, -111.092800, 21.591000 
53.052200, -113.691100, 40.949000 
51.219100, -114.640500, 251.794000 
52.695900, -113.296600, 36.370000 
50.627500, -113.610200, 219.034000 
54.976100, -119.069200, 24.710000 
54.745800, -119.467890, 83.777000 
54.650500, -119.175500, 43.406000 
54.637900, -119.041800, 22.579000 
56.279900, -119.038100, 20.380000 
55.997100, -110.824400, 69.105000 
58.283645, -119.049938, 20.273000 
51.396470, -114.028139, 61.241000 
51.873213, -114.990595, 89.445000 
54.038800, -116.618400, 24.888000 
54.194130, -116.985507, 24.111000 
54.055670, -117.187925, 26.415000 
50.317100, -111.068800, 25.315000 
54.709400, -118.600600, 108.373000 
55.888400, -119.085100, 27.923000 
55.192400, -118.947700, 70.957000 
53.580400, -112.049500, 111.358000 
52.004347, -115.147192, 36.563000 
51.855153, -114.748583, 115.887000 
52.703757, -114.572462, 22.650000 
54.197750, -116.910539, 20.129000 
51.778675, -114.908072, 29.103000 
52.007969, -115.129267, 21.498000 
51.840495, -114.978929, 69.250000 
51.811827, -114.941376, 44.427000 
54.110410, -117.529300, 22.256000 
51.032990, -111.437700, 25.774000 
55.117900, -119.894000, 26.836000 
54.903310, -119.719700, 29.900000 
54.972450, -119.529200, 21.754000 
55.041500, -119.631000, 531.540000 
52.732520, -115.225400, 96.473000 
52.694370, -115.456800, 22.133000 
52.874260, -115.425100, 70.483000 
53.868754, -116.914044, 71.502000 
53.900650, -116.744400, 26.494000 
55.405830, -119.200200, 36.627000 
53.195910, -111.799700, 35.330000 
54.728860, -119.659100, 25.350000 
54.676526, -119.574341, 22.514000 
54.728870, -119.627700, 24.215000 
52.689440, -115.030300, 67.219000 
52.790730, -115.243600, 21.798000 
54.771977, -111.822075, 36.034000 
53.057436, -115.542734, 21.474000 
51.946060, -114.859300, 50.316000 
54.928889, -119.768537, 39.692000 
52.110130, -112.894500, 20.120000 
52.142190, -113.000000, 62.301000 
51.840630, -113.468600, 28.303000 
57.509008, -119.054471, 42.922000 
53.290885, -114.491126, 59.304000 
55.459472, -119.570185, 79.467000 
52.012583, -112.983617, 65.985000 
51.300325, -112.043097, 39.064000 
52.441500, -114.304600, 21.993000 
51.596650, -114.532050, 47.890000 
55.666382, -110.714044, 242.457300 
53.026800, -114.766900, 132.980000 
54.786900, -119.383000, 31.047000 
53.343377, -115.997169, 25.914000 
54.536130, -118.790150, 38.655000 
53.226456, -114.033728, 351.200000 
53.830130, -116.723440, 28.803300 
53.249497, -113.203491, 45.310500 
49.699123, -111.540920, 23.442000 
56.743540, -112.791300, 24.260000 
54.430059, -119.215241, 20.666000 
52.436100, -113.378300, 102.173500 
54.196180, -119.137859, 70.914000 
55.767572, -119.774656, 110.911000 
56.147110, -116.294328, 270.155400 
51.465640, -114.467560, 38.943000 
52.162940, -110.621170, 56.319000 
54.856020, -119.364100, 33.508000 
52.003660, -114.446300, 28.620000 
50.882910, -114.777600, 47.615000 
53.430300, -117.652400, 20.743600 
53.443180, -117.655400, 37.883700 
52.366700, -113.134300, 41.434900 
55.815390, -111.444400, 40.345000 
51.913910, -114.477000, 63.560000 
52.543170, -114.532650, 131.690000 
51.766786, -113.134431, 32.010000 
54.141715, -118.504595, 54.054000 
52.095705, -114.536477, 60.889000 
54.204974, -116.760593, 35.940000 
52.371370, -114.442909, 49.506200 
54.934120, -118.973220, 43.049100 
57.113650, -118.064470, 30.342000 
54.859641, -114.958118, 61.778900 
54.728873, -119.379136, 27.951000 
51.790374, -113.092236, 51.570000 
55.459690, -114.769748, 40.653000 
57.341000, -118.438600, 41.660000 
52.271051, -112.399743, 25.317400 
52.360640, -113.424340, 96.530000 
56.113140, -111.715340, 61.978000 
52.463020, -114.346890, 331.910000 
54.253534, -118.001306, 167.465000 
56.723300, -112.775200, 40.770000 
54.271530, -115.716900, 22.371000 
54.689842, -110.504261, 24.265000 
50.606153, -113.619371, 0.269000 
54.641371, -110.968585, 37.149300 
52.258050, -113.880800, 1.956000 
50.252383, -112.500726, 47.890000 
52.927361, -114.477101, 46.000000 
52.947309, -114.385134, 26.000000 
53.162257, -114.205282, 130.300000 
53.136072, -114.159051, 30.023000 
55.517047, -119.428949, 26.108000 
54.019300, -117.819900, 48.732100 
51.880360, -115.232800, 116.229000 
54.797890, -119.637270, 54.451000 
54.288550, -116.667100, 49.130000 
54.246230, -116.892311, 56.253000 
54.300534, -117.003449, 39.205000 
54.738100, -118.991200, 86.594000 
54.508501, -111.200284, 42.572000 
53.995195, -116.943504, 39.407000 
54.015728, -116.890570, 26.415000 
53.911382, -116.671420, 49.042000 
54.062895, -117.082694, 285.453000 
55.485800, -113.641100, 46.412000 
52.424682, -114.206755, 50.160000 
53.445063, -115.122207, 21.816400 
52.608595, -114.186396, 28.916800 
52.752828, -114.445700, 63.468900 
56.158695, -115.931895, 28.719700 
55.515289, -119.507383, 29.366600 
55.514773, -119.506003, 67.420600 
51.890975, -113.592341, 28.067200 
53.092401, -115.246544, 26.817800 
53.292122, -114.941464, 30.881500 
54.690308, -115.534556, 29.481600 
52.676755, -114.004111, 24.704300 
53.291820, -115.077324, 21.738000 
53.299632, -115.138047, 23.222200 
55.288764, -114.588331, 31.512500 
51.823984, -110.949140, 21.577500 
51.210440, -110.164735, 26.021900 
53.134160, -110.532510, 28.027000 
53.147470, -110.654700, 27.985000 
53.151622, -110.647409, 23.342000 
53.145548, -110.637796, 23.140000 
54.359240, -116.152510, 35.044000 
