53.288500, -110.018300, 0.042400 
52.146300, -115.330000, 0.022800 
50.747700, -114.494700, 0.528000 
54.952700, -119.195300, 0.493000 
54.572300, -115.522900, 0.003000 
54.596400, -110.395000, 0.798000 
55.335900, -119.223000, 0.546000 
50.647500, -113.772000, 0.034000 
54.194400, -116.632200, 1.598000 
53.245000, -115.674300, 0.291000 
53.746900, -113.164500, 0.335000 
51.742300, -114.134500, 1.078000 
52.496000, -114.988000, 0.563900 
52.959300, -115.893800, 2.087000 
52.776100, -115.660700, 0.379000 
52.758100, -114.111600, 0.135000 
52.226300, -115.177000, 0.767000 
49.720100, -112.781900, 5.680000 
53.559200, -113.388800, 0.080000 
52.940400, -114.832300, 0.560000 
55.725100, -119.399900, 0.288000 
52.308300, -113.550000, 0.604000 
51.191300, -113.940900, 1.740000 
49.305200, -114.000300, 1.485000 
51.965500, -114.753600, 2.140000 
53.652000, -116.099200, 0.028000 
54.423300, -117.760400, 0.458000 
57.003300, -111.466100, 3085.934100 
57.040500, -111.619200, 133.748000 
50.982200, -113.974200, 0.040000 
53.570000, -113.611400, 0.022000 
51.570800, -114.851700, 1.004000 
53.795900, -113.099600, 2.179000 
53.804200, -113.082400, 0.051000 
50.983000, -113.988400, 11.780300 
53.541700, -113.391700, 10.300000 
53.181200, -115.762500, 0.195800 
54.833300, -118.646700, 0.538000 
54.524700, -116.794300, 0.186000 
52.553700, -111.694000, 0.011000 
54.130900, -115.546700, 0.014000 
53.550500, -113.358900, 21.100400 
58.555500, -118.915900, 0.079000 
51.526000, -113.880000, 0.077500 
51.696900, -114.475000, 0.234000 
53.531993, -113.364925, 0.022600 
54.772900, -110.579000, 0.801000 
54.185400, -116.210400, 1.634000 
53.757500, -113.149900, 0.001000 
54.427200, -116.884300, 3.998000 
53.132300, -115.981700, 0.609000 
52.035300, -115.137700, 0.109800 
54.510900, -115.511700, 0.063000 
53.340200, -113.538100, 0.111400 
55.481900, -119.059200, 0.004000 
51.078650, -114.017660, 0.069000 
51.005290, -114.058570, 4.800000 
49.628100, -114.571900, 0.043000 
57.546300, -119.112600, 1.373000 
53.250200, -115.555500, 0.419000 
55.489100, -119.750800, 2.396000 
53.557500, -116.547200, 0.872000 
59.063100, -118.875700, 0.042300 
53.498700, -113.383100, 0.006000 
51.000700, -113.965670, 2.347900 
53.950900, -113.088100, 0.005000 
53.670500, -115.762200, 0.018000 
52.172000, -114.599000, 0.001000 
53.616600, -115.711100, 0.017000 
55.116300, -118.813600, 0.002000 
50.543800, -111.795000, 0.003000 
55.833000, -119.470000, 0.001000 
53.745000, -110.810800, 0.006000 
53.902300, -115.189300, 0.692000 
52.674300, -111.311600, 0.198000 
53.286400, -110.017800, 0.011100 
52.656700, -111.311900, 0.017200 
54.420500, -110.213100, 0.002200 
55.069600, -110.536100, 0.232000 
57.351700, -111.522200, 0.024800 
50.959200, -113.981200, 0.194500 
53.527200, -113.354800, 0.565000 
50.967800, -113.969900, 0.016000 
53.544400, -113.366200, 0.043000 
56.981400, -111.475800, 0.309000 
53.543100, -117.797900, 0.070000 
52.588100, -111.206100, 0.100000 
50.963600, -113.976680, 0.977400 
53.530040, -113.402010, 1.271900 
53.282300, -113.542000, 0.006000 
50.129400, -111.908400, 0.019000 
57.590100, -117.531700, 0.350000 
53.159500, -114.902800, 0.127000 
55.309200, -119.205800, 0.204000 
53.024700, -115.531100, 0.303000 
53.574200, -116.646900, 0.303000 
53.866900, -110.644900, 0.147000 
54.416000, -115.636200, 0.241000 
52.050100, -112.728300, 0.303000 
58.601100, -118.787200, 0.218000 
54.387000, -116.966700, 0.252000 
53.388600, -115.315800, 0.103000 
50.653300, -111.166100, 0.044000 
56.215000, -110.968100, 0.098000 
59.641800, -118.307800, 0.208000 
52.292200, -113.816900, 0.205800 
56.218700, -116.251300, 11.400000 
52.370000, -114.375800, 0.003000 
52.272100, -112.841400, 0.001000 
52.696100, -114.863800, 0.085000 
57.217500, -110.895000, 3.643200 
53.288900, -110.012000, 5.090000 
53.579500, -113.316800, 0.002000 
53.566800, -113.365000, 0.186000 
52.639900, -111.273500, 0.181000 
54.285000, -115.698200, 0.803000 
49.080000, -112.050000, 1.100000 
52.380000, -114.140000, 1.390000 
53.307000, -110.019000, 0.520000 
55.175000, -118.785400, 0.753000 
53.301700, -110.012600, 0.133800 
53.504100, -113.373300, 0.009200 
55.713300, -118.771000, 0.254000 
54.979700, -118.772700, 0.156000 
56.193600, -110.950600, 0.007000 
55.527900, -110.873800, 0.021000 
56.546500, -115.301100, 0.001000 
56.411700, -110.937600, 0.430000 
56.303500, -116.556300, 4.100000 
53.190400, -115.223500, 0.088300 
52.298600, -114.201500, 0.001400 
57.335400, -111.755600, 26.026700 
53.576900, -116.452400, 0.526900 
53.573700, -113.348400, 0.035000 
55.041500, -119.631000, 0.168000 
55.767572, -119.774656, 4.000000 
54.412370, -116.873430, 0.106000 
52.647440, -111.270000, 0.002400 
