53.733200, -113.175000, 0.001000 
53.288500, -110.018300, 0.000200 
52.146300, -115.330000, 57.486700 
50.747700, -114.494700, 98.836000 
54.194400, -116.632200, 203.760000 
53.746900, -113.164500, 5.763000 
51.742300, -114.134500, 31.676000 
52.758100, -114.111600, 0.963000 
52.226300, -115.177000, 69.786000 
52.940400, -114.832300, 8.093000 
55.725100, -119.399900, 9.348000 
51.191300, -113.940900, 39.739000 
53.733200, -113.486200, 0.393000 
49.305200, -114.000300, 417.720000 
51.039600, -114.559000, 105.200000 
51.965500, -114.753600, 235.765000 
54.423300, -117.760400, 20.304000 
57.003300, -111.466100, 40.098800 
57.040500, -111.619200, 41.052000 
51.570800, -114.851700, 87.680000 
53.181200, -115.762500, 9.285000 
51.219500, -114.645400, 13.665000 
53.204500, -116.811200, 80.096200 
51.526000, -113.880000, 17.639500 
54.185400, -116.210400, 10.164000 
54.427200, -116.884300, 172.770000 
53.132300, -115.981700, 23.354000 
57.546300, -119.112600, 0.826000 
53.557500, -116.547200, 41.581000 
52.327100, -112.718300, 1.716000 
52.228400, -114.397700, 1.219000 
57.298900, -111.503300, 10.130200 
