53.582300, -113.588600, 1.048000 
53.571700, -113.349800, 4.393300 
53.593060, -116.390300, 76.838000 
53.804200, -113.082400, 0.059000 
50.845800, -113.586700, 3.121300 
50.086600, -110.716700, 7.183000 
51.400100, -114.034300, 3.140300 
54.238200, -115.379700, 71.800000 
55.029800, -118.744000, 25.150000 
51.000700, -113.965670, 0.774500 
53.501040, -113.489732, 13.174300 
50.985100, -113.970200, 0.002000 
53.783300, -113.637600, 0.002000 
53.282300, -113.542000, 0.027000 
53.737500, -113.149000, 0.015000 
52.942400, -113.511100, 0.090000 
53.745100, -113.235600, 1.783600 
53.190400, -115.223500, 3.317000 
56.113500, -111.829300, 1.405200 
57.335400, -111.755600, 24.657900 
