55.996700, -118.533600, 66.356000 
53.539700, -113.409200, 249.471000 
56.377200, -117.175600, 2638.970200 
53.833100, -113.108900, 13.280000 
53.344000, -114.305000, 5871.908000 
53.733200, -113.175000, 1233.860700 
53.288500, -110.018300, 65.186400 
52.146300, -115.330000, 156.394700 
50.747700, -114.494700, 862.287000 
54.952700, -119.195300, 112.971000 
53.952700, -113.078000, 184.202000 
54.572300, -115.522900, 54.668000 
54.596400, -110.395000, 2375.899000 
55.335900, -119.223000, 47.358000 
50.647500, -113.772000, 34.275000 
54.194400, -116.632200, 232.040000 
53.546800, -113.734800, 98.572200 
53.245000, -115.674300, 44.570000 
53.746900, -113.164500, 26.050000 
53.718500, -113.183000, 0.053000 
54.144400, -115.691700, 38.000000 
49.789400, -112.126100, 335.349000 
54.179100, -115.806000, 15.595000 
52.564700, -112.141400, 599.494000 
51.531700, -111.786100, 587.229000 
54.007100, -119.104000, 122.540000 
51.742300, -114.134500, 64.760000 
52.496000, -114.988000, 56.913700 
50.675600, -110.025000, 20.245000 
53.529100, -113.387500, 654.815000 
53.571700, -113.349800, 66.248400 
52.959300, -115.893800, 74.740000 
51.637200, -112.866000, 312.400000 
52.776100, -115.660700, 98.250000 
52.758100, -114.111600, 657.280000 
52.226300, -115.177000, 182.610000 
58.500000, -119.416700, 49.290000 
53.559200, -113.388800, 0.245700 
52.940400, -114.832300, 64.550000 
55.725100, -119.399900, 291.268000 
52.308300, -113.550000, 845.316000 
49.713599, -112.796397, 12.760000 
51.191300, -113.940900, 508.667000 
53.733200, -113.486200, 7.670000 
49.305200, -114.000300, 88.376000 
51.039600, -114.559000, 231.000000 
51.965500, -114.753600, 206.404000 
56.380600, -116.795000, 199.028000 
53.722900, -113.174000, 1.400000 
53.721700, -113.191700, 183.491000 
53.841600, -113.097900, 616.210000 
53.652000, -116.099200, 49.621000 
54.423300, -117.760400, 101.090000 
57.003300, -111.466100, 3808.994000 
57.040500, -111.619200, 5841.215000 
53.560000, -114.486200, 87.729000 
53.508500, -114.557100, 2245.073000 
53.448700, -114.449100, 905.531000 
52.385800, -113.595000, 92.351800 
51.181625, -114.472100, 3.920000 
52.033030, -113.938910, 150.689000 
53.227700, -114.988900, 98.200000 
53.593060, -116.390300, 653.492000 
51.570800, -114.851700, 31.242000 
55.071200, -118.691200, 597.438000 
53.795900, -113.099600, 833.700000 
53.804200, -113.082400, 221.548000 
53.413300, -117.570600, 851.530000 
50.845800, -113.586700, 1049.180900 
54.141900, -115.704200, 1.140000 
53.541700, -113.391700, 922.200000 
53.181200, -115.762500, 929.747000 
51.219500, -114.645400, 398.188000 
50.805300, -110.034900, 308.146000 
54.833300, -118.646700, 114.556000 
54.524700, -116.794300, 351.209000 
52.553700, -111.694000, 33.970000 
54.130900, -115.546700, 23.596000 
53.204500, -116.811200, 87.112600 
51.086700, -114.008800, 10.540000 
50.086600, -110.716700, 606.434000 
53.550500, -113.358900, 928.700700 
51.526000, -113.880000, 304.046300 
51.696900, -114.475000, 349.642000 
55.248100, -114.514000, 458.900000 
53.531993, -113.364925, 101.230000 
54.772900, -110.579000, 2216.910000 
54.185400, -116.210400, 71.690000 
51.400100, -114.034300, 146.884200 
53.757500, -113.149900, 43.326000 
51.984500, -114.743800, 19.114000 
54.427200, -116.884300, 195.130000 
53.132300, -115.981700, 48.570000 
52.035300, -115.137700, 66.044000 
54.510900, -115.511700, 132.180000 
53.283800, -110.031900, 27.224300 
50.061200, -110.723000, 2.289000 
55.481900, -119.059200, 45.488000 
51.789600, -114.702800, 30.382100 
53.725400, -113.193000, 593.300000 
55.029800, -118.744000, 769.090000 
55.273300, -114.599700, 13.629100 
49.628100, -114.571900, 38.062000 
57.546300, -119.112600, 127.530000 
55.040000, -115.475800, 259.980000 
50.597600, -111.881800, 40.000000 
50.583700, -113.871100, 65.640000 
53.250200, -115.555500, 16.086000 
55.489100, -119.750800, 297.806000 
53.581600, -113.599100, 1071.668000 
55.876700, -119.301100, 238.439000 
51.222500, -114.495600, 242.863000 
53.557500, -116.547200, 160.786000 
59.063100, -118.875700, 98.663300 
53.817200, -113.133600, 45.236000 
51.058900, -115.174500, 409.600000 
53.574500, -113.310300, 0.000500 
52.327100, -112.718300, 263.200000 
56.904200, -117.633600, 2407.510000 
53.670500, -115.762200, 370.454000 
53.723500, -113.173800, 96.617000 
50.058200, -110.728200, 21.170000 
54.133300, -115.366600, 75.642000 
52.827500, -110.859600, 0.064000 
53.099900, -115.316800, 247.800000 
53.527700, -113.392600, 4.052000 
55.074200, -117.274200, 55.661000 
58.194700, -116.350400, 2411.795800 
55.199400, -116.221900, 373.444000 
55.993500, -113.480500, 45.591000 
49.729139, -112.781105, 23.930000 
53.799100, -113.080700, 110.530000 
58.518800, -117.119500, 38521.000000 
54.139800, -115.689100, 10.300000 
54.587200, -112.803100, 2.400000 
53.902300, -115.189300, 60.190000 
53.740700, -113.023100, 466.901000 
52.212400, -113.843700, 207.137000 
52.228400, -114.397700, 400.863000 
51.189400, -113.937800, 170.275000 
53.593600, -113.335600, 42.830000 
57.298900, -111.503300, 875.060000 
53.345800, -111.251900, 22.850000 
50.040920, -110.721904, 47.559000 
50.664700, -113.784200, 17.450000 
50.443600, -110.882500, 282.162000 
49.801900, -113.104700, 107.260000 
53.622800, -115.869400, 10.540000 
50.269600, -112.893800, 226.068000 
53.652200, -113.716400, 18.360000 
54.846700, -112.567500, 30.549600 
52.308300, -113.550000, 3836.497000 
58.447100, -119.238300, 64.539300 
53.402700, -117.599300, 147.721000 
50.577200, -111.178100, 196.183000 
52.869000, -115.101000, 255.775000 
50.671900, -110.028900, 49.303000 
52.904700, -115.324700, 100.329000 
55.582700, -110.888800, 185.133000 
53.091100, -111.768600, 106.447000 
55.069600, -110.536100, 1157.307000 
53.373100, -116.086000, 366.853000 
51.006900, -113.192800, 62.124000 
57.351700, -111.522200, 215.121000 
51.028800, -114.044800, 29.833000 
53.519600, -113.529000, 136.877000 
51.024500, -114.025000, 28.800000 
52.315900, -113.850000, 21.885000 
50.847000, -113.591000, 69.650000 
53.819400, -113.141900, 41.670000 
54.043500, -117.420000, 94.922000 
56.031400, -117.976100, 57.366000 
49.975700, -114.130000, 81.821000 
52.058000, -114.908000, 29.310000 
54.829600, -118.647000, 84.698000 
54.402000, -112.553000, 27.264000 
51.099300, -112.639000, 28.849000 
53.960200, -116.460000, 29.620000 
54.483500, -118.100000, 42.533000 
57.188000, -118.248900, 97.897000 
55.450900, -113.923000, 37.457000 
50.697800, -111.531000, 21.953000 
51.943400, -114.736000, 103.757000 
53.470500, -116.496100, 23.419000 
50.693800, -114.330000, 62.195000 
52.355300, -115.332000, 48.345000 
52.755200, -110.747000, 25.582000 
51.444300, -114.527000, 42.718000 
53.244500, -116.238000, 87.861000 
51.130700, -114.009000, 27.949000 
51.015020, -114.026480, 87.806000 
53.862700, -110.639000, 21.000000 
52.479300, -115.206900, 46.061000 
53.431000, -117.540600, 2.491000 
53.010600, -112.810000, 5.276000 
52.255700, -113.886000, 8.575000 
53.645100, -114.130200, 5.332000 
53.584100, -113.614400, 91.789000 
51.407800, -113.668300, 40.454000 
50.963300, -112.288300, 46.399000 
54.293100, -116.188300, 131.905000 
53.826700, -113.603300, 61.647000 
53.039700, -111.220000, 54.865000 
55.866700, -119.596700, 25.129000 
54.140000, -115.553900, 24.084000 
53.559040, -113.693580, 32.117600 
51.168600, -114.210900, 49.472100 
50.991500, -114.030100, 39.023900 
51.065300, -115.221100, 125.630000 
53.501040, -113.489732, 97.238800 
53.569900, -118.021800, 82.701000 
55.969400, -117.575600, 40.672400 
52.412900, -114.407600, 55.146000 
53.691700, -113.614400, 55.146000 
53.109200, -114.981300, 141.116300 
52.752900, -114.445400, 46.595600 
55.480300, -118.952000, 22.178700 
52.035400, -114.612700, 29.469000 
52.002900, -114.597700, 22.699300 
50.187500, -110.476900, 29.246000 
53.152300, -111.076600, 28.294000 
50.716700, -112.983300, 21.105000 
52.843200, -111.722800, 132.364000 
53.607000, -112.592700, 103.608000 
53.537900, -111.785100, 206.856000 
53.635900, -112.019200, 244.324000 
55.931200, -112.047000, 114.693000 
54.687300, -111.944600, 87.913000 
54.658200, -111.622300, 73.218000 
51.209800, -110.161100, 92.548000 
51.213400, -110.336100, 38.714000 
52.308200, -114.096500, 68.506000 
52.322800, -114.020800, 33.525000 
51.649800, -110.187200, 98.587000 
52.926800, -111.889500, 54.240000 
52.923100, -111.882500, 27.912000 
51.770100, -111.422000, 88.726000 
51.791700, -111.536400, 175.251000 
52.555700, -111.805300, 122.947000 
52.402900, -111.844500, 21.912000 
56.036800, -113.782500, 141.319000 
52.402900, -111.736200, 144.274000 
55.644000, -114.659700, 425.178000 
55.858700, -113.841400, 75.527000 
54.897200, -117.708800, 148.627000 
54.218200, -110.712000, 27.884000 
54.101800, -114.292500, 107.054000 
55.225700, -114.493000, 106.123000 
55.247500, -116.641600, 52.528000 
54.359600, -116.152900, 35.985000 
54.210700, -110.241900, 95.942000 
54.243400, -110.762300, 20.774000 
54.025400, -110.681200, 39.379000 
54.056020, -110.357560, 23.639000 
54.113300, -110.564600, 41.666000 
54.221800, -110.584200, 182.708000 
54.062600, -110.292200, 23.474000 
54.479800, -110.332600, 27.445000 
53.277900, -110.034300, 49.569000 
53.883400, -110.041100, 110.660000 
53.821500, -110.035000, 21.477000 
50.471500, -111.606500, 135.573000 
50.227500, -113.548200, 70.089000 
50.937000, -113.292700, 50.403000 
52.908400, -112.435300, 62.892000 
53.155900, -112.326700, 248.591000 
53.072300, -112.400100, 27.129000 
54.298200, -112.824300, 65.606000 
56.091500, -111.817800, 59.865000 
55.991165, -112.032320, 88.626000 
55.869500, -112.001200, 179.000000 
55.924000, -111.896500, 175.093000 
55.873200, -112.145400, 38.232000 
55.978700, -112.217400, 21.389000 
55.978700, -112.354900, 21.389000 
52.923200, -115.107500, 224.639000 
52.779800, -113.629900, 110.432000 
52.774000, -113.520700, 49.425000 
52.857600, -113.320700, 28.131000 
53.345100, -114.743600, 91.239000 
52.872000, -113.629900, 44.121000 
52.868400, -113.666300, 67.926000 
52.104500, -113.077400, 59.095000 
52.592000, -113.967900, 81.942000 
52.322800, -114.020800, 150.510000 
52.373700, -114.076000, 82.526000 
58.568700, -119.201500, 69.725000 
55.985900, -119.955800, 56.303000 
54.138100, -111.908300, 127.649000 
53.890700, -117.354000, 198.482000 
55.728600, -119.775000, 26.732000 
55.396400, -119.599700, 84.461000 
53.796100, -111.941900, 37.526000 
50.129400, -111.908400, 64.374000 
54.494400, -115.957600, 47.003000 
53.927000, -114.376900, 21.177000 
54.650900, -114.528900, 29.848000 
54.338200, -114.060400, 47.043000 
54.530800, -112.920000, 5.920000 
52.544800, -110.713600, 110.051000 
58.943200, -118.916800, 70.152000 
59.067000, -118.875900, 12.757000 
59.005100, -119.033200, 132.559000 
57.364000, -119.763000, 36.489000 
52.746800, -112.988000, 29.471000 
52.588400, -113.161800, 53.520000 
52.144400, -115.535000, 37.445000 
52.180900, -112.647600, 181.886000 
52.549700, -112.579400, 105.060000 
51.893700, -114.400400, 211.300000 
52.480900, -114.870200, 142.588000 
52.199300, -114.564900, 52.927000 
52.544800, -114.641600, 138.268000 
52.319300, -111.477600, 141.573000 
52.235700, -111.788100, 81.498000 
52.220900, -111.937300, 62.768000 
51.955400, -111.845300, 26.678000 
51.977300, -111.173400, 13.975000 
52.446500, -111.272700, 0.373000 
52.515700, -113.173800, 518.868000 
49.871100, -112.913700, 64.887000 
52.512000, -112.999300, 11.236000 
52.366500, -113.191800, 33.305000 
52.515700, -113.366300, 28.967000 
52.104400, -110.695000, 469.522000 
52.028200, -110.564700, 23.199000 
51.977300, -110.486900, 27.141000 
52.264500, -110.570500, 75.432000 
50.737400, -112.084900, 93.490900 
50.542200, -112.204700, 119.133700 
54.162500, -112.841800, 83.316000 
50.704300, -111.155300, 73.441000 
50.518700, -111.910900, 39.784000 
50.838700, -111.520100, 148.048000 
50.977000, -111.683100, 70.669000 
50.922300, -111.391500, 65.957000 
51.300700, -112.042600, 50.028000 
57.299000, -118.228900, 103.525000 
52.166500, -113.256300, 201.027000 
54.796400, -117.658000, 37.373000 
52.286500, -114.123200, 61.947000 
54.785300, -117.658000, 462.038000 
52.457600, -114.419100, 90.777000 
57.200800, -118.819200, 25.691000 
55.891100, -119.798600, 23.005000 
55.494700, -119.289500, 47.897000 
54.290800, -116.918700, 113.793000 
51.488700, -113.153900, 250.468000 
53.416800, -113.917700, 68.973000 
53.179500, -111.779500, 15.710000 
53.821500, -113.490400, 137.347900 
56.964500, -117.007100, 205.516500 
53.861500, -114.756100, 21.311000 
51.591800, -110.750000, 20.941000 
51.333400, -110.667500, 124.782000 
51.959000, -110.767500, 32.296000 
51.425100, -110.513800, 68.305000 
56.727900, -116.305700, 25.103000 
51.413400, -111.766500, 20.273000 
51.254200, -110.402700, 76.772000 
53.374300, -114.232100, 30.214600 
51.911800, -114.512900, 166.744000 
52.068200, -114.546800, 76.654000 
51.919000, -114.394600, 56.300000 
51.897200, -115.040200, 24.420000 
51.948100, -115.081600, 9.803000 
52.104400, -115.161600, 100.894000 
51.828100, -114.980700, 12.255000 
53.035800, -115.965300, 118.494000 
53.912600, -116.745100, 8.158000 
54.207000, -117.169300, 278.492000 
54.385300, -116.975100, 88.144000 
57.338900, -119.657100, 112.067000 
57.193700, -118.199700, 137.960000 
57.502800, -118.745700, 17.706000 
57.393600, -118.555300, 82.260000 
57.338900, -118.460000, 40.577000 
55.352900, -110.627800, 140.692000 
55.396500, -110.737300, 103.011000 
54.436200, -111.205100, 14.498000 
55.694100, -113.599400, 8.744000 
55.520400, -113.781100, 31.429000 
55.509300, -114.146900, 12.718000 
55.585600, -117.891600, 363.654000 
54.647200, -119.332000, 65.478000 
54.836400, -119.145800, 63.988000 
54.872800, -119.361100, 68.503000 
54.829200, -119.490000, 111.293000 
54.607200, -119.332000, 143.063000 
54.720000, -119.110600, 568.244000 
52.544800, -114.545200, 195.386000 
52.184500, -114.737900, 39.739000 
53.103200, -115.363400, 314.846000 
52.814000, -114.786000, 164.096000 
52.140800, -115.060200, 34.768000 
52.708400, -115.428900, 289.806000 
53.101200, -114.761900, 56.658000 
53.257600, -115.507800, 108.232000 
54.099600, -117.535500, 25.425000 
53.909800, -115.787800, 41.835000 
53.828700, -115.943000, 106.819000 
53.366700, -116.022500, 98.319000 
53.326800, -116.168000, 122.689000 
53.534300, -116.333900, 60.818000 
49.616400, -112.472000, 41.880000 
49.958300, -113.556600, 144.733000 
53.076000, -111.299800, 82.276000 
53.035900, -111.403600, 39.763000 
53.777900, -115.974200, 115.338000 
53.777900, -115.769200, 42.381000 
54.130700, -115.765300, 35.331000 
54.887200, -119.828100, 70.518000 
55.010800, -119.865000, 34.335000 
54.985600, -119.828100, 128.287000 
57.742220, -119.995050, 52.198000 
57.724400, -119.980900, 52.598000 
55.979700, -119.426100, 58.963000 
51.065100, -114.130500, 30.800000 
51.180450, -113.937280, 47.948000 
53.013900, -116.258600, 29.694000 
52.703800, -114.572500, 29.735000 
54.130600, -119.218900, 29.264000 
54.439300, -119.655000, 31.072000 
54.459900, -119.717000, 102.032000 
55.069400, -113.313900, 32.050000 
53.499300, -116.805300, 104.609000 
50.718600, -111.322200, 43.459000 
54.734400, -112.638900, 20.086000 
57.004500, -113.188600, 75.416000 
51.449700, -111.571700, 22.776000 
54.447400, -117.523700, 156.984000 
56.134800, -113.201300, 78.072000 
55.262000, -113.484200, 21.966000 
55.121400, -114.159100, 21.023000 
53.997000, -111.569200, 177.276000 
54.612500, -118.214300, 89.161000 
53.215900, -116.497000, 42.158000 
55.631500, -112.189600, 50.935000 
50.567300, -111.213500, 41.668000 
52.155600, -113.529700, 42.632000 
53.770600, -117.601400, 70.199000 
54.760400, -113.959500, 27.795000 
53.583000, -116.842000, 137.831000 
56.199000, -110.675100, 28.855000 
50.047200, -113.556900, 20.897000 
56.622700, -119.946500, 61.993000 
54.410900, -112.260400, 23.466000 
51.460600, -112.652800, 96.760000 
51.468800, -112.609800, 22.930000 
51.468100, -112.688100, 21.823000 
54.206700, -116.766700, 14.830000 
54.159000, -116.757000, 18.330000 
51.971600, -112.630300, 21.461000 
51.315900, -113.428500, 29.013000 
52.613900, -112.805800, 59.911000 
52.544700, -112.902200, 20.392000 
51.691800, -112.224000, 26.289000 
51.225200, -113.612600, 78.997000 
53.197300, -114.098200, 138.723000 
54.896300, -118.487000, 89.891000 
55.993100, -119.771100, 139.531000 
55.265600, -114.601400, 129.072900 
54.037600, -116.698500, 62.238000 
53.388600, -115.315800, 24.340000 
50.973000, -113.852900, 30.677000 
50.006500, -114.146000, 21.287000 
50.635800, -113.633400, 20.765000 
50.609400, -113.706700, 36.796000 
50.496700, -113.403600, 28.764000 
50.397600, -113.925500, 304.588000 
50.677900, -113.715700, 40.763000 
56.556900, -119.363900, 29.556000 
53.706600, -115.976300, 108.065000 
50.521800, -113.913200, 75.630000 
50.653300, -111.166100, 47.420000 
50.576700, -112.630300, 120.559000 
50.158400, -112.136500, 30.961000 
52.926700, -113.998900, 49.872000 
51.024500, -111.642800, 91.044000 
51.552500, -111.490600, 189.781000 
51.176900, -112.055300, 179.234000 
51.915100, -113.373700, 39.944000 
52.358000, -114.324100, 56.472000 
52.091000, -112.761500, 39.990000 
51.637100, -112.865800, 24.827000 
52.743400, -114.113400, 41.638000 
52.337200, -115.123200, 22.648000 
52.851400, -114.046900, 126.773000 
51.137900, -111.577600, 147.551000 
51.507100, -111.886500, 53.264000 
52.010000, -113.601400, 43.054000 
55.781200, -114.307200, 128.571000 
52.265500, -114.517800, 78.257000 
52.707000, -114.137500, 20.234000 
53.825000, -115.556700, 192.195000 
53.216900, -116.358700, 39.923000 
55.245100, -119.689000, 37.453000 
57.066100, -114.777500, 21.890000 
52.260500, -113.816600, 103.488000 
52.366300, -114.963000, 139.600000 
56.930900, -115.252200, 101.434000 
55.883900, -117.462000, 30.388000 
49.729200, -114.427200, 51.123000 
54.661700, -119.034700, 28.943000 
55.800300, -117.813800, 40.706000 
55.145600, -114.118900, 26.944000 
54.738100, -119.837500, 24.757000 
54.388400, -110.949300, 67.692000 
54.665300, -119.129700, 139.308000 
53.193400, -110.863100, 40.829000 
55.640300, -118.502800, 103.905000 
54.858100, -119.235000, 50.111000 
54.348900, -119.463300, 25.247000 
54.033400, -117.756900, 75.824000 
54.965100, -119.306800, 33.358000 
52.140800, -112.157200, 45.206000 
56.347100, -119.190500, 40.274000 
55.895000, -118.317500, 31.722000 
51.495900, -114.210100, 30.729000 
50.202700, -110.661300, 45.678000 
50.336700, -110.135000, 29.635000 
50.294200, -110.593500, 42.987000 
50.191100, -110.259400, 36.626000 
53.017500, -112.191400, 24.922000 
53.337800, -111.243900, 47.662000 
52.090700, -112.766700, 11.530000 
55.862200, -119.589200, 39.140000 
56.098600, -119.288100, 95.268000 
55.945800, -119.805300, 119.838000 
55.943900, -119.923100, 23.805000 
52.268400, -113.351800, 219.453000 
50.955100, -112.697800, 21.910000 
50.995000, -112.801700, 31.680000 
50.965900, -113.030200, 29.133000 
51.115100, -112.960100, 50.592000 
51.122600, -113.164300, 34.509000 
51.217000, -113.977700, 79.916000 
51.006200, -113.176000, 42.484000 
51.020700, -112.948400, 61.775000 
50.278300, -111.468400, 176.756000 
50.289400, -112.007500, 109.649000 
50.274700, -111.847600, 47.134000 
50.238300, -111.939500, 31.423000 
50.413200, -111.755900, 25.837000 
50.536800, -112.031500, 27.806000 
50.656800, -111.410100, 46.185000 
50.671500, -111.695300, 277.791000 
50.998700, -112.464500, 69.348000 
51.126200, -112.359500, 275.982000 
51.304300, -112.653700, 103.955000 
51.275400, -112.906500, 61.193000 
51.402400, -112.918100, 152.570000 
51.075100, -112.231200, 20.085000 
51.060700, -112.412000, 24.806000 
51.147800, -112.621100, 30.836000 
51.129700, -114.767900, 64.831000 
51.151500, -112.703700, 28.681000 
51.322600, -112.542000, 79.150000 
51.322600, -112.918100, 26.779000 
51.377000, -113.041600, 28.282000 
51.424300, -112.994500, 43.809000 
51.420600, -113.052500, 32.633000 
50.675000, -111.762200, 232.706000 
50.802300, -111.902000, 229.111000 
50.795100, -112.017800, 299.935000 
50.893400, -112.174000, 189.766000 
50.842300, -112.463400, 77.806000 
50.915100, -112.451700, 457.366000 
50.627900, -111.965600, 59.720000 
50.635100, -112.237600, 48.062000 
50.700700, -112.110300, 62.355000 
50.707900, -112.353400, 71.737000 
50.711500, -112.394000, 240.664000 
50.755100, -111.786200, 30.995000 
50.809500, -111.693700, 111.904000 
50.867900, -111.936700, 111.265000 
50.860700, -112.035100, 72.199000 
50.864300, -112.353400, 111.493000 
50.977000, -112.242800, 101.604000 
50.889400, -113.406800, 196.155000 
51.264300, -113.205200, 29.583000 
51.380700, -113.229600, 91.195000 
51.402600, -113.247400, 177.281000 
50.984300, -113.444300, 148.242000 
51.075100, -113.409300, 142.819000 
51.078700, -113.537700, 31.446000 
51.264300, -113.403500, 75.042000 
51.359000, -113.352900, 64.601000 
50.766500, -111.946400, 46.184500 
55.520300, -119.315300, 110.269000 
57.840900, -117.867800, 20.482000 
57.931900, -117.835000, 259.128000 
58.164800, -117.427500, 20.018000 
58.081200, -117.635600, 299.735000 
58.248400, -117.455300, 24.061000 
57.808400, -118.093900, 99.061000 
58.030100, -118.399800, 35.486000 
56.222300, -112.706800, 88.379000 
54.854500, -111.802000, 21.451000 
54.949300, -110.622600, 57.896000 
54.970900, -110.750100, 35.503000 
55.047300, -110.577800, 126.206000 
55.102000, -110.507600, 20.301000 
55.232900, -110.698700, 60.521000 
55.218400, -111.316200, 22.146000 
55.309300, -110.480100, 47.076000 
55.294800, -110.795100, 163.370000 
57.266800, -114.892000, 22.914000 
57.240900, -112.620700, 33.543000 
57.542900, -112.226600, 27.831000 
51.409800, -113.094600, 39.316000 
50.740700, -112.324500, 74.979000 
52.708400, -114.446600, 25.831000 
52.777600, -114.234300, 21.314000 
50.096700, -111.110000, 40.008000 
50.165800, -110.841900, 44.914000 
50.165800, -111.052800, 126.479000 
50.187500, -111.052800, 30.877000 
50.187600, -111.167000, 88.243000 
50.223900, -110.761900, 662.971000 
50.223900, -110.899700, 123.314000 
50.224000, -110.037500, 353.017000 
50.398600, -110.503300, 225.520000 
50.573100, -111.177500, 254.721000 
50.700700, -110.478000, 336.438000 
50.700600, -110.772500, 148.270000 
55.363900, -119.760600, 41.235000 
55.443900, -119.522500, 21.667000 
52.574000, -115.393600, 142.414000 
52.701200, -115.392500, 20.005000 
56.095100, -113.448600, 842.330000 
50.536900, -112.031500, 20.799000 
50.700700, -111.022200, 96.432000 
50.314700, -111.968400, 81.413000 
50.631500, -111.022200, 42.499000 
52.439300, -110.298300, 42.540100 
52.599300, -113.083800, 21.015000 
52.642900, -113.191800, 24.623000 
52.606500, -115.014400, 31.261000 
54.223000, -113.478600, 98.892000 
53.254000, -113.048200, 189.086000 
51.239700, -115.564600, 46.039000 
50.784300, -113.667400, 77.387000 
50.755100, -112.162300, 28.081000 
51.766200, -111.963700, 126.331000 
52.020900, -112.402800, 65.176000 
50.922300, -112.003700, 133.953000 
55.619600, -119.503300, 99.797000 
55.498300, -119.516700, 68.748000 
53.837900, -113.933100, 167.677000 
55.771100, -119.828100, 64.129000 
50.591500, -111.780300, 37.444000 
53.188700, -115.642200, 31.200000 
51.439000, -112.054500, 33.231000 
51.359000, -112.360100, 165.319000 
51.784500, -113.402700, 105.287000 
51.531300, -113.276300, 109.594000 
51.642600, -113.337700, 393.036000 
53.374300, -114.527900, 264.754000 
53.363200, -114.456300, 32.863000 
51.122600, -112.149500, 31.442000 
51.038600, -111.864000, 94.859000 
51.046200, -112.044500, 32.658000 
49.958300, -111.030000, 28.168000 
50.456800, -110.181600, 55.084000 
50.565900, -110.210200, 83.956000 
50.755100, -110.310200, 35.872000 
53.876200, -117.149000, 26.520000 
53.937900, -116.900400, 35.691000 
53.981500, -116.999800, 40.865000 
53.228700, -115.104400, 156.557000 
52.640400, -113.252100, 63.425000 
55.574700, -118.815800, 159.889000 
52.435700, -113.390400, 619.522000 
55.433300, -116.483200, 144.401000 
52.727800, -113.270100, 26.926000 
51.971000, -114.052700, 85.427600 
51.366200, -112.771200, 20.129700 
51.093400, -112.820100, 76.016900 
52.275700, -114.218800, 20.563700 
52.017300, -113.148800, 33.191700 
51.635400, -112.792600, 34.354800 
51.871800, -112.887600, 44.937000 
51.751800, -113.864600, 27.797600 
52.522800, -116.380000, 23.818100 
52.439300, -110.316400, 27.726600 
51.737300, -112.561700, 43.110200 
55.087300, -113.141000, 24.809300 
58.110400, -118.115600, 62.159300 
56.233200, -113.896400, 75.807700 
56.513900, -115.606000, 32.509300 
55.542000, -113.430800, 35.889300 
55.585700, -112.963500, 25.008600 
55.625700, -114.374200, 23.762600 
58.128400, -118.382100, 24.787700 
55.774800, -113.774700, 21.851300 
55.385700, -113.001600, 66.156400 
50.711900, -111.057400, 54.142900 
54.436100, -118.743800, 28.507000 
54.003300, -118.246500, 21.169100 
53.635900, -116.931800, 32.461100 
52.493600, -115.935000, 56.222500 
50.427600, -112.462300, 27.187600 
50.675000, -113.087500, 25.491900 
55.196500, -112.570400, 27.223600 
56.280700, -116.119100, 44.054500 
50.485900, -111.702200, 238.997000 
50.689500, -111.554800, 196.274000 
52.610400, -114.821800, 64.130000 
50.897000, -111.693700, 182.425000 
55.432900, -111.219800, 1.750000 
56.313200, -111.636200, 170.590000 
50.777100, -113.397000, 44.051200 
52.222500, -115.247400, 41.236000 
54.268900, -111.143600, 58.774200 
57.877200, -119.740900, 203.490000 
49.652800, -111.231900, 46.779000 
52.111800, -112.731200, 20.870000 
53.561500, -116.577900, 1974.410000 
52.079300, -111.012200, 44.430000 
56.560600, -119.031700, 51.000000 
53.392300, -115.316900, 63.640000 
53.392300, -115.310800, 2.290000 
52.042900, -114.588800, 120.150000 
52.543100, -114.280500, 20.030000 
52.759300, -115.531900, 104.940000 
50.693200, -113.672900, 98.910000 
51.388100, -110.772500, 102.080000 
51.209800, -113.141000, 41.000000 
52.362900, -113.534900, 86.790000 
50.627800, -111.287500, 19.180000 
52.130100, -110.116900, 3.640000 
52.326500, -114.515200, 30.091300 
54.963600, -117.670700, 156.774400 
52.966800, -111.131600, 44.021000 
53.032300, -111.293600, 21.626000 
50.165900, -110.089100, 121.419000 
52.559300, -115.213000, 20.493000 
54.538100, -119.066400, 30.473000 
56.833400, -113.112100, 28.950000 
56.498700, -112.481600, 21.395000 
55.847500, -111.358600, 24.555000 
59.641800, -118.307800, 66.383000 
54.418100, -116.362000, 36.045000 
52.337200, -114.195300, 45.820000 
54.792900, -115.521700, 35.070000 
54.458200, -115.641400, 8.450000 
58.081200, -117.828800, 47.655900 
51.970000, -110.629400, 53.256300 
55.710300, -116.604200, 45.555600 
51.868200, -110.139700, 92.876900 
53.090400, -115.245000, 50.040600 
53.254000, -114.437900, 63.549600 
53.181200, -114.486800, 111.658200 
52.936200, -114.160900, 44.741300 
53.035900, -110.994100, 52.669000 
52.890400, -114.865000, 84.438300 
55.830300, -116.673400, 47.415500 
51.784500, -110.056900, 27.481500 
52.941600, -114.418200, 48.656000 
59.601800, -117.409700, 114.148000 
55.441300, -116.773800, 27.681200 
53.010400, -110.731400, 22.580800 
56.458600, -119.914300, 56.220400 
52.646500, -111.092500, 22.516500 
54.844900, -115.332400, 46.421100 
56.546600, -115.293500, 23.100300 
53.428700, -115.125800, 104.749400 
58.683300, -118.670000, 69.160300 
52.923200, -110.767700, 36.942700 
58.305400, -118.888000, 45.198600 
50.337100, -111.513600, 48.388800 
53.479400, -115.130800, 46.691800 
52.446500, -114.671600, 46.359300 
51.762600, -110.139700, 49.437500 
52.650400, -115.080800, 122.264200 
52.519400, -110.085200, 23.282800 
53.173900, -114.884600, 48.781800 
50.715500, -110.953700, 45.819000 
57.851600, -119.158100, 204.610400 
50.271200, -110.376900, 50.164700 
50.307500, -110.502500, 48.801800 
50.282400, -110.468900, 27.719700 
50.453200, -110.204700, 47.385300 
50.318700, -111.261700, 25.250600 
50.340400, -111.302000, 116.123800 
50.267600, -111.330600, 114.364800 
53.134000, -115.678900, 46.510000 
53.148700, -115.746100, 29.112000 
52.541200, -115.170800, 65.719700 
52.439300, -115.044700, 46.107000 
52.461400, -114.346900, 299.314200 
52.570100, -114.533200, 99.095400 
53.064700, -116.436900, 53.182200 
53.039400, -116.406400, 42.085400 
53.163100, -117.017800, 238.461700 
53.021100, -116.363600, 23.778600 
52.806800, -114.640400, 114.385200 
57.042500, -111.905000, 243.263300 
53.395900, -112.759100, 44.289300 
52.402900, -114.593500, 43.725300 
53.752300, -117.099300, 337.024000 
50.311200, -110.296600, 22.325000 
51.581600, -113.840400, 49.663000 
50.583900, -113.302700, 29.893000 
50.736800, -113.325700, 41.100000 
55.603900, -119.347800, 35.146000 
54.370800, -116.874800, 48.782400 
54.087500, -115.770200, 22.737100 
52.843100, -115.604700, 119.692000 
52.260900, -114.946900, 30.861000 
55.976100, -119.803900, 39.544700 
50.013100, -112.393100, 41.720000 
52.774000, -114.501000, 8.600000 
52.766800, -114.489100, 34.600000 
49.088900, -112.414800, 0.790000 
52.774000, -112.914300, 30.052000 
54.385300, -118.624900, 53.823700 
54.760100, -113.815800, 114.964000 
54.654500, -114.092500, 0.673000 
54.763700, -113.938300, 0.865000 
52.730400, -114.112900, 44.447500 
52.608500, -114.186200, 36.179100 
58.368300, -118.990000, 69.052000 
58.255700, -119.187300, 30.952000 
58.059200, -118.287500, 76.570000 
50.889400, -114.761800, 912.200000 
49.229200, -114.029100, 24.793000 
49.488900, -113.955100, 40.918000 
52.088200, -115.689400, 127.144000 
51.135900, -114.144900, 19.736000 
51.599900, -115.356900, 253.127000 
53.272300, -114.725300, 20.299000 
52.584800, -112.500100, 24.631000 
52.621200, -112.211500, 517.390000 
53.279500, -111.587000, 1107.336000 
53.195900, -111.911200, 114.360000 
53.363200, -111.879500, 67.072000 
52.024500, -112.916300, 97.361000 
52.591900, -112.192500, 41.923000 
52.701200, -112.259500, 292.084000 
55.640300, -119.627000, 46.253500 
53.734200, -118.395600, 35.090000 
52.711900, -116.338600, 25.034600 
52.697500, -116.320300, 23.236500 
53.712300, -116.148900, 27.541000 
52.766700, -116.393000, 376.660300 
55.458300, -119.573900, 26.153000 
53.854300, -117.391200, 247.446000 
55.789500, -112.281800, 58.329000 
54.359700, -118.756300, 20.446100 
54.265300, -116.342000, 210.774000 
54.119800, -116.273100, 290.656000 
54.221800, -116.197900, 36.331000 
53.923400, -116.775900, 38.878000 
53.799800, -116.092200, 173.125000 
54.079700, -118.342700, 75.164000 
53.607000, -116.537300, 35.898000 
54.034500, -117.180900, 108.945000 
54.178700, -117.328400, 1065.713000 
53.711900, -117.052500, 44.222000 
53.918400, -117.297000, 188.206000 
54.341400, -116.301500, 82.352000 
52.989300, -114.157900, 237.458000 
52.874300, -110.428000, 55.580000 
52.830300, -116.272200, 375.447000 
52.682300, -114.392900, 54.417000 
52.958200, -114.679900, 94.664000 
53.002000, -110.993900, 28.152000 
52.874300, -110.162700, 37.385000 
55.117900, -112.737900, 17.131000 
53.117300, -110.803900, 62.982000 
56.364200, -119.934300, 42.256000 
55.341700, -118.914200, 23.675000 
55.338100, -118.536700, 21.038000 
50.168300, -112.299800, 56.278000 
50.013100, -112.611500, 259.899000 
56.851800, -115.208100, 39.904400 
52.031800, -112.629500, 14.246500 
55.736000, -119.076000, 45.180500 
53.847000, -114.619400, 57.015700 
53.484800, -115.607600, 244.526000 
53.385100, -115.612800, 364.044000 
53.290400, -115.831900, 161.253000 
52.180900, -113.083200, 206.396000 
54.512600, -111.717000, 25.833000 
54.527300, -112.930700, 52.548000 
55.382000, -111.760100, 34.940000 
54.348990, -110.766800, 25.418000 
55.174800, -112.281000, 126.355000 
54.778200, -113.963900, 14.320000 
54.367200, -110.503100, 27.524000 
54.465400, -113.221600, 61.307000 
54.162360, -115.733900, 816.950000 
54.545400, -114.794200, 52.934000 
50.398600, -112.847300, 79.840000 
50.493200, -111.801700, 43.634500 
53.483200, -112.906800, 44.680000 
51.828200, -111.774200, 13.449600 
51.686200, -110.666900, 11.120500 
52.937600, -114.270700, 21.657000 
53.017600, -114.370700, 39.229000 
56.218700, -116.251300, 60.774300 
54.105400, -117.526500, 519.070000 
54.858100, -119.770600, 22.226000 
54.225300, -118.305200, 63.061000 
52.279300, -110.081400, 47.138000 
53.952600, -117.559000, 110.742000 
57.502900, -116.505500, 21.073000 
52.333700, -112.885200, 40.302000 
52.601300, -115.221600, 22.843000 
56.007600, -113.402800, 100.680000 
54.054200, -118.308700, 78.974000 
51.559000, -112.471500, 21.823000 
51.551800, -112.483400, 22.319000 
51.919000, -112.686200, 20.105000 
53.977900, -116.751200, 31.980000 
53.419200, -115.091500, 44.887800 
53.479500, -115.224400, 35.340800 
50.744200, -110.130000, 57.713000 
50.896900, -110.633600, 78.979000 
50.824200, -110.859400, 53.811000 
49.972800, -110.755600, 89.096000 
50.084400, -110.607000, 28.127000 
49.988300, -110.914000, 60.076000 
50.022400, -110.743000, 85.988000 
51.020600, -111.402200, 44.438000 
50.093100, -110.732800, 191.341000 
50.136700, -110.732800, 64.368000 
50.533100, -112.444200, 113.413000 
53.590480, -116.172680, 154.876100 
50.111100, -113.482500, 37.864000 
51.195100, -112.102800, 21.905000 
50.187500, -112.153400, 20.269000 
52.159300, -112.749000, 21.600000 
51.984500, -112.784800, 84.620000 
52.050000, -110.420600, 37.382000 
51.580900, -112.977000, 41.664000 
51.584400, -113.070000, 21.806000 
51.599000, -113.029900, 63.187000 
51.660900, -113.017900, 23.041000 
51.624500, -112.952600, 224.496000 
51.700900, -112.852000, 135.256000 
51.515400, -112.953400, 21.876000 
52.555700, -114.449100, 72.775000 
52.515700, -114.449100, 30.002000 
52.512000, -114.394900, 62.905000 
52.541200, -114.322700, 20.405000 
52.490100, -114.232400, 28.281000 
52.537600, -114.292700, 95.756000 
55.251100, -119.426100, 33.424000 
52.759300, -114.125200, 159.655000 
52.543100, -114.280500, 44.918000 
52.384800, -114.382900, 37.872000 
52.803100, -115.665500, 27.639000 
52.468400, -114.328800, 36.634000 
51.395400, -111.331700, 38.875000 
52.748400, -115.513900, 24.567000 
52.028200, -113.572700, 66.311000 
51.973700, -113.572700, 52.962000 
51.930100, -113.538800, 140.551000 
52.035400, -113.614300, 68.955000 
55.367500, -119.220300, 23.573000 
52.915900, -114.006000, 51.234000 
52.944800, -114.264600, 52.874000 
51.795400, -113.456000, 22.431000 
51.813700, -113.621800, 69.097000 
54.956400, -119.783300, 258.318000 
56.271846, -111.498890, 2745.004000 
53.767000, -117.497000, 254.072000 
53.579500, -113.089500, 41.134900 
54.445300, -118.607600, 38.906000 
55.041200, -110.577800, 33.671000 
53.578344, -115.855642, 61.367000 
51.075100, -112.575300, 24.779000 
51.428200, -113.458800, 29.449000 
52.857600, -115.513900, 26.693000 
51.286200, -113.200200, 60.332000 
51.049800, -113.659900, 31.992000 
52.435700, -110.364700, 21.619000 
51.399000, -112.683100, 89.244000 
51.879000, -112.792600, 27.310000 
51.639000, -112.840100, 21.149000 
51.784500, -113.532900, 99.072000 
53.857900, -113.397400, 42.686700 
50.565900, -112.640300, 64.228900 
54.279800, -117.012600, 23.266000 
50.758700, -112.122000, 28.658000 
53.272300, -113.072700, 30.093000 
50.860700, -110.229100, 32.049000 
51.100700, -111.403100, 35.341000 
51.359000, -112.418700, 56.837000 
51.402600, -112.330600, 29.837000 
51.737300, -113.124300, 158.985000 
51.668100, -113.615000, 40.416000 
54.796400, -119.082000, 30.081000 
58.339500, -118.536800, 33.495000 
58.011900, -119.480700, 135.576000 
52.890400, -114.246600, 39.385000 
56.506100, -119.432000, 126.541000 
50.995300, -113.973800, 0.014000 
52.942400, -113.511100, 105.142000 
52.086500, -112.754800, 54.630000 
51.900900, -111.608400, 164.202100 
52.290100, -112.963800, 20.177000 
58.630400, -119.058200, 28.951000 
52.610400, -111.670100, 43.225500 
52.384800, -112.223400, 24.935200 
52.381200, -112.199200, 43.677300 
52.671900, -114.615300, 20.098700 
54.166900, -118.486900, 92.090000 
51.489800, -112.888700, 55.812000 
56.121200, -115.994600, 33.151500 
50.831400, -110.865000, 20.212000 
53.847000, -113.981600, 0.750000 
52.235800, -113.377700, 4.770000 
52.217300, -113.387700, 1.110000 
54.668900, -117.651600, 41.161000 
53.374300, -111.809800, 96.790000 
53.363200, -112.039500, 121.702000 
51.671700, -112.507500, 65.719000 
52.039300, -112.987700, 68.810000 
53.134000, -111.850100, 44.997000 
52.282900, -113.113200, 50.359000 
57.217500, -110.895000, 1158.871500 
53.454300, -117.159800, 30.168000 
53.890700, -117.465900, 25.502000 
56.666700, -111.345100, 209.760000 
56.055100, -115.366500, 70.016000 
52.039300, -111.376500, 35.300000 
53.486800, -114.330700, 68.460000 
52.875700, -111.422500, 114.300000 
52.144900, -111.752000, 28.537300 
50.184300, -110.508300, 35.477000 
52.224800, -113.025700, 23.219000 
53.558600, -113.368000, 70.434800 
55.835800, -114.697100, 122.770000 
51.948100, -113.711300, 77.620000 
52.555900, -113.042600, 16.696000 
51.727500, -113.819000, 152.260000 
52.604900, -113.196300, 39.199000 
53.885300, -117.178700, 27.075000 
50.683000, -112.160000, 54.102600 
51.326800, -110.165300, 25.050100 
57.382700, -118.979400, 52.875000 
53.154100, -116.460300, 91.668000 
55.965300, -119.935100, 21.912000 
53.221000, -114.668000, 20.578000 
51.659100, -111.311500, 29.360300 
55.201500, -119.881400, 249.959000 
59.237200, -119.885800, 66.641000 
51.505300, -112.475000, 21.823000 
52.725100, -113.169500, 33.260000 
55.434200, -114.550000, 69.523000 
57.211800, -118.010800, 154.371000 
53.141500, -110.581100, 23.769000 
53.145100, -110.623800, 23.824000 
53.134300, -110.587100, 24.235000 
53.134300, -110.635900, 23.714000 
53.156000, -110.660300, 28.770000 
53.137900, -110.654200, 28.714000 
53.145100, -110.642200, 23.714000 
53.156000, -110.638400, 33.963000 
53.156000, -110.615800, 23.714000 
53.156900, -110.605500, 23.714000 
53.149700, -110.624100, 28.660000 
53.134300, -110.642200, 23.714000 
53.834000, -117.912400, 52.385000 
54.938500, -119.446500, 52.307000 
54.957600, -119.199100, 185.294000 
55.733200, -118.998900, 39.469100 
53.914400, -117.573700, 468.399700 
53.987100, -117.351500, 275.996100 
50.571300, -112.146100, 59.565000 
51.411700, -113.285800, 57.243000 
50.442900, -111.857300, 68.020000 
50.509600, -112.002900, 31.423000 
49.535100, -111.112000, 23.648000 
51.280800, -112.818900, 43.735000 
55.058800, -110.529900, 20.848000 
55.460700, -119.982500, 24.529000 
54.172300, -118.334400, 20.946000 
52.081000, -113.597900, 24.564000 
53.783400, -112.339300, 24.331000 
51.557200, -113.402600, 27.661000 
50.683000, -111.548000, 30.963000 
52.841500, -116.035500, 110.800000 
50.624800, -111.588500, 66.225000 
52.867000, -116.253100, 42.744700 
51.993700, -113.123700, 26.671600 
51.865500, -112.954700, 31.410000 
52.095600, -113.147400, 21.380700 
49.119100, -113.761500, 217.755000 
51.364000, -110.285900, 26.217000 
50.631900, -111.011300, 47.169600 
50.723300, -112.789100, 26.030000 
50.326300, -110.328500, 67.209800 
52.867000, -116.549200, 30.858400 
53.143200, -116.923400, 89.826200 
52.943400, -116.742600, 21.663900 
50.155700, -114.453300, 171.006500 
54.423700, -119.349700, 34.196000 
51.508900, -113.453800, 28.662000 
50.486700, -112.917000, 138.739000 
52.747200, -114.415600, 7.150000 
52.546700, -115.260600, 65.158000 
52.401200, -114.591500, 30.620100 
53.477400, -117.026300, 28.556000 
53.703000, -117.234900, 76.870000 
52.094000, -114.737100, 35.627000 
58.963400, -118.361500, 33.099000 
53.332400, -111.451000, 167.949000 
53.332400, -111.548200, 104.664000 
53.245100, -111.596700, 77.889000 
53.303300, -111.451000, 109.532000 
53.230500, -111.863900, 70.587000 
53.376000, -111.830200, 70.587000 
52.585700, -116.036700, 25.714900 
53.870700, -116.166400, 165.310000 
56.486500, -114.120400, 44.472000 
52.764900, -114.957500, 210.846000 
52.881600, -111.343300, 62.600000 
52.941200, -118.043000, 134.483000 
52.293900, -110.691400, 98.069900 
53.175900, -115.271100, 275.207000 
55.160200, -118.818400, 385.917000 
53.707700, -116.435600, 26.021000 
53.419200, -113.882300, 59.372000 
53.559400, -113.347200, 177.900000 
56.850000, -119.836900, 36.937000 
54.590000, -114.830000, 57.691000 
53.571500, -117.045300, 177.257100 
55.392400, -119.134800, 34.942000 
53.748200, -112.734000, 48.879000 
55.160300, -116.162000, 34.113000 
50.701400, -111.554300, 176.768000 
51.570600, -113.688200, 203.640000 
51.680100, -113.935100, 84.550000 
51.723600, -113.616200, 131.810000 
51.770800, -113.622100, 493.520000 
51.640200, -113.710700, 49.580000 
52.408900, -114.417900, 23.942000 
56.733600, -115.284900, 30.350400 
55.698600, -119.715100, 45.127000 
52.361000, -113.819400, 3.051000 
52.549200, -113.840800, 10.331000 
49.720000, -113.500300, 25.008000 
53.599500, -111.416200, 16.252000 
54.215900, -117.410600, 28.062000 
53.484900, -116.921800, 28.947000 
55.827200, -116.555400, 21.599000 
49.984200, -112.043200, 39.976900 
52.757900, -113.786100, 44.116000 
52.776000, -113.864500, 36.471100 
52.921600, -113.828400, 99.914400 
52.699800, -114.137500, 39.946500 
52.674500, -114.385100, 33.258800 
52.162900, -112.573300, 22.278600 
56.000000, -119.000000, 51.927600 
55.655900, -119.658300, 20.628800 
52.404900, -114.592200, 20.628800 
52.592300, -111.663300, 27.554600 
52.867000, -114.045900, 20.301800 
52.295900, -115.146700, 21.027000 
52.530400, -112.934800, 27.780000 
52.240800, -114.909200, 39.740000 
50.973600, -112.711700, 102.370000 
57.340500, -119.621600, 47.098000 
50.866100, -113.650500, 37.746000 
56.584400, -119.410600, 55.924000 
50.393200, -113.828900, 142.866000 
50.698800, -113.558500, 44.417000 
50.320400, -113.087100, 101.249000 
53.652500, -115.989400, 132.966000 
51.177800, -112.060300, 20.567000 
52.525000, -115.173800, 22.522000 
52.419400, -115.029800, 53.900000 
51.578500, -112.916200, 28.943000 
53.735600, -115.701500, 30.182000 
53.721200, -115.769900, 23.854000 
49.959800, -113.546000, 44.651000 
54.030100, -117.008300, 38.279000 
52.459500, -114.304600, 93.412000 
57.662400, -119.822600, 122.790000 
52.681500, -113.121100, 57.410000 
55.000000, -119.000000, 15.266000 
58.686900, -118.870200, 59.375000 
54.740600, -113.931600, 0.055000 
54.723500, -113.921900, 0.381000 
53.761100, -117.349200, 233.919900 
53.655600, -117.081700, 496.458400 
52.581500, -113.048400, 25.251000 
50.501000, -112.223700, 43.054000 
51.727200, -113.196900, 25.268000 
51.669000, -113.119900, 24.341000 
55.311000, -119.932400, 30.813000 
52.072000, -113.073300, 23.837000 
54.171000, -118.334400, 213.966000 
50.963200, -113.380000, 86.460000 
50.485300, -111.171600, 135.469000 
50.448100, -110.574400, 50.130000 
51.989100, -113.452300, 49.084000 
50.485300, -111.449700, 44.667000 
51.294100, -112.668100, 21.061000 
52.808600, -115.270700, 41.581000 
55.071100, -119.032100, 38.595000 
53.596200, -113.332100, 163.460000 
52.437900, -113.858500, 145.704000 
54.342700, -110.328700, 190.197300 
54.769600, -111.904600, 44.190000 
51.077100, -112.426900, 21.386000 
51.710000, -111.488000, 20.799000 
54.128600, -116.928000, 35.445000 
54.197700, -116.761000, 530.648000 
55.743000, -114.147400, 20.195000 
56.528200, -114.071600, 23.053000 
56.524400, -113.464600, 108.841000 
53.812800, -110.003500, 43.927000 
50.423400, -112.788800, 70.215000 
54.285000, -115.698200, 80.910000 
52.881600, -116.573400, 32.464800 
51.465100, -113.512200, 20.870000 
53.161400, -116.973500, 28.225400 
53.768300, -116.915400, 65.522000 
53.761100, -117.367500, 42.092000 
52.124700, -113.677200, 51.110000 
52.223000, -113.659300, 40.870000 
51.787100, -113.335700, 57.900000 
52.790600, -114.549600, 1.790000 
53.034200, -115.290800, 34.780000 
56.337000, -119.240200, 25.893000 
56.256700, -119.626500, 68.726000 
52.277500, -112.862900, 40.813000 
52.557700, -115.977200, 27.344500 
54.175700, -119.534400, 79.029000 
53.837700, -116.708500, 21.299000 
54.125100, -116.816700, 188.541000 
49.901400, -111.097200, 21.294000 
52.583000, -113.734000, 125.252000 
53.223000, -115.973000, 23.430000 
52.579300, -113.513500, 44.390000 
52.868700, -113.142400, 54.730000 
51.157600, -114.191600, 8.483000 
53.678600, -113.804600, 0.157000 
53.007200, -117.327200, 7.474300 
55.998000, -118.532200, 133.638000 
54.863300, -119.001700, 95.965000 
54.352100, -119.460100, 21.195000 
54.116900, -110.214800, 167.739000 
54.029600, -110.788100, 23.960000 
51.665100, -113.763000, 49.910000 
51.814300, -113.763000, 78.890000 
51.767000, -113.703800, 47.790000 
53.066800, -115.412200, 71.472300 
51.887800, -114.647300, 24.039000 
54.702000, -119.095000, 47.728000 
54.479100, -119.749800, 36.739000 
53.891300, -110.100600, 22.468000 
53.793000, -110.546700, 20.174000 
54.830600, -118.682100, 22.061000 
54.416700, -118.735900, 124.635000 
52.960600, -115.259800, 58.876000 
52.830800, -115.141000, 61.434000 
53.106900, -115.936400, 32.468000 
54.154200, -117.560400, 34.413000 
53.064200, -115.935200, 28.735000 
53.064600, -116.671200, 27.370000 
54.752100, -119.602200, 124.235000 
53.032100, -111.245100, 20.337000 
56.193600, -110.950600, 318.134000 
53.348000, -115.995300, 166.723000 
54.855200, -119.569100, 27.514000 
54.665400, -119.026200, 45.153000 
54.608900, -119.016700, 24.025000 
53.066800, -116.058300, 23.112000 
54.404000, -118.882700, 113.245000 
53.299600, -115.223500, 25.467000 
54.449900, -118.882600, 22.239000 
53.519000, -118.083400, 153.701000 
54.074800, -117.553300, 30.851000 
54.496800, -118.990300, 21.082000 
54.670700, -119.218300, 25.962000 
54.715300, -119.505100, 41.411000 
53.085700, -116.114600, 37.746000 
52.954900, -115.013400, 28.895000 
50.233800, -113.660500, 50.043000 
54.643700, -119.376800, 31.930000 
55.052400, -119.453000, 155.647000 
54.833700, -119.425700, 58.930000 
54.674300, -119.438800, 89.503000 
52.552400, -112.880800, 34.290000 
54.501400, -111.070200, 43.079000 
54.497000, -111.021700, 68.388000 
51.912900, -113.627900, 89.300000 
54.506100, -111.058000, 46.108000 
55.527900, -110.873800, 365.337000 
50.690600, -111.046300, 22.034000 
54.226800, -118.628100, 112.983000 
52.494100, -113.324500, 21.392000 
55.148500, -110.723000, 27.231000 
51.348700, -113.658600, 45.191000 
51.057000, -113.703900, 142.482000 
51.348700, -113.031900, 25.646000 
51.308800, -113.341700, 53.045000 
51.225300, -112.769400, 29.773000 
50.469900, -111.859400, 20.693000 
52.621400, -113.684400, 32.633000 
52.053800, -113.251900, 35.705000 
55.692200, -119.529200, 62.580000 
52.372100, -115.060000, 66.412000 
52.950700, -115.878200, 30.900900 
55.666400, -110.714000, 206.142900 
52.446800, -113.622500, 24.999200 
56.411700, -110.937600, 1487.670000 
54.856700, -119.333400, 42.196000 
53.623400, -116.858600, 76.710000 
53.019700, -112.193800, 25.485000 
55.247800, -115.069300, 34.350000 
55.248000, -115.083800, 23.055000 
55.219100, -115.073400, 28.560000 
55.225800, -115.084900, 23.944000 
55.248000, -115.084000, 30.923000 
55.227500, -115.057800, 40.819000 
55.233400, -115.069700, 171.610000 
51.936400, -114.183300, 2.820000 
52.013800, -110.150800, 44.602000 
53.280300, -114.773800, 44.602000 
53.193900, -115.291900, 48.972000 
57.884300, -118.604400, 79.844600 
53.054200, -114.935400, 139.733000 
55.775800, -119.122000, 44.958800 
56.285900, -116.153100, 45.506300 
53.572400, -113.013900, 43.727900 
50.741200, -112.189000, 33.280000 
51.764600, -110.147600, 34.249200 
52.862900, -110.988100, 29.099500 
51.970400, -114.303000, 44.798500 
52.697300, -111.200700, 71.967500 
52.047700, -113.673500, 53.085400 
53.256100, -114.437200, 102.102600 
52.395800, -110.504900, 26.386900 
56.925000, -115.902600, 73.140300 
56.099300, -116.320800, 50.143900 
56.375700, -116.230000, 21.988100 
57.666100, -119.185500, 44.945300 
54.590500, -115.856500, 102.307700 
52.366200, -114.596000, 21.947900 
52.594100, -114.879300, 225.148800 
51.898100, -113.567200, 59.386300 
50.235000, -110.391000, 57.652300 
54.198900, -119.052900, 80.904200 
52.591600, -115.347500, 58.326000 
56.173100, -116.199000, 17.442300 
54.323000, -110.250000, 87.152000 
54.656560, -119.915230, 33.082500 
53.579500, -116.138000, 41.549100 
55.662600, -111.257700, 180.792000 
53.184300, -115.488000, 39.720000 
53.975700, -117.287500, 88.905000 
55.997100, -113.473700, 21.850000 
56.284800, -116.111700, 54.311600 
51.716800, -114.642400, 322.724000 
55.608800, -118.003600, 30.995500 
55.640500, -117.119300, 244.018800 
53.791200, -114.612900, 35.669000 
55.489500, -118.325200, 66.593300 
55.201800, -117.914900, 91.491000 
50.243000, -113.608600, 59.466000 
55.234700, -116.555800, 22.125000 
55.145100, -116.211800, 55.939000 
55.848200, -111.961800, 65.628000 
52.884000, -111.721700, 52.145000 
52.483800, -114.282200, 29.530000 
53.391700, -115.151300, 29.470000 
52.299900, -113.046100, 20.094000 
52.144900, -113.180500, 29.153000 
56.277500, -116.798300, 26.153900 
56.306500, -116.844200, 25.316100 
56.299100, -116.798300, 20.865500 
49.940600, -112.407300, 37.445300 
56.753700, -115.281400, 30.520800 
53.190400, -115.223500, 25.012100 
54.030800, -116.659500, 26.167000 
52.255300, -115.039900, 8.458000 
53.892300, -117.336400, 24.544000 
54.612700, -118.213800, 37.741000 
55.645600, -119.436200, 36.300000 
55.543200, -119.024800, 28.262000 
50.399100, -113.681500, 21.620000 
50.289900, -113.394900, 22.975000 
50.876100, -113.686900, 82.724000 
50.568900, -113.628500, 20.918000 
56.113500, -111.829300, 207.343800 
51.650800, -113.008000, 20.405000 
53.048700, -115.077200, 67.372000 
52.042900, -113.579100, 40.806000 
52.758000, -114.107400, 721.245000 
53.107500, -116.763500, 181.468000 
51.984700, -113.311200, 20.403000 
54.140900, -116.995900, 93.266000 
51.959900, -113.562700, 20.405000 
52.950900, -115.104400, 203.030000 
53.212300, -116.990500, 121.025000 
53.153000, -116.286100, 37.759000 
54.287500, -115.992200, 21.747000 
54.054300, -117.165300, 34.791000 
54.856100, -119.688000, 31.951000 
53.066800, -116.228900, 30.896000 
54.724800, -119.092900, 25.006000 
52.983900, -115.025700, 44.871000 
54.699800, -119.048100, 31.951000 
54.033000, -117.758100, 33.515000 
54.743500, -119.048100, 32.802000 
51.934500, -113.332500, 40.809000 
52.390400, -114.376400, 26.895000 
53.450100, -116.033600, 169.788000 
51.879900, -113.362300, 40.809000 
52.490300, -112.964700, 20.680000 
50.442800, -111.519600, 69.762000 
53.608500, -115.435600, 20.270000 
54.946700, -119.715200, 37.054000 
54.061900, -117.748000, 47.129000 
54.226800, -118.628100, 24.088000 
54.302500, -118.644200, 112.102000 
56.177100, -113.058200, 31.423000 
52.017400, -113.424300, 20.194000 
54.886000, -110.466200, 60.764000 
54.975300, -110.354200, 31.678000 
52.739700, -115.715000, 31.248000 
54.062900, -117.782600, 54.021000 
53.436500, -115.989600, 31.619000 
51.396500, -114.028100, 26.852000 
54.830600, -119.662600, 162.215000 
50.898800, -110.483500, 26.319000 
56.063500, -118.088400, 21.416500 
55.907100, -116.809900, 30.214500 
55.767400, -117.517800, 24.863000 
55.562400, -117.052700, 23.176300 
53.081400, -115.570800, 32.271000 
58.439800, -119.154600, 30.981800 
50.861800, -114.767700, 24.352700 
55.748500, -112.560200, 26.375000 
55.022900, -118.573300, 51.841000 
54.345700, -118.405600, 16.150000 
53.713400, -110.746600, 81.860000 
53.742800, -116.692400, 75.261000 
52.732500, -115.225500, 80.539000 
53.653100, -116.834200, 14.930000 
55.239900, -115.083700, 26.860000 
52.283000, -113.222200, 17.520000 
53.557900, -115.091600, 35.473600 
55.711400, -116.603500, 49.902100 
53.634100, -113.040300, 48.631200 
52.397600, -114.352400, 46.943600 
53.392300, -115.310000, 64.388600 
56.288300, -116.864000, 31.863100 
56.302800, -116.244700, 27.468600 
53.968400, -115.342600, 20.388000 
50.247000, -110.356700, 60.787400 
54.541100, -118.179200, 46.189000 
54.439400, -118.250400, 48.702000 
54.241500, -117.291600, 23.274800 
53.957500, -117.076600, 138.429000 
53.855600, -116.983600, 134.241000 
53.499300, -117.155100, 44.497000 
54.154200, -117.222800, 28.992000 
53.943100, -118.746600, 37.572000 
53.840500, -111.901600, 27.415000 
51.074900, -114.138700, 31.418000 
57.286600, -111.599500, 51.259000 
57.335400, -111.755600, 1464.561100 
55.554100, -119.755400, 134.360000 
54.120600, -116.996700, 31.962000 
54.048600, -110.971200, 27.489000 
52.734200, -114.625500, 108.820000 
53.138800, -114.649700, 28.360000 
58.768400, -111.098300, 35.752000 
56.860800, -114.421100, 30.121300 
56.846300, -114.417200, 29.421300 
56.853600, -114.417200, 30.128400 
56.751700, -115.278100, 30.350400 
54.493400, -119.890600, 25.777000 
54.379900, -117.867400, 20.394000 
54.146700, -116.123100, 39.641000 
53.587400, -113.364700, 46.000000 
55.306100, -111.193800, 34.864000 
54.352100, -119.010400, 53.930000 
54.883900, -119.864100, 34.978000 
52.530100, -114.511100, 32.714000 
52.674300, -114.185900, 34.768000 
51.872800, -113.363800, 31.618000 
54.015600, -116.965100, 28.810000 
54.234000, -119.221500, 62.238000 
54.292000, -119.370600, 91.508000 
53.110600, -116.223100, 65.661000 
54.229400, -117.589200, 68.639000 
52.968900, -115.872400, 24.882000 
51.852200, -113.254100, 72.639000 
54.841500, -119.135000, 48.430000 
53.190600, -115.528900, 94.753000 
54.643600, -118.382900, 44.894000 
54.516600, -111.028600, 27.166000 
54.488200, -111.018000, 31.233000 
54.462100, -110.820700, 37.407000 
54.447600, -110.801800, 25.070000 
54.482200, -111.078400, 24.127000 
54.517800, -110.817900, 26.944000 
54.476700, -111.053800, 26.136000 
54.516600, -110.990900, 26.274000 
54.492900, -111.069300, 36.682000 
54.479400, -111.025200, 23.783000 
54.496800, -111.021800, 24.301000 
54.505800, -111.034800, 27.978000 
54.491200, -111.041400, 33.850000 
54.447600, -110.820700, 35.329000 
54.534300, -111.121700, 24.609000 
54.515500, -111.014800, 55.961000 
54.502900, -110.909700, 28.815000 
54.489200, -110.918600, 27.561000 
54.520300, -111.053800, 33.490000 
54.505800, -111.057900, 27.561000 
54.487600, -111.028600, 24.776000 
54.516600, -111.047600, 46.089000 
54.511700, -111.007500, 24.740000 
52.563000, -112.952700, 31.684000 
52.139300, -112.941700, 41.864000 
52.032600, -113.030700, 48.976000 
51.980200, -113.005700, 52.836000 
50.083100, -110.049100, 22.970000 
55.765000, -119.574200, 77.214000 
51.531100, -113.276200, 30.666000 
51.642400, -113.334300, 70.380000 
54.031500, -117.113100, 42.738000 
54.184600, -117.246000, 59.103000 
55.864300, -117.035000, 17.256000 
56.151600, -117.919500, 18.078000 
54.006600, -119.105500, 902.352000 
53.248700, -115.388000, 94.455000 
55.056600, -118.766200, 9.649000 
55.744100, -112.484600, 12.779000 
54.944400, -118.828000, 5.432000 
55.778500, -112.491600, 35.306000 
51.465100, -112.516000, 52.490800 
51.530200, -112.136700, 41.553300 
51.505300, -110.728600, 24.661000 
51.352400, -111.197300, 24.724000 
51.266400, -111.044600, 40.768000 
54.743500, -119.073300, 37.810000 
52.626700, -114.603400, 48.711000 
55.194800, -113.033400, 31.654000 
56.992500, -112.228600, 36.352000 
54.503700, -115.487800, 27.940000 
53.066600, -115.533500, 60.044700 
53.433700, -115.988400, 25.744000 
53.444500, -115.921100, 186.407000 
52.711800, -112.958700, 40.918200 
54.767700, -113.899100, 0.033000 
52.888600, -113.788000, 36.573000 
52.618800, -112.147700, 58.417000 
51.993100, -113.045100, 48.422000 
53.226700, -114.034400, 24.334000 
51.581700, -113.838000, 27.982000 
52.723200, -115.493000, 38.851000 
53.653500, -116.089100, 22.443000 
53.655600, -116.093100, 22.898000 
53.944600, -116.674600, 25.688000 
54.387200, -110.825100, 21.207000 
54.490100, -111.079400, 23.734000 
54.567900, -111.092800, 33.383000 
51.219100, -114.640500, 69.428000 
52.695900, -113.296600, 35.744000 
54.976100, -119.069200, 20.173000 
54.552600, -111.101300, 24.752000 
54.563900, -110.978100, 22.854000 
51.873213, -114.990595, 22.556000 
54.194130, -116.985507, 37.282000 
54.055670, -117.187925, 24.593000 
54.709400, -118.600600, 97.037000 
51.855153, -114.748583, 24.778000 
54.110410, -117.529300, 34.413000 
54.527530, -119.910600, 24.979000 
55.117900, -119.894000, 30.669000 
55.041500, -119.631000, 577.064000 
52.732520, -115.225400, 149.171000 
53.131335, -116.188861, 31.017000 
52.874260, -115.425100, 69.995000 
53.900650, -116.744400, 21.065000 
52.689440, -115.030300, 103.938000 
53.057436, -115.542734, 33.204000 
51.946060, -114.859300, 42.186000 
52.142190, -113.000000, 28.234000 
53.290885, -114.491126, 58.930000 
52.441500, -114.304600, 24.882000 
55.666382, -110.714044, 840.562700 
53.343377, -115.997169, 40.069000 
53.583622, -116.842838, 20.150000 
53.226456, -114.033728, 178.590000 
54.491400, -110.935100, 20.171000 
54.469100, -110.930300, 24.441000 
56.293250, -116.794830, 26.127700 
56.292560, -116.768520, 25.368300 
53.249497, -113.203491, 46.133700 
54.430059, -119.215241, 34.540000 
54.196180, -119.137859, 118.413000 
55.767572, -119.774656, 191.632000 
52.700580, -112.852380, 0.405800 
56.278970, -116.844250, 21.729500 
56.147110, -116.294328, 630.092300 
51.465640, -114.467560, 30.473000 
52.162940, -110.621170, 55.177000 
50.882910, -114.777600, 31.659000 
53.443180, -117.655400, 25.927400 
55.815390, -111.444400, 49.666000 
52.543170, -114.532650, 91.180000 
54.204974, -116.760593, 64.320000 
57.113650, -118.064470, 30.342000 
54.859641, -114.958118, 103.987200 
54.728873, -119.379136, 21.464000 
54.879140, -118.966200, 29.859200 
55.459690, -114.769748, 35.759000 
56.113140, -111.715340, 80.863500 
52.463020, -114.346890, 63.710000 
53.699375, -115.976323, 29.019000 
54.253534, -118.001306, 82.701000 
55.675000, -117.190000, 23.192600 
50.606153, -113.619371, 0.226000 
52.258050, -113.880800, 4.712000 
53.162257, -114.205282, 90.250000 
53.136072, -114.159051, 20.020000 
55.517047, -119.428949, 20.696000 
54.019300, -117.819900, 33.786300 
51.880360, -115.232800, 195.671000 
51.906400, -114.547000, 22.672000 
54.062895, -117.082694, 22.899000 
55.015940, -118.601180, 22.002000 
55.015950, -118.569410, 21.688000 
52.424682, -114.206755, 84.431000 
52.877290, -110.860846, 24.888900 
53.445063, -115.122207, 33.879600 
52.608595, -114.186396, 44.203400 
56.139843, -116.666570, 23.993300 
52.752828, -114.445700, 25.924500 
56.158695, -115.931895, 44.541600 
56.288289, -116.851027, 26.071000 
55.515468, -119.507633, 30.874000 
51.890975, -113.592341, 43.659700 
53.448767, -113.842871, 27.991400 
52.682268, -114.861879, 27.441700 
52.581975, -114.909183, 20.262900 
52.630043, -114.953525, 20.885100 
53.092401, -115.246544, 42.260400 
53.292122, -114.941464, 47.708300 
53.161735, -115.294766, 21.532100 
54.690308, -115.534556, 44.674000 
52.676755, -114.004111, 38.195500 
53.291820, -115.077324, 33.661600 
53.299632, -115.138047, 35.967000 
52.940978, -114.417708, 26.349300 
55.288764, -114.588331, 46.366500 
51.823984, -110.949140, 33.361000 
51.210440, -110.164735, 40.393400 
50.737205, -112.173580, 22.713800 
53.134160, -110.532510, 28.715000 
53.151622, -110.647409, 23.824000 
53.145548, -110.637796, 23.140000 
