53.582300, -113.588600, 22.727000 
55.996700, -118.533600, 0.461000 
56.377200, -117.175600, 256.843500 
53.288500, -110.018300, 0.016500 
52.146300, -115.330000, 0.633000 
50.747700, -114.494700, 0.393000 
54.952700, -119.195300, 0.522000 
54.572300, -115.522900, 1.194000 
53.343600, -113.526900, 2.256000 
49.789400, -112.126100, 1.610000 
52.496000, -114.988000, 0.600000 
52.959300, -115.893800, 1.200000 
52.776100, -115.660700, 1.200000 
52.758100, -114.111600, 1.200000 
52.226300, -115.177000, 1.200000 
55.725100, -119.399900, 0.167000 
52.308300, -113.550000, 1.803000 
51.191300, -113.940900, 2.538000 
56.380600, -116.795000, 3.200000 
53.841600, -113.097900, 90.300000 
50.982200, -113.974200, 0.460000 
53.570000, -113.611400, 0.291000 
53.227700, -114.988900, 12.300000 
53.593060, -116.390300, 46.087000 
55.071200, -118.691200, 149.567000 
53.413300, -117.570600, 505.325000 
50.845800, -113.586700, 89.016000 
53.541700, -113.391700, 0.200000 
53.181200, -115.762500, 0.293900 
54.833300, -118.646700, 0.450000 
54.524700, -116.794300, 0.621000 
52.553700, -111.694000, 0.036000 
54.130900, -115.546700, 0.099000 
53.204500, -116.811200, 1.000000 
50.086600, -110.716700, 178.125000 
58.555500, -118.915900, 0.100000 
51.526000, -113.880000, 0.146700 
51.400100, -114.034300, 1.957800 
53.340200, -113.538100, 0.762500 
51.789600, -114.702800, 10.277600 
54.238200, -115.379700, 105.330000 
55.029800, -118.744000, 161.830000 
49.628100, -114.571900, 0.009000 
53.250200, -115.555500, 0.007000 
53.571290, -113.355400, 6.151000 
59.063100, -118.875700, 0.265900 
51.000700, -113.965670, 3.773500 
51.010160, -113.964210, 13.377000 
54.133300, -115.366600, 22.068700 
58.518800, -117.119500, 18.323600 
53.902300, -115.189300, 1.200000 
50.963600, -113.976680, 0.079300 
53.282300, -113.542000, 0.092000 
50.336800, -111.169800, 0.001000 
56.218700, -116.251300, 43.800000 
53.549060, -113.760172, 0.010000 
53.559400, -113.347200, 5.000000 
52.309150, -113.809970, 0.659000 
55.175000, -118.785400, 1.531000 
53.301700, -110.012600, 0.417900 
53.504100, -113.373300, 0.072000 
55.666400, -110.714000, 0.079500 
56.411700, -110.937600, 0.002000 
56.303500, -116.556300, 69.800000 
52.298600, -114.201500, 1.157200 
53.576900, -116.452400, 0.305500 
