53.559200, -113.388800, 0.085800 
51.191300, -113.940900, 0.100000 
50.982200, -113.974200, 0.012000 
53.570000, -113.611400, 0.048000 
53.340200, -113.538100, 0.092400 
53.571290, -113.355400, 0.621000 
51.000700, -113.965670, 0.823400 
51.010160, -113.964210, 2.738000 
51.001500, -114.037200, 0.162000 
51.024190, -114.035300, 1.799000 
53.282300, -113.542000, 0.004000 
53.288900, -110.012000, 1.460000 
55.175000, -118.785400, 0.048900 
53.301700, -110.012600, 0.052100 
53.504100, -113.373300, 0.025000 
52.298600, -114.201500, 0.032000 
53.576900, -116.452400, 0.088100 
