55.996700, -118.533600, 0.499000 
53.288500, -110.018300, 0.759300 
52.146300, -115.330000, 0.039900 
50.747700, -114.494700, 1.916000 
54.952700, -119.195300, 0.913000 
54.572300, -115.522900, 0.040000 
54.596400, -110.395000, 0.751000 
55.335900, -119.223000, 3.319000 
50.647500, -113.772000, 0.245000 
54.194400, -116.632200, 1.853000 
53.245000, -115.674300, 0.359000 
53.746900, -113.164500, 2.305000 
51.742300, -114.134500, 0.687000 
50.675600, -110.025000, 0.251000 
52.959300, -115.893800, 2.551000 
52.776100, -115.660700, 3.465000 
52.758100, -114.111600, 1.638000 
52.226300, -115.177000, 1.503000 
58.500000, -119.416700, 0.042000 
52.940400, -114.832300, 0.369000 
55.725100, -119.399900, 0.542000 
52.308300, -113.550000, 2.508000 
51.191300, -113.940900, 4.154000 
51.965500, -114.753600, 0.346000 
56.380600, -116.795000, 2.600000 
53.652000, -116.099200, 0.129000 
54.423300, -117.760400, 0.275000 
57.003300, -111.466100, 89.544900 
57.040500, -111.619200, 34.511000 
51.570800, -114.851700, 0.295000 
53.795900, -113.099600, 2.467000 
53.804200, -113.082400, 10.147000 
53.541700, -113.391700, 3.400000 
53.181200, -115.762500, 0.523700 
54.833300, -118.646700, 1.596000 
54.524700, -116.794300, 1.114000 
52.553700, -111.694000, 0.019000 
54.130900, -115.546700, 0.159000 
58.555500, -118.915900, 0.206000 
51.526000, -113.880000, 0.917200 
51.696900, -114.475000, 1.776000 
54.772900, -110.579000, 0.262000 
54.185400, -116.210400, 0.971000 
53.757500, -113.149900, 0.574000 
54.427200, -116.884300, 1.379000 
53.132300, -115.981700, 0.882000 
52.035300, -115.137700, 0.475000 
54.510900, -115.511700, 0.213000 
49.628100, -114.571900, 0.028000 
57.546300, -119.112600, 0.998000 
55.489100, -119.750800, 1.476000 
53.581600, -113.599100, 4.254000 
53.557500, -116.547200, 1.781000 
51.000700, -113.965670, 0.000800 
52.327100, -112.718300, 0.545000 
53.670500, -115.762200, 0.400000 
53.902300, -115.189300, 0.431000 
52.228400, -114.397700, 2.574000 
52.674300, -111.311600, 0.046000 
53.286400, -110.017800, 0.289500 
52.656700, -111.311900, 0.465800 
54.420500, -110.213100, 0.050000 
55.582700, -110.888800, 1.074000 
55.069600, -110.536100, 6.582000 
57.351700, -111.522200, 2.109000 
53.543100, -117.797900, 0.305000 
52.588100, -111.206100, 0.545000 
53.530040, -113.402010, 1.685600 
57.590100, -117.531700, 0.228000 
53.159500, -114.902800, 0.464000 
55.309200, -119.205800, 0.146000 
53.024700, -115.531100, 0.211000 
53.574200, -116.646900, 0.211000 
53.866900, -110.644900, 0.195000 
54.416000, -115.636200, 0.168000 
52.050100, -112.728300, 0.209000 
58.601100, -118.787200, 0.154000 
54.387000, -116.966700, 0.176000 
53.388600, -115.315800, 0.887000 
50.653300, -111.166100, 0.463000 
59.641800, -118.307800, 0.394000 
53.566800, -113.365000, 1.332000 
52.639900, -111.273500, 1.171000 
54.342700, -110.328700, 0.004800 
54.285000, -115.698200, 1.329000 
55.713300, -118.771000, 0.180000 
54.979700, -118.772700, 0.112000 
55.527900, -110.873800, 1.130000 
56.411700, -110.937600, 2.580000 
53.190400, -115.223500, 0.492000 
56.113500, -111.829300, 1.080600 
53.573700, -113.348400, 0.202000 
55.041500, -119.631000, 0.805000 
55.767572, -119.774656, 5.067000 
54.412370, -116.873430, 0.150000 
