56.377200, -117.175600, 1105.199000 
53.344000, -114.305000, 16552.400000 
53.733200, -113.175000, 31.639300 
53.288500, -110.018300, 30.913000 
52.146300, -115.330000, 3579.423100 
50.747700, -114.494700, 1927.800000 
53.952700, -113.078000, 234.120000 
54.572300, -115.522900, 17.500000 
54.596400, -110.395000, 1879.200000 
55.335900, -119.223000, 55.455000 
50.647500, -113.772000, 1901.340000 
54.194400, -116.632200, 3865.600000 
53.245000, -115.674300, 25.500000 
53.746900, -113.164500, 152.900000 
53.718500, -113.183000, 0.001000 
52.564700, -112.141400, 25686.120000 
51.531700, -111.786100, 30024.946000 
54.007100, -119.104000, 2325.000000 
51.742300, -114.134500, 1925.170000 
53.529100, -113.387500, 69.552000 
52.959300, -115.893800, 33.200000 
52.776100, -115.660700, 51.070000 
52.758100, -114.111600, 171.900000 
52.226300, -115.177000, 4333.500000 
58.500000, -119.416700, 544.299600 
53.559200, -113.388800, 0.001700 
52.940400, -114.832300, 214.970000 
55.725100, -119.399900, 368.140000 
52.308300, -113.550000, 3.885000 
49.713599, -112.796397, 0.091200 
51.191300, -113.940900, 2229.600000 
53.733200, -113.486200, 38.530000 
49.305200, -114.000300, 8367.330000 
51.039600, -114.559000, 7852.600000 
51.965500, -114.753600, 2208.257000 
56.380600, -116.795000, 1378.370000 
53.722900, -113.174000, 230.000000 
53.721700, -113.191700, 192.322000 
53.841600, -113.097900, 2157.800000 
53.652000, -116.099200, 80.878000 
54.423300, -117.760400, 545.500000 
57.003300, -111.466100, 22210.055400 
57.040500, -111.619200, 72769.288000 
53.560000, -114.486200, 1498.540000 
53.508500, -114.557100, 28862.280000 
53.448700, -114.449100, 14716.800000 
51.570800, -114.851700, 5242.980000 
55.071200, -118.691200, 462.624000 
53.795900, -113.099600, 527.458000 
53.804200, -113.082400, 1.815000 
53.413300, -117.570600, 2071.500000 
54.141900, -115.704200, 0.008000 
53.541700, -113.391700, 3978.800000 
53.181200, -115.762500, 1281.588000 
51.219500, -114.645400, 1407.348000 
50.805300, -110.034900, 37.823000 
54.833300, -118.646700, 502.276000 
54.524700, -116.794300, 624.900000 
52.553700, -111.694000, 7.154000 
54.130900, -115.546700, 1025.830000 
53.204500, -116.811200, 2512.980100 
51.086700, -114.008800, 8.669000 
53.550500, -113.358900, 3605.938700 
51.526000, -113.880000, 717.600000 
51.696900, -114.475000, 293.952000 
55.248100, -114.514000, 0.579000 
53.531993, -113.364925, 21.500000 
54.772900, -110.579000, 1244.802000 
54.185400, -116.210400, 234.500000 
51.400100, -114.034300, 1701.610200 
54.427200, -116.884300, 3125.200000 
53.132300, -115.981700, 2208.820000 
53.283800, -110.031900, 412.243700 
50.061200, -110.723000, 10.064000 
55.481900, -119.059200, 1740.900000 
49.628100, -114.571900, 1930.900000 
57.546300, -119.112600, 21.940000 
55.040000, -115.475800, 76.020000 
50.583700, -113.871100, 73.392300 
55.489100, -119.750800, 419.472000 
53.581600, -113.599100, 126.920000 
53.557500, -116.547200, 1259.100000 
59.063100, -118.875700, 26.250000 
53.817200, -113.133600, 279.030000 
51.058900, -115.174500, 1117.210000 
51.012800, -114.022000, 79.365000 
50.912700, -114.011800, 15.163000 
52.327100, -112.718300, 330.780000 
53.527700, -113.392600, 1.236000 
55.074200, -117.274200, 841.793000 
53.560800, -113.415300, 63.600000 
58.518800, -117.119500, 29.700000 
49.693900, -112.096200, 31.530000 
53.902300, -115.189300, 2.270000 
53.740700, -113.023100, 5037.279000 
52.228400, -114.397700, 148.746000 
52.766100, -114.285600, 76.372000 
50.269600, -112.893800, 33.260000 
52.308300, -113.550000, 1.184000 
55.582700, -110.888800, 279.055000 
55.069600, -110.536100, 393.126000 
51.024500, -114.025000, 6.000000 
53.431000, -117.540600, 0.477000 
53.010600, -112.810000, 0.135000 
52.255700, -113.886000, 0.222000 
53.645100, -114.130200, 2.353000 
55.969400, -117.575600, 76.754300 
52.412900, -114.407600, 48.760000 
55.750300, -119.684300, 52.620000 
52.555700, -111.805300, 531.740000 
50.471500, -111.606500, 11.974000 
58.568700, -119.201500, 169.051000 
50.129400, -111.908400, 110.735000 
54.494400, -115.957600, 35.509000 
54.538100, -115.932300, 47.060000 
58.943200, -118.916800, 210.093000 
59.230700, -119.275900, 37.375000 
59.067000, -118.875900, 579.302000 
58.975900, -119.118700, 10.993000 
52.333700, -111.357300, 497.450000 
51.962900, -111.016100, 43.570000 
51.911800, -111.188100, 29.853000 
52.421200, -110.388600, 32.341000 
49.852100, -111.665000, 24.480000 
51.682500, -111.293600, 53.009000 
53.821500, -113.490400, 263.055100 
52.479300, -110.936100, 46.185000 
53.861500, -114.756100, 50.753000 
55.698300, -118.783300, 54.762000 
55.714100, -118.830400, 401.269000 
50.220300, -112.444200, 237.307000 
55.585600, -117.891600, 5.270000 
52.544800, -114.545200, 81.003000 
52.915800, -113.022500, 46.267000 
53.607000, -116.703700, 65.407000 
54.760400, -113.959500, 23.120000 
53.583000, -116.842000, 150.600000 
56.199000, -110.675100, 26.380000 
53.706600, -117.241000, 23.920000 
53.928400, -116.717200, 10.210000 
55.265600, -114.601400, 152.635500 
53.388600, -115.315800, 19.200000 
50.653300, -111.166100, 60.340000 
52.851400, -114.046900, 147.764000 
56.930900, -115.252200, 72.761000 
49.729200, -114.427200, 21.662000 
56.281800, -119.166800, 43.700000 
54.033400, -117.756900, 130.457000 
56.347100, -119.190500, 86.979000 
55.954200, -117.710800, 95.443000 
56.098600, -119.288100, 65.728000 
55.943900, -119.923100, 23.137000 
52.268400, -113.351800, 43.655000 
50.536900, -112.031500, 64.599000 
50.700700, -111.022200, 98.805000 
50.314700, -111.968400, 28.890000 
51.239700, -115.564600, 81.020000 
53.374300, -114.527900, 129.610000 
52.640400, -113.252100, 28.511000 
52.435700, -113.390400, 18.087000 
51.971000, -114.052700, 21.140000 
52.450400, -110.851900, 202.684000 
56.233200, -113.896400, 23.985600 
49.936700, -111.406500, 78.790500 
58.568700, -119.061500, 38.453000 
56.313200, -111.636200, 129.850000 
54.963600, -117.670700, 24.276600 
52.359300, -113.715200, 491.516900 
58.761500, -118.690400, 48.753000 
59.641800, -118.307800, 106.250000 
53.352200, -115.421100, 35.884000 
55.710300, -116.604200, 26.269600 
55.651200, -116.386000, 80.446100 
51.868200, -110.139700, 51.082000 
59.601800, -117.409700, 12.320000 
56.458600, -119.914300, 574.930000 
54.844900, -115.332400, 61.782000 
53.428700, -115.125800, 530.197800 
52.155700, -110.893800, 76.465400 
52.519400, -110.085200, 51.853400 
53.064700, -116.436900, 81.244700 
57.042500, -111.905000, 47.931600 
55.603900, -119.347800, 471.500000 
49.896400, -111.765600, 44.673000 
53.272300, -114.725300, 39.120000 
55.378300, -118.499700, 511.900000 
50.168300, -112.299800, 180.920000 
50.013100, -112.611500, 25.440000 
52.188200, -110.988300, 27.430000 
49.616400, -111.917300, 119.223000 
54.317700, -116.573000, 39.736000 
53.952500, -113.113900, 10.627000 
54.432500, -116.139700, 198.180000 
52.475700, -111.700100, 25.897000 
55.072800, -116.975700, 30.721000 
53.977900, -116.751200, 8.250000 
52.475700, -110.322500, 21.881000 
52.942400, -113.511100, 0.399000 
52.381200, -112.199200, 54.160000 
51.360700, -113.614600, 22.759600 
57.217500, -110.895000, 1140.342800 
56.666700, -111.345100, 37.930000 
53.558600, -113.368000, 5608.185300 
53.885300, -117.178700, 0.053000 
51.341500, -110.147900, 22.948000 
55.160200, -118.818400, 26.075000 
56.473900, -119.722200, 493.500000 
52.361000, -113.819400, 1.348000 
52.549200, -113.840800, 4.559000 
49.720000, -113.500300, 11.037000 
53.599500, -111.416200, 7.172000 
53.745100, -113.235600, 44.553600 
54.342700, -110.328700, 103.594900 
52.457500, -110.313700, 45.035000 
56.528200, -114.071600, 27.200000 
53.343700, -113.184000, 66.533600 
54.285000, -115.698200, 237.270000 
52.196969, -112.869740, 27.620000 
52.470100, -114.346400, 69.911400 
49.591390, -114.028330, 69.720100 
50.266657, -112.836800, 119.261100 
51.157600, -114.191600, 0.171000 
53.678600, -113.804600, 0.001000 
53.007200, -117.327200, 0.219800 
56.193600, -110.950600, 358.622000 
55.527900, -110.873800, 320.320000 
55.666400, -110.714000, 90.414800 
56.411700, -110.937600, 3221.947000 
53.256100, -114.437200, 83.398000 
51.898100, -113.567200, 1408.038300 
55.662600, -111.257700, 151.521000 
56.284800, -116.111700, 56.090000 
55.608800, -118.003600, 260.290000 
55.640500, -117.119300, 582.090000 
55.489500, -118.325200, 484.730000 
53.957400, -116.720600, 46.853000 
50.858900, -113.988500, 13.628000 
56.113500, -111.829300, 188.786000 
50.196600, -111.343600, 54.765600 
55.711400, -116.603500, 55.784000 
55.641500, -117.328600, 78.764200 
53.943100, -118.746600, 45.973000 
52.707000, -115.443100, 71.954000 
57.286600, -111.599500, 0.305000 
53.761700, -113.679100, 46.480000 
57.335400, -111.755600, 2452.707600 
55.554100, -119.755400, 367.857000 
54.006600, -119.105500, 108.803000 
58.576400, -118.807300, 165.682000 
51.535500, -114.202200, 34.682000 
55.666382, -110.714044, 84.505000 
51.468368, -113.679899, 110.201100 
56.113140, -111.715340, 14.730000 
52.463020, -114.346890, 72.500000 
52.555940, -112.011300, 19.700000 
52.258050, -113.880800, 2.062000 
51.363330, -113.606940, 56.225900 
54.634078, -115.951997, 29.171900 
54.794218, -115.320030, 41.049100 
