50.747700, -114.494700, 151.701000 
54.194400, -116.632200, 105.980000 
53.746900, -113.164500, 1.758000 
52.758100, -114.111600, 0.000300 
52.226300, -115.177000, 31.316000 
52.940400, -114.832300, 2.469000 
55.725100, -119.399900, 11.848000 
51.191300, -113.940900, 27.626000 
49.305200, -114.000300, 112.070000 
51.039600, -114.559000, 110.100000 
54.423300, -117.760400, 6.194000 
57.003300, -111.466100, 60.702100 
57.040500, -111.619200, 37.688000 
51.570800, -114.851700, 117.420000 
53.181200, -115.762500, 4.875100 
51.219500, -114.645400, 3.798000 
53.204500, -116.811200, 61.848700 
51.526000, -113.880000, 13.414000 
54.185400, -116.210400, 2.816000 
54.427200, -116.884300, 48.275000 
53.132300, -115.981700, 0.749000 
57.546300, -119.112600, 0.252000 
52.327100, -112.718300, 0.150000 
