56.377200, -117.175600, 7.660000 
53.733200, -113.175000, 0.473500 
52.564700, -112.141400, 127.272000 
51.531700, -111.786100, 81.107000 
54.775000, -115.218600, 0.030000 
53.560000, -114.486200, 3.173000 
53.508500, -114.557100, 60.305000 
53.448700, -114.449100, 25.055000 
53.570000, -113.611400, 0.041000 
55.070600, -118.688800, 0.021000 
55.071200, -118.691200, 21.944000 
53.413300, -117.570600, 25.075000 
53.533000, -113.411500, 0.030000 
53.541700, -113.391700, 13.400000 
53.282300, -113.542000, 0.583000 
