56.377200, -117.175600, 4.056300 
53.344000, -114.305000, 7.650000 
53.288500, -110.018300, 1.558600 
52.564700, -112.141400, 8.941000 
51.531700, -111.786100, 10.451000 
54.007100, -119.104000, 27.281800 
51.039600, -114.559000, 67.600000 
53.721700, -113.191700, 5.707000 
53.841600, -113.097900, 31.440000 
57.003300, -111.466100, 406.693700 
57.040500, -111.619200, 125.037000 
53.560000, -114.486200, 2.220000 
53.508500, -114.557100, 36.244000 
53.448700, -114.449100, 18.481000 
53.541700, -113.391700, 135.400000 
53.550500, -113.358900, 14.767600 
