55.996700, -118.533600, 1.387000 
56.377200, -117.175600, 16.740000 
53.733200, -113.175000, 0.010000 
53.288500, -110.018300, 0.200700 
52.146300, -115.330000, 43.857800 
50.747700, -114.494700, 45.177000 
53.952700, -113.078000, 4.547000 
54.572300, -115.522900, 0.858000 
54.596400, -110.395000, 16.752000 
55.335900, -119.223000, 2.563000 
50.647500, -113.772000, 2.609000 
54.194400, -116.632200, 6.641000 
53.245000, -115.674300, 0.676000 
53.746900, -113.164500, 0.169000 
51.742300, -114.134500, 6.628000 
52.959300, -115.893800, 5.477000 
52.776100, -115.660700, 1.451000 
52.758100, -114.111600, 0.928000 
52.226300, -115.177000, 47.028000 
58.500000, -119.416700, 6.575400 
52.940400, -114.832300, 1.128000 
55.725100, -119.399900, 13.912000 
51.191300, -113.940900, 8.180000 
49.305200, -114.000300, 8.280000 
51.039600, -114.559000, 0.800000 
51.965500, -114.753600, 107.728000 
53.722900, -113.174000, 0.009000 
53.652000, -116.099200, 107.021000 
54.423300, -117.760400, 3.100000 
57.003300, -111.466100, 784.945100 
57.040500, -111.619200, 42.013000 
51.570800, -114.851700, 5.350000 
53.795900, -113.099600, 0.973000 
53.413300, -117.570600, 7.024000 
53.541700, -113.391700, 3.600000 
53.181200, -115.762500, 11.712700 
51.219500, -114.645400, 1.769000 
54.833300, -118.646700, 3.988000 
54.524700, -116.794300, 0.557000 
52.553700, -111.694000, 2.591000 
54.130900, -115.546700, 11.372000 
53.204500, -116.811200, 3.998600 
53.550500, -113.358900, 5.925500 
58.555500, -118.915900, 0.769000 
51.526000, -113.880000, 29.666600 
51.696900, -114.475000, 1.095000 
54.185400, -116.210400, 3.208000 
51.400100, -114.034300, 9.487800 
54.427200, -116.884300, 11.053000 
53.132300, -115.981700, 10.057000 
55.481900, -119.059200, 15.340000 
51.034710, -114.025600, 9.870000 
53.721800, -113.192700, 0.001000 
49.628100, -114.571900, 2.803000 
57.546300, -119.112600, 0.017000 
53.250200, -115.555500, 3.965000 
55.489100, -119.750800, 7.536000 
55.876700, -119.301100, 1.930000 
53.557500, -116.547200, 1.814000 
59.063100, -118.875700, 0.142800 
53.817200, -113.133600, 2.258000 
52.095600, -114.799300, 0.134000 
52.327100, -112.718300, 9.502000 
52.510900, -110.969600, 0.927700 
53.170200, -114.975000, 0.884700 
55.833000, -119.470000, 5.989400 
53.902300, -115.189300, 0.608000 
56.981400, -111.475800, 3.157000 
53.543100, -117.797900, 1.391000 
52.588100, -111.206100, 5.992000 
55.393100, -110.738300, 0.078000 
57.054200, -111.917200, 0.118000 
50.471500, -111.606500, 0.397000 
58.568700, -119.201500, 1.836000 
53.388600, -115.315800, 2.921000 
50.653300, -111.166100, 0.855000 
56.098600, -119.288100, 0.930000 
55.943900, -119.923100, 0.440000 
59.641800, -118.307800, 1.984000 
52.963700, -111.364700, 0.198000 
52.370000, -114.375800, 0.026000 
52.272100, -112.841400, 0.657500 
57.217500, -110.895000, 0.130100 
56.272700, -110.938200, 0.135000 
53.566800, -113.365000, 0.246000 
52.639900, -111.273500, 4.989000 
54.285000, -115.698200, 2.834000 
56.411700, -110.937600, 23.585000 
57.335400, -111.755600, 0.397000 
52.647440, -111.270000, 0.216700 
