54.596400, -110.395000, 0.279000 
54.194400, -116.632200, 0.275000 
51.742300, -114.134500, 0.275000 
52.959300, -115.893800, 0.262000 
52.776100, -115.660700, 0.161000 
52.758100, -114.111600, 0.141000 
51.191300, -113.940900, 0.238000 
51.965500, -114.753600, 0.325000 
54.423300, -117.760400, 0.291000 
57.003300, -111.466100, 566.075200 
57.040500, -111.619200, 13.509000 
51.570800, -114.851700, 0.151000 
53.541700, -113.391700, 2.200000 
53.181200, -115.762500, 0.446200 
54.524700, -116.794300, 0.015000 
52.553700, -111.694000, 0.097000 
53.550500, -113.358900, 6.668800 
51.696900, -114.475000, 0.038000 
54.772900, -110.579000, 0.021000 
54.185400, -116.210400, 0.265000 
54.427200, -116.884300, 0.730000 
53.132300, -115.981700, 0.424000 
54.510900, -115.511700, 0.100000 
49.628100, -114.571900, 0.023000 
53.250200, -115.555500, 0.262000 
55.489100, -119.750800, 0.008000 
53.498700, -113.383100, 0.001000 
51.000700, -113.965670, 0.191700 
53.902300, -115.189300, 0.085000 
57.351700, -111.522200, 0.136000 
50.959200, -113.981200, 0.025100 
53.527200, -113.354800, 0.075900 
50.963600, -113.976680, 0.089600 
53.530040, -113.402010, 0.150400 
55.309200, -119.205800, 0.203000 
53.024700, -115.531100, 0.300000 
53.574200, -116.646900, 0.300000 
53.866900, -110.644900, 0.137000 
54.416000, -115.636200, 0.239000 
54.974300, -117.285800, 0.208000 
52.050100, -112.728300, 0.300000 
58.601100, -118.787200, 0.216000 
54.387000, -116.966700, 0.251000 
50.653300, -111.166100, 0.005000 
59.641800, -118.307800, 0.094000 
52.292200, -113.816900, 0.453400 
56.218700, -116.251300, 22.700000 
50.995300, -113.973800, 0.001500 
54.285000, -115.698200, 0.247000 
55.175000, -118.785400, 0.018800 
55.713300, -118.771000, 0.252000 
54.979700, -118.772700, 0.154000 
56.411700, -110.937600, 0.004000 
56.303500, -116.556300, 15.300000 
53.190400, -115.223500, 0.018200 
56.390700, -116.875400, 0.168000 
53.576900, -116.452400, 0.034900 
53.573700, -113.348400, 0.002000 
54.412370, -116.873430, 0.098000 
