56.377200, -117.175600, 0.638000 
53.344000, -114.305000, 1.205000 
53.529100, -113.387500, 2.589300 
53.841600, -113.097900, 0.117600 
57.003300, -111.466100, 0.708000 
57.040500, -111.619200, 2.974000 
53.508500, -114.557100, 2.284000 
50.053700, -110.711390, 0.214000 
53.533000, -113.411500, 0.564000 
53.541700, -113.391700, 0.500000 
53.725400, -113.193000, 0.081000 
49.717200, -112.781900, 0.001000 
53.581600, -113.599100, 0.032000 
50.985100, -113.970200, 0.002000 
53.783300, -113.637600, 0.002000 
