56.377200, -117.175600, 0.000051 
53.344000, -114.305000, 0.051862 
54.007100, -119.104000, 0.009400 
54.775000, -115.218600, 0.000198 
53.529100, -113.387500, 0.035792 
53.841600, -113.097900, 0.000800 
57.003300, -111.466100, 0.043056 
57.040500, -111.619200, 0.039127 
53.560000, -114.486200, 0.005591 
53.508500, -114.557100, 0.085316 
53.448700, -114.449100, 0.070157 
51.181625, -114.472100, 0.000008 
51.789600, -114.702800, 0.000381 
53.581600, -113.599100, 0.000268 
51.058900, -115.174500, 0.000880 
58.518800, -117.119500, 0.031900 
53.740700, -113.023100, 0.000025 
57.335400, -111.755600, 0.056600 
