53.529100, -113.387500, 0.117600 
49.713599, -112.796397, 0.000300 
53.841600, -113.097900, 0.008500 
57.003300, -111.466100, 0.578400 
57.040500, -111.619200, 2.254000 
53.508500, -114.557100, 0.349000 
53.721800, -113.192700, 0.010000 
53.581600, -113.599100, 0.003000 
57.351700, -111.522200, 0.000100 
50.985100, -113.970200, 0.006000 
53.783300, -113.637600, 0.006000 
53.714800, -113.190000, 0.762000 
56.411700, -110.937600, 0.024000 
57.335400, -111.755600, 0.545000 
50.981400, -113.962800, 0.142200 
