56.377200, -117.175600, 0.003471 
53.344000, -114.305000, 0.042476 
54.596400, -110.395000, 0.029934 
54.144400, -115.691700, 0.000001 
54.007100, -119.104000, 0.002100 
54.775000, -115.218600, 0.000331 
53.529100, -113.387500, 0.005659 
53.722900, -113.174000, 0.000000 
53.841600, -113.097900, 0.004500 
57.003300, -111.466100, 0.073139 
57.040500, -111.619200, 0.017714 
53.560000, -114.486200, 0.001632 
53.508500, -114.557100, 0.020861 
53.448700, -114.449100, 0.013539 
53.593060, -116.390300, 0.000700 
55.071200, -118.691200, 0.004452 
53.795900, -113.099600, 0.004200 
53.413300, -117.570600, 0.006566 
53.541700, -113.391700, 0.017600 
53.550500, -113.358900, 0.012089 
55.248100, -114.514000, 0.000001 
54.772900, -110.579000, 0.021024 
53.581600, -113.599100, 0.002188 
51.058900, -115.174500, 0.002180 
58.518800, -117.119500, 0.021600 
53.740700, -113.023100, 0.000025 
57.335400, -111.755600, 0.288500 
