53.582300, -113.588600, 38.200000 
55.996700, -118.533600, 77.685000 
53.539700, -113.409200, 312.700000 
56.377200, -117.175600, 156.240700 
53.344000, -114.305000, 1.012300 
53.733200, -113.175000, 303.123000 
53.288500, -110.018300, 53.680300 
52.146300, -115.330000, 18.062300 
50.747700, -114.494700, 393.179000 
54.952700, -119.195300, 62.130000 
54.572300, -115.522900, 92.372000 
54.596400, -110.395000, 221.729000 
55.335900, -119.223000, 100.783000 
50.987300, -113.971000, 156.690000 
50.647500, -113.772000, 30.342000 
54.194400, -116.632200, 371.099000 
53.245000, -115.674300, 98.045000 
53.746900, -113.164500, 605.289000 
51.419100, -114.027000, 270.735000 
53.718500, -113.183000, 0.100000 
51.742300, -114.134500, 125.120000 
52.496000, -114.988000, 22.071100 
50.675600, -110.025000, 53.423000 
53.529100, -113.387500, 8.320800 
53.571700, -113.349800, 37.234800 
52.959300, -115.893800, 207.816000 
52.776100, -115.660700, 137.396000 
52.758100, -114.111600, 380.715000 
52.226300, -115.177000, 293.806000 
49.720100, -112.781900, 22.870000 
52.940400, -114.832300, 72.922000 
55.725100, -119.399900, 80.217000 
52.308300, -113.550000, 325.066000 
49.713599, -112.796397, 987.042500 
51.191300, -113.940900, 180.943000 
49.305200, -114.000300, 703.481000 
51.039600, -114.559000, 288.700000 
51.965500, -114.753600, 352.155000 
56.380600, -116.795000, 13.524000 
53.722900, -113.174000, 2.600000 
53.841600, -113.097900, 123.492700 
53.652000, -116.099200, 71.180000 
54.423300, -117.760400, 83.708000 
57.003300, -111.466100, 28939.901700 
57.040500, -111.619200, 8590.570000 
53.560000, -114.486200, 10.355000 
53.508500, -114.557100, 264.095000 
53.448700, -114.449100, 107.942000 
53.506100, -113.397900, 16.390000 
52.385800, -113.595000, 95.768500 
51.181625, -114.472100, 26.261100 
51.022770, -114.027660, 1241.080000 
52.033030, -113.938910, 60.460000 
53.227700, -114.988900, 71.103000 
53.593060, -116.390300, 125.233000 
51.570800, -114.851700, 216.773000 
55.071200, -118.691200, 277.095000 
53.795900, -113.099600, 169.346000 
53.804200, -113.082400, 57.591000 
53.413300, -117.570600, 207.279000 
50.983000, -113.988400, 39.950800 
50.845800, -113.586700, 109.143200 
53.541700, -113.391700, 583.600000 
53.181200, -115.762500, 43.313000 
51.219500, -114.645400, 25.488000 
50.805300, -110.034900, 385.310000 
54.833300, -118.646700, 81.005000 
54.524700, -116.794300, 198.336000 
52.553700, -111.694000, 17.100000 
54.130900, -115.546700, 21.492000 
53.204500, -116.811200, 152.537000 
50.086600, -110.716700, 217.307000 
53.550500, -113.358900, 791.770300 
58.555500, -118.915900, 31.974000 
51.526000, -113.880000, 114.203300 
51.696900, -114.475000, 160.916000 
55.248100, -114.514000, 42.106000 
53.531993, -113.364925, 34.350000 
53.544350, -113.374010, 3.890000 
53.022700, -112.811400, 21.500000 
54.772900, -110.579000, 211.721000 
54.185400, -116.210400, 83.923000 
51.400100, -114.034300, 75.480200 
53.757500, -113.149900, 111.359000 
54.427200, -116.884300, 332.387000 
53.132300, -115.981700, 217.442000 
52.035300, -115.137700, 101.151400 
53.456206, -113.487312, 91.287000 
53.728270, -113.235520, 129.162000 
54.510900, -115.511700, 138.156000 
53.283800, -110.031900, 386.239700 
55.481900, -119.059200, 23.563000 
51.789600, -114.702800, 120.811600 
49.701943, -112.803037, 465.523000 
54.238200, -115.379700, 542.800000 
51.034710, -114.025600, 38.290000 
53.725400, -113.193000, 22.820000 
55.029800, -118.744000, 223.660000 
51.005290, -114.058570, 76.000000 
55.162300, -118.816600, 91.363000 
49.628100, -114.571900, 5.141000 
57.546300, -119.112600, 152.121000 
50.597600, -111.881800, 28.500000 
50.583700, -113.871100, 106.432800 
53.250200, -115.555500, 56.944000 
55.489100, -119.750800, 77.945000 
53.581600, -113.599100, 12.859000 
53.571290, -113.355400, 20.824900 
55.876700, -119.301100, 56.856000 
51.222500, -114.495600, 50.649000 
53.506740, -113.396252, 32.390000 
53.557500, -116.547200, 93.592000 
59.063100, -118.875700, 41.774000 
53.817200, -113.133600, 93.760000 
51.000700, -113.965670, 23.022500 
51.012800, -114.022000, 101.963000 
50.912700, -114.011800, 9.503000 
52.327100, -112.718300, 209.605000 
56.904200, -117.633600, 21.890000 
51.010160, -113.964210, 33.044000 
50.058200, -110.728200, 17.986000 
54.133300, -115.366600, 109.094200 
55.074200, -117.274200, 57.664000 
58.194700, -116.350400, 9.877000 
53.563200, -113.634800, 16.987100 
49.729139, -112.781105, 14.619000 
53.799100, -113.080700, 12.578000 
58.518800, -117.119500, 3345.600000 
54.139800, -115.689100, 123.300000 
54.587200, -112.803100, 19.960000 
53.616600, -115.711100, 56.066000 
52.510900, -110.969600, 63.840100 
53.170200, -114.975000, 52.922100 
53.745000, -110.810800, 18.693400 
53.902300, -115.189300, 90.296000 
53.740700, -113.023100, 237.556000 
50.981270, -113.971610, 54.166000 
52.212400, -113.843700, 81.020400 
52.228400, -114.397700, 104.143000 
53.550690, -113.349600, 795.500000 
53.593600, -113.335600, 11.410000 
52.674300, -111.311600, 11.929000 
57.298900, -111.503300, 5182.170000 
50.664700, -113.784200, 6.580000 
49.303500, -113.794000, 23.000000 
52.308300, -113.550000, 0.060000 
51.910600, -114.668100, 53.902000 
53.286400, -110.017800, 19.770700 
52.656700, -111.311900, 33.465900 
53.402700, -117.599300, 112.893400 
50.577200, -111.178100, 56.088000 
50.671900, -110.028900, 21.942000 
55.582700, -110.888800, 15.470000 
53.091100, -111.768600, 21.925000 
55.069600, -110.536100, 81.173000 
53.373100, -116.086000, 14.944000 
57.351700, -111.522200, 1459.950800 
53.628800, -113.307700, 29.710000 
50.959200, -113.981200, 253.927900 
53.527200, -113.354800, 523.231300 
51.001000, -114.061200, 87.721000 
51.024500, -114.025000, 0.750000 
52.315900, -113.850000, 156.252000 
53.481700, -113.489000, 22.550000 
51.015020, -114.026480, 20.957000 
51.016000, -114.061400, 10.000000 
52.479300, -115.206900, 14.133000 
53.431000, -117.540600, 0.264000 
53.010600, -112.810000, 1.935000 
52.255700, -113.886000, 2.697000 
53.645100, -114.130200, 1.685000 
53.544400, -113.366200, 65.096800 
51.024190, -114.035300, 134.990000 
53.573900, -113.597100, 93.976000 
56.981400, -111.475800, 399.780000 
53.543100, -117.797900, 94.678000 
52.588100, -111.206100, 207.166000 
51.004250, -114.050900, 32.530000 
53.576230, -113.595660, 91.007000 
53.501040, -113.489732, 11.607700 
52.375200, -114.921600, 299.427600 
50.963600, -113.976680, 790.518300 
53.530040, -113.402010, 914.113400 
51.045078, -114.092040, 15.442000 
58.568700, -119.201500, 6.054000 
53.890700, -117.354000, 62.484000 
55.396400, -119.599700, 27.575000 
50.129400, -111.908400, 57.422000 
57.364000, -119.763000, 10.195000 
51.977300, -111.173400, 6.689000 
51.488700, -113.153900, 5.678000 
53.416800, -113.917700, 13.749000 
51.911800, -114.512900, 1.330000 
51.897200, -115.040200, 8.686000 
51.948100, -115.081600, 3.414000 
51.828100, -114.980700, 4.403000 
54.207000, -117.169300, 6.525000 
57.338900, -119.657100, 21.051000 
57.502800, -118.745700, 4.727000 
55.352900, -110.627800, 16.302000 
55.396500, -110.737300, 17.947000 
54.436200, -111.205100, 5.360000 
55.509300, -114.146900, 4.733000 
55.585600, -117.891600, 18.378000 
57.590100, -117.531700, 12.092000 
53.159500, -114.902800, 83.813000 
49.616400, -112.472000, 15.770000 
53.499300, -116.805300, 32.467000 
57.004500, -113.188600, 16.881000 
51.635300, -112.531400, 46.204000 
54.612500, -118.214300, 19.998000 
53.215900, -116.497000, 10.781000 
55.631500, -112.189600, 14.561000 
52.155600, -113.529700, 10.196000 
53.770600, -117.601400, 19.244000 
53.583000, -116.842000, 40.649000 
56.622700, -119.946500, 16.805000 
55.309200, -119.205800, 13.067000 
53.024700, -115.531100, 18.871000 
53.574200, -116.646900, 18.804000 
53.866900, -110.644900, 15.294000 
54.416000, -115.636200, 15.202000 
54.974300, -117.285800, 21.305000 
52.050100, -112.728300, 18.810000 
58.601100, -118.787200, 13.766000 
54.387000, -116.966700, 15.682000 
51.691800, -112.224000, 10.349000 
53.388600, -115.315800, 94.027000 
50.653300, -111.166100, 109.445000 
51.024500, -111.642800, 18.562000 
52.091000, -112.761500, 10.400000 
56.215000, -110.968100, 52.726000 
56.930900, -115.252200, 42.353000 
55.883900, -117.462000, 10.984000 
49.729200, -114.427200, 17.733000 
54.661700, -119.034700, 10.972000 
55.800300, -117.813800, 12.649000 
53.193400, -110.863100, 14.990000 
54.348900, -119.463300, 10.462000 
54.033400, -117.756900, 20.574000 
54.965100, -119.306800, 17.422000 
52.140800, -112.157200, 16.284000 
56.347100, -119.190500, 14.393000 
55.895000, -118.317500, 12.122000 
51.495900, -114.210100, 11.140000 
50.202700, -110.661300, 10.524000 
55.862200, -119.720300, 12.986000 
56.098600, -119.288100, 26.796000 
55.943900, -119.923100, 18.718000 
51.115100, -112.960100, 10.718000 
51.217000, -113.977700, 16.848000 
51.304300, -112.653700, 12.420000 
51.275400, -112.906500, 12.837000 
51.402400, -112.918100, 19.099000 
50.795100, -112.017800, 13.663000 
50.915100, -112.451700, 14.373000 
55.047300, -110.577800, 24.856000 
55.294800, -110.795100, 19.952000 
51.409800, -113.094600, 14.512000 
50.223900, -110.761900, 17.614000 
50.223900, -110.899700, 26.087000 
50.224000, -110.037500, 22.552000 
50.398600, -110.503300, 31.159000 
50.336800, -111.169800, 34.705000 
50.591500, -111.780300, 13.857000 
53.188700, -115.642200, 11.520000 
53.937900, -116.900400, 10.557000 
53.981500, -116.999800, 11.295000 
52.435700, -113.390400, 25.502000 
55.433300, -116.483200, 43.169900 
50.981000, -113.967800, 28.750000 
53.504050, -113.374400, 20.400000 
51.093400, -112.820100, 14.443100 
58.110400, -118.115600, 12.437600 
56.233200, -113.896400, 15.465900 
55.385700, -113.001600, 13.814800 
50.485900, -111.702200, 12.146000 
50.689500, -111.554800, 10.513000 
53.561500, -116.577900, 227.683000 
53.392300, -115.316900, 18.810000 
52.759300, -115.531900, 9.993000 
51.388100, -110.772500, 15.620000 
52.362900, -113.534900, 13.180000 
54.963600, -117.670700, 14.472800 
50.165900, -110.089100, 37.268000 
55.847500, -111.358600, 10.551000 
59.641800, -118.307800, 20.492000 
54.418100, -116.362000, 11.118000 
54.363300, -116.624000, 23.189000 
54.792900, -115.521700, 10.810000 
59.601800, -117.409700, 23.811000 
50.307500, -110.502500, 18.109100 
53.039400, -116.406400, 10.219900 
57.042500, -111.905000, 39.569700 
53.752300, -117.099300, 76.528000 
51.581600, -113.840400, 17.049000 
55.603900, -119.347800, 10.750000 
52.774000, -112.914300, 10.560000 
54.385300, -118.624900, 16.512500 
58.368300, -118.990000, 15.328000 
49.229200, -114.029100, 11.053000 
49.488900, -113.955100, 16.819000 
53.272300, -114.725300, 11.176000 
53.712300, -116.148900, 10.162000 
52.766700, -116.393000, 18.952500 
53.854300, -117.391200, 30.487000 
56.364200, -119.934300, 10.059000 
52.963700, -111.364700, 29.136800 
53.346200, -113.517200, 29.801000 
53.792300, -114.482500, 17.299300 
54.162360, -115.733900, 23.015000 
56.218700, -116.251300, 12.896100 
54.105400, -117.526500, 29.803000 
53.952600, -117.559000, 23.303000 
55.509200, -118.101900, 13.941000 
54.054200, -118.308700, 24.506000 
53.977900, -116.751200, 10.790000 
50.084400, -110.607000, 10.371000 
54.445300, -118.607600, 11.634000 
53.578344, -115.855642, 13.551000 
58.339500, -118.536800, 26.417000 
50.431200, -111.589200, 16.832000 
53.444100, -113.491800, 21.224000 
53.737500, -113.149000, 42.723000 
52.942400, -113.511100, 64.407000 
52.696100, -114.863800, 282.969000 
54.166900, -118.486900, 28.585000 
51.489800, -112.888700, 12.246000 
57.217500, -110.895000, 158.484600 
56.666700, -111.345100, 20.820000 
52.604900, -113.196300, 14.540000 
53.885300, -117.178700, 9.914000 
53.834000, -117.912400, 17.903000 
54.938500, -119.446500, 18.039000 
53.914400, -117.573700, 15.123200 
53.987100, -117.351500, 17.968700 
51.557200, -113.402600, 10.278000 
52.841500, -116.035500, 30.071000 
53.571300, -113.343100, 5.280000 
53.288900, -110.012000, 18.420000 
50.723300, -112.789100, 12.113000 
52.401200, -114.591500, 17.560100 
58.963400, -118.361500, 11.999000 
54.452300, -114.874300, 13.130000 
52.941200, -118.043000, 36.886000 
52.293900, -110.691400, 10.577500 
50.632000, -114.240300, 75.801000 
55.160200, -118.818400, 17.842000 
53.559400, -113.347200, 28.100000 
52.361000, -113.819400, 0.973000 
52.549200, -113.840800, 3.256000 
49.720000, -113.500300, 7.839000 
53.599500, -111.416200, 5.104000 
57.340500, -119.621600, 12.193000 
53.655600, -117.081700, 22.614900 
54.171000, -118.334400, 32.675000 
50.485300, -111.449700, 14.296000 
53.596200, -113.332100, 19.090000 
53.566800, -113.365000, 375.873000 
52.639900, -111.273500, 303.671000 
54.342700, -110.328700, 12.503300 
53.500000, -113.440000, 23.180000 
54.197700, -116.761000, 18.329000 
56.524400, -113.464600, 13.763000 
54.285000, -115.698200, 190.166000 
51.465100, -113.512200, 7.630000 
53.768300, -116.915400, 13.714000 
51.020000, -112.490000, 12.514000 
52.646000, -111.278000, 10.426100 
55.250000, -116.290000, 134.577000 
53.250500, -113.049900, 22.111000 
49.080000, -112.050000, 235.245000 
56.350000, -115.200000, 14.279000 
52.380000, -114.140000, 276.122000 
52.557700, -115.977200, 10.321600 
52.634000, -110.209100, 14.357000 
49.394600, -111.843500, 25.915100 
51.157600, -114.191600, 0.323000 
53.678600, -113.804600, 0.015000 
55.684500, -111.011500, 10.140000 
55.998000, -118.532200, 20.558000 
54.863300, -119.001700, 24.783000 
55.713300, -118.771000, 16.157000 
54.979700, -118.772700, 12.883000 
56.193600, -110.950600, 37.637000 
51.912900, -113.627900, 31.843000 
55.527900, -110.873800, 121.123000 
54.226800, -118.628100, 23.845000 
52.950700, -115.878200, 8.160000 
52.635200, -111.263900, 70.542000 
55.666400, -110.714000, 14.682400 
56.411700, -110.937600, 534.016000 
53.623400, -116.858600, 28.680000 
52.594100, -114.879300, 13.878000 
51.898100, -113.567200, 23.943200 
55.662600, -111.257700, 21.000000 
53.975700, -117.287500, 24.141000 
55.608800, -118.003600, 5.247800 
55.640500, -117.119300, 17.937800 
55.489500, -118.325200, 14.656400 
55.645600, -119.436200, 12.095000 
56.390700, -116.875400, 17.714000 
50.858900, -113.988500, 19.671000 
56.113500, -111.829300, 12.485300 
54.061900, -117.748000, 14.362000 
54.302500, -118.644200, 30.132000 
53.542800, -113.361400, 17.067200 
56.288300, -116.864000, 12.358100 
54.541100, -118.179200, 13.704000 
53.029200, -112.805800, 6.100000 
54.248500, -114.730000, 17.274000 
57.335400, -111.755600, 3602.310100 
55.554100, -119.755400, 14.318000 
50.966900, -112.664900, 19.415000 
51.642400, -113.334300, 10.988000 
54.031500, -117.113100, 16.151000 
54.006600, -119.105500, 136.345000 
53.573700, -113.348400, 46.837000 
55.910000, -115.140000, 131.629000 
51.219100, -114.640500, 15.611000 
51.855153, -114.748583, 33.797000 
55.041500, -119.631000, 46.081000 
55.666382, -110.714044, 39.495000 
55.767572, -119.774656, 27.833000 
56.147110, -116.294328, 717.749500 
55.815390, -111.444400, 11.528000 
54.204974, -116.760593, 23.960000 
54.412370, -116.873430, 11.639000 
56.113140, -111.715340, 10.519400 
52.258050, -113.880800, 1.740000 
