53.344000, -114.305000, 0.185410 
54.596400, -110.395000, 0.007075 
52.564700, -112.141400, 0.094403 
51.531700, -111.786100, 0.094781 
54.007100, -119.104000, 0.002200 
54.775000, -115.218600, 0.006801 
53.529100, -113.387500, 0.011399 
49.713599, -112.796397, 0.000040 
53.841600, -113.097900, 0.001090 
57.003300, -111.466100, 0.043087 
57.040500, -111.619200, 0.022712 
53.560000, -114.486200, 0.014928 
53.508500, -114.557100, 0.210020 
53.448700, -114.449100, 0.041150 
53.413300, -117.570600, 0.000991 
53.541700, -113.391700, 0.005600 
53.550500, -113.358900, 0.003967 
53.581600, -113.599100, 0.034104 
51.222500, -114.495600, 0.000012 
51.058900, -115.174500, 0.020470 
52.827500, -110.859600, 0.000140 
52.674300, -111.311600, 0.000003 
50.443600, -110.882500, 0.000093 
51.068200, -115.136400, 0.002570 
57.335400, -111.755600, 0.005122 
