56.377200, -117.175600, 0.006856 
53.344000, -114.305000, 0.301496 
53.579900, -113.576400, 0.087500 
50.992000, -114.059000, 0.001010 
54.007100, -119.104000, 0.026890 
54.775000, -115.218600, 0.009844 
53.529100, -113.387500, 0.482021 
53.841600, -113.097900, 0.002000 
57.003300, -111.466100, 0.471103 
57.040500, -111.619200, 0.253393 
53.560000, -114.486200, 0.008010 
53.508500, -114.557100, 0.268750 
53.448700, -114.449100, 0.417296 
53.593060, -116.390300, 0.004600 
53.413300, -117.570600, 0.017551 
53.533000, -113.411500, 0.001574 
53.541700, -113.391700, 0.060800 
53.550500, -113.358900, 0.031224 
55.248100, -114.514000, 0.000010 
53.581600, -113.599100, 0.011120 
51.058900, -115.174500, 0.025670 
58.518800, -117.119500, 0.530600 
50.443600, -110.882500, 0.790088 
53.402700, -117.599300, 0.006595 
51.068200, -115.136400, 0.002458 
52.821600, -110.888700, 0.000009 
51.082000, -114.006000, 0.000300 
55.160200, -118.818400, 0.050011 
52.459500, -113.729500, 0.000002 
57.335400, -111.755600, 0.128200 
50.981400, -113.962800, 0.000721 
54.270100, -110.803400, 0.006041 
