53.539700, -113.409200, 8.690000 
56.377200, -117.175600, 325.829800 
53.344000, -114.305000, 1189.251000 
53.733200, -113.175000, 38.431800 
53.288500, -110.018300, 1.474500 
50.747700, -114.494700, 9.423000 
54.596400, -110.395000, 68.482000 
53.718500, -113.183000, 0.003000 
54.144400, -115.691700, 0.870000 
49.789400, -112.126100, 252.082000 
54.179100, -115.806000, 3.050000 
52.564700, -112.141400, 1219.715000 
51.531700, -111.786100, 208.350000 
54.007100, -119.104000, 159.000000 
50.675600, -110.025000, 452.965000 
53.529100, -113.387500, 124.153600 
53.571700, -113.349800, 121.136000 
53.089200, -116.805900, 38.014000 
52.308300, -113.550000, 820.729000 
49.713599, -112.796397, 5.137400 
51.191300, -113.940900, 16.702000 
49.305200, -114.000300, 20.527000 
51.039600, -114.559000, 15.400000 
51.965500, -114.753600, 20.014000 
56.380600, -116.795000, 6.593000 
53.722900, -113.174000, 0.080000 
53.721700, -113.191700, 163.964000 
53.841600, -113.097900, 378.130000 
57.003300, -111.466100, 1246.612900 
57.040500, -111.619200, 3837.868000 
53.560000, -114.486200, 51.307000 
53.508500, -114.557100, 3189.455000 
53.448700, -114.449100, 783.339000 
52.385800, -113.595000, 8.168800 
51.181625, -114.472100, 1.189600 
52.033030, -113.938910, 49.403000 
53.593060, -116.390300, 130.794000 
51.570800, -114.851700, 0.708000 
50.846700, -113.581170, 25.160000 
55.071200, -118.691200, 84.384000 
53.795900, -113.099600, 11.700000 
53.804200, -113.082400, 20.430000 
53.413300, -117.570600, 382.525000 
50.845800, -113.586700, 61.236200 
54.141900, -115.704200, 0.026000 
53.541700, -113.391700, 599.900000 
53.181200, -115.762500, 232.545000 
51.086700, -114.008800, 2.151000 
50.086600, -110.716700, 58.273000 
53.550500, -113.358900, 190.695800 
55.248100, -114.514000, 4.218000 
54.772900, -110.579000, 77.302000 
53.728270, -113.235520, 41.137000 
53.283800, -110.031900, 35.921800 
51.789600, -114.702800, 17.820400 
49.701943, -112.803037, 56.985000 
54.238200, -115.379700, 29.300000 
53.721800, -113.192700, 6.448000 
53.725400, -113.193000, 35.172000 
55.029800, -118.744000, 539.490000 
55.273300, -114.599700, 1.903300 
55.162300, -118.816600, 35.121000 
50.848000, -113.581300, 0.020000 
50.597600, -111.881800, 29.540000 
50.583700, -113.871100, 21.552600 
53.581600, -113.599100, 73.850000 
52.095600, -114.799300, 3.338000 
51.058900, -115.174500, 575.200000 
54.133300, -115.366600, 56.228000 
53.527700, -113.392600, 1.322000 
58.194700, -116.350400, 20.428500 
58.518800, -117.119500, 329.870100 
54.139800, -115.689100, 19.174000 
54.587200, -112.803100, 5.770000 
53.332300, -113.524100, 0.502300 
53.616600, -115.711100, 0.030000 
53.740700, -113.023100, 79.967000 
57.298900, -111.503300, 20.790000 
50.443600, -110.882500, 20.787000 
52.308300, -113.550000, 822.751000 
53.402700, -117.599300, 18.030800 
55.069600, -110.536100, 34.177000 
57.351700, -111.522200, 27.401000 
51.154200, -114.187700, 31.440000 
51.028800, -114.044800, 20.063000 
51.024500, -114.025000, 39.800000 
51.015020, -114.026480, 32.804000 
51.068200, -115.136400, 99.683000 
53.431000, -117.540600, 0.894000 
53.010600, -112.810000, 0.687000 
52.255700, -113.886000, 4.987000 
53.645100, -114.130200, 8.115000 
53.555610, -113.633750, 0.050000 
53.584100, -113.614400, 4.078000 
53.066500, -117.404800, 1033.100000 
56.981400, -111.475800, 0.925000 
53.543100, -117.797900, 0.359000 
52.588100, -111.206100, 0.011000 
52.821600, -110.888700, 0.022000 
53.943200, -113.596900, 173.000000 
51.065300, -115.221100, 20.764000 
55.736900, -117.185800, 158.596000 
53.550100, -113.775600, 110.436000 
53.501040, -113.489732, 30.679500 
52.375200, -114.921600, 19.941200 
51.020210, -114.019246, 27.482000 
49.784800, -112.151000, 9.518000 
51.488700, -113.153900, 0.652100 
49.698011, -112.823139, 0.447000 
53.561500, -116.577900, 104.327000 
49.697836, -112.821799, 5.809000 
51.411700, -114.027600, 0.040000 
57.042500, -111.905000, 7.600000 
49.229200, -114.029100, 7.407000 
49.488900, -113.955100, 10.969000 
54.162360, -115.733900, 60.591000 
52.981500, -112.707700, 17.468000 
52.349900, -110.266600, 14.654000 
49.833300, -111.699800, 107.339000 
54.169000, -115.762200, 48.269000 
50.995300, -113.973800, 0.001000 
49.709466, -112.781685, 1.240300 
52.942400, -113.511100, 29.052000 
52.794000, -111.825900, 14.421000 
53.434200, -111.805800, 20.435000 
51.804500, -113.239900, 18.825000 
53.575400, -113.624100, 269.271000 
57.217500, -110.895000, 51.138800 
51.176500, -114.194900, 11.080900 
53.558800, -113.473700, 5.817300 
53.558600, -113.368000, 106.351400 
53.885300, -117.178700, 0.147000 
55.160200, -118.818400, 56.301000 
53.559400, -113.347200, 30.500000 
51.071400, -115.132000, 7.162400 
52.361000, -113.819400, 0.396000 
52.549200, -113.840800, 4.272000 
49.720000, -113.500300, 15.203000 
53.599500, -111.416200, 19.263000 
53.221600, -114.973300, 26.666000 
55.278800, -114.766600, 47.270000 
55.118600, -118.361300, 39.888000 
54.423900, -110.304200, 156.155000 
53.745100, -113.235600, 16.249600 
52.639900, -111.273500, 344.618000 
51.094400, -114.049700, 220.000000 
52.866700, -112.200000, 21.225000 
51.435000, -111.755000, 14.717000 
53.329400, -114.290300, 29.670000 
51.157600, -114.191600, 57.381000 
53.678600, -113.804600, 4.816000 
53.007200, -117.327200, 1.105000 
50.845000, -111.684000, 8.803000 
55.666400, -110.714000, 4.232600 
56.411700, -110.937600, 133.817000 
55.662600, -111.257700, 54.379000 
56.284800, -116.111700, 87.430500 
55.640500, -117.119300, 7.351500 
53.350200, -110.845800, 22.447000 
56.113500, -111.829300, 4.422400 
53.554250, -114.962760, 55.866000 
52.459500, -113.729500, 8.125000 
55.752800, -118.684100, 32.344000 
49.702567, -112.786857, 22.536000 
53.584400, -113.547900, 25.760000 
51.074900, -114.138700, 0.711000 
53.819900, -112.764600, 27.544000 
57.286600, -111.599500, 16.508000 
57.335400, -111.755600, 173.650200 
50.079800, -110.790300, 53.281000 
53.589200, -117.458900, 30.115000 
54.006600, -119.105500, 2285.232000 
51.165500, -114.222000, 4.296000 
55.666382, -110.714044, 19.188800 
56.147110, -116.294328, 103.274000 
56.113140, -111.715340, 2.447300 
52.258050, -113.880800, 0.642000 
