55.996700, -118.533600, 3.562000 
53.539700, -113.409200, 8.690000 
56.377200, -117.175600, 239.088600 
53.833100, -113.108900, 0.900000 
53.344000, -114.305000, 734.268000 
53.733200, -113.175000, 38.431800 
53.288500, -110.018300, 1.474500 
52.146300, -115.330000, 8.257100 
50.747700, -114.494700, 9.423000 
54.952700, -119.195300, 9.687000 
53.952700, -113.078000, 0.711000 
54.572300, -115.522900, 2.074000 
54.596400, -110.395000, 68.482000 
55.335900, -119.223000, 2.595000 
50.647500, -113.772000, 3.320000 
54.194400, -116.632200, 7.890000 
53.546800, -113.734800, 1.670800 
53.245000, -115.674300, 2.640000 
53.746900, -113.164500, 0.590000 
53.718500, -113.183000, 0.003000 
54.144400, -115.691700, 0.870000 
49.789400, -112.126100, 252.082000 
54.179100, -115.806000, 1.634000 
52.564700, -112.141400, 615.604000 
51.531700, -111.786100, 153.004000 
54.007100, -119.104000, 55.900000 
54.775000, -115.218600, 0.289800 
51.742300, -114.134500, 1.730000 
52.496000, -114.988000, 2.724900 
50.675600, -110.025000, 452.965000 
53.529100, -113.387500, 53.470600 
53.571700, -113.349800, 121.136000 
52.959300, -115.893800, 3.940000 
51.637200, -112.866000, 2.007000 
52.776100, -115.660700, 3.990000 
52.758100, -114.111600, 8.820000 
52.226300, -115.177000, 7.870000 
58.500000, -119.416700, 6.224000 
53.089200, -116.805900, 1.948000 
52.940400, -114.832300, 4.800000 
55.725100, -119.399900, 8.320000 
52.308300, -113.550000, 820.001000 
49.713599, -112.796397, 2.422700 
51.191300, -113.940900, 14.906000 
49.305200, -114.000300, 13.211200 
51.039600, -114.559000, 15.400000 
51.965500, -114.753600, 19.436000 
56.380600, -116.795000, 6.593000 
53.722900, -113.174000, 0.080000 
53.721700, -113.191700, 161.920000 
53.841600, -113.097900, 224.300000 
53.652000, -116.099200, 1.177000 
54.423300, -117.760400, 7.200000 
57.003300, -111.466100, 706.556800 
57.040500, -111.619200, 2336.884000 
53.560000, -114.486200, 34.372000 
53.508500, -114.557100, 2327.274000 
53.448700, -114.449100, 524.788000 
52.385800, -113.595000, 8.156700 
51.181625, -114.472100, 0.360000 
51.022770, -114.027660, 0.842600 
52.033030, -113.938910, 40.524000 
53.227700, -114.988900, 7.000000 
53.593060, -116.390300, 98.126000 
51.570800, -114.851700, 0.708000 
55.070600, -118.688800, 0.722900 
50.846700, -113.581170, 25.160000 
55.071200, -118.691200, 64.864000 
53.795900, -113.099600, 11.700000 
53.804200, -113.082400, 20.069000 
53.413300, -117.570600, 313.442000 
50.845800, -113.586700, 7.239500 
53.533000, -113.411500, 2.705000 
54.141900, -115.704200, 0.026000 
53.541700, -113.391700, 425.700000 
53.181200, -115.762500, 232.545000 
51.219500, -114.645400, 1.820000 
50.805300, -110.034900, 4.968000 
54.833300, -118.646700, 11.453000 
54.524700, -116.794300, 2.268000 
52.553700, -111.694000, 0.358000 
54.130900, -115.546700, 0.686000 
53.204500, -116.811200, 5.554100 
51.086700, -114.008800, 2.148000 
50.086600, -110.716700, 13.509000 
53.550500, -113.358900, 138.086400 
58.555500, -118.915900, 0.880000 
51.526000, -113.880000, 1.243100 
51.696900, -114.475000, 9.935000 
55.248100, -114.514000, 1.705000 
53.544350, -113.374010, 0.025000 
53.022700, -112.811400, 0.008000 
54.772900, -110.579000, 77.302000 
54.185400, -116.210400, 8.870000 
51.400100, -114.034300, 4.835300 
53.757500, -113.149900, 2.706000 
51.926500, -114.542700, 0.700000 
54.427200, -116.884300, 9.340000 
53.132300, -115.981700, 6.340000 
52.035300, -115.137700, 4.832800 
53.728270, -113.235520, 31.821000 
54.510900, -115.511700, 5.290000 
53.283800, -110.031900, 35.921600 
50.061200, -110.723000, 1.546700 
55.481900, -119.059200, 4.922000 
51.789600, -114.702800, 6.868100 
49.701943, -112.803037, 17.247000 
54.238200, -115.379700, 26.800000 
53.721800, -113.192700, 6.390000 
53.725400, -113.193000, 6.845000 
55.029800, -118.744000, 512.580000 
49.758379, -112.452561, 1.700000 
55.273300, -114.599700, 0.311000 
55.162300, -118.816600, 8.079000 
53.505652, -113.412963, 1.061000 
49.628100, -114.571900, 2.980000 
50.848000, -113.581300, 0.020000 
57.546300, -119.112600, 0.530000 
55.040000, -115.475800, 4.380000 
50.597600, -111.881800, 29.540000 
50.583700, -113.871100, 21.552600 
53.250200, -115.555500, 1.810000 
55.489100, -119.750800, 11.420000 
49.723497, -112.785116, 1.259000 
53.581600, -113.599100, 37.263000 
55.876700, -119.301100, 0.809000 
51.222500, -114.495600, 7.416000 
53.576280, -113.317500, 1.943800 
51.060740, -113.995090, 1.155000 
51.030750, -113.399500, 0.908000 
53.557500, -116.547200, 11.595000 
59.063100, -118.875700, 0.769600 
53.817200, -113.133600, 14.716000 
51.058900, -115.174500, 459.500000 
51.004210, -113.989400, 4.818000 
51.798200, -114.098000, 1.052000 
53.574500, -113.313900, 1.005000 
52.940500, -112.721400, 8.842000 
52.327100, -112.718300, 14.360000 
56.904200, -117.633600, 6.760000 
53.670500, -115.762200, 1.024000 
53.723500, -113.173800, 6.150000 
50.058200, -110.728200, 11.620000 
54.133300, -115.366600, 21.402800 
53.527700, -113.392600, 1.322000 
55.074200, -117.274200, 2.056000 
58.194700, -116.350400, 6.537100 
55.199400, -116.221900, 1.045000 
55.993500, -113.480500, 1.717000 
53.576900, -113.570600, 0.657000 
52.272900, -113.814480, 7.018000 
49.362300, -113.511500, 5.459000 
53.567200, -113.599300, 0.097000 
53.799100, -113.080700, 7.179000 
58.518800, -117.119500, 172.830700 
54.139800, -115.689100, 6.951000 
54.587200, -112.803100, 2.033000 
53.332300, -113.524100, 0.366900 
49.693900, -112.096200, 4.360000 
53.498600, -113.387900, 0.008000 
53.616600, -115.711100, 0.030000 
53.902300, -115.189300, 2.130000 
53.740700, -113.023100, 69.967000 
52.212400, -113.843700, 3.180200 
52.228400, -114.397700, 2.143000 
51.189400, -113.937800, 8.816000 
52.766100, -114.285600, 0.677500 
53.593600, -113.335600, 0.080000 
57.298900, -111.503300, 20.790000 
49.725296, -112.798487, 2.504000 
50.040920, -110.721904, 5.806000 
50.443600, -110.882500, 15.648000 
50.269600, -112.893800, 3.005000 
49.789000, -112.134440, 7.750000 
52.308300, -113.550000, 822.751000 
51.910600, -114.668100, 1.682000 
58.447100, -119.238300, 4.087500 
53.402700, -117.599300, 6.531400 
50.577200, -111.178100, 0.523000 
52.869000, -115.101000, 0.770000 
50.671900, -110.028900, 1.476000 
52.904700, -115.324700, 0.568000 
55.582700, -110.888800, 6.123000 
55.069600, -110.536100, 34.177000 
53.373100, -116.086000, 1.148000 
51.006900, -113.192800, 3.452000 
52.308800, -113.790000, 1.666000 
50.059700, -110.732000, 0.682900 
57.351700, -111.522200, 27.401000 
53.628800, -113.307700, 3.885000 
51.154200, -114.187700, 23.713000 
51.028800, -114.044800, 16.811000 
53.519600, -113.529000, 3.203000 
51.024500, -114.025000, 24.640000 
52.315900, -113.850000, 5.890300 
50.847000, -113.591000, 5.100000 
53.819400, -113.141900, 2.840000 
54.043500, -117.420000, 1.389000 
49.975700, -114.130000, 0.641000 
52.058000, -114.908000, 0.673000 
54.829600, -118.647000, 1.955000 
51.099300, -112.639000, 0.659000 
53.960200, -116.460000, 0.681000 
54.483500, -118.100000, 0.978000 
57.188000, -118.248900, 1.298000 
50.697800, -111.531000, 0.571000 
51.943400, -114.736000, 2.395000 
53.470500, -116.496100, 1.501000 
50.693800, -114.330000, 1.436000 
52.355300, -115.332000, 1.119000 
51.444300, -114.527000, 0.987000 
53.244500, -116.238000, 1.413000 
53.481700, -113.489000, 1.310000 
51.130700, -114.009000, 4.137000 
51.015020, -114.026480, 26.865000 
51.068200, -115.136400, 74.046000 
52.479300, -115.206900, 1.884000 
53.431000, -117.540600, 0.337000 
53.010600, -112.810000, 0.218000 
52.255700, -113.886000, 1.204000 
53.645100, -114.130200, 1.889000 
53.555610, -113.633750, 0.050000 
52.028360, -113.954260, 2.170000 
53.584100, -113.614400, 3.054000 
51.407800, -113.668300, 0.929000 
50.963300, -112.288300, 1.051000 
50.676800, -110.018000, 0.798000 
53.066500, -117.404800, 204.730000 
56.981400, -111.475800, 0.925000 
53.543100, -117.797900, 0.359000 
52.588100, -111.206100, 0.011000 
57.054200, -111.917200, 1.024000 
52.821600, -110.888700, 0.016000 
53.943200, -113.596900, 156.000000 
54.293100, -116.188300, 4.010000 
53.826700, -113.603300, 1.858000 
53.039700, -111.220000, 1.667000 
55.866700, -119.596700, 0.582000 
53.559040, -113.693580, 1.820700 
53.555000, -113.477400, 1.521000 
49.712016, -112.839461, 0.710000 
53.506900, -113.373400, 0.950000 
51.176400, -114.194800, 0.919000 
50.991700, -114.030300, 1.029000 
51.168600, -114.210900, 2.746900 
50.991500, -114.030100, 2.288900 
51.065300, -115.221100, 3.418000 
55.736900, -117.185800, 22.141000 
55.757600, -118.696700, 7.009000 
53.550100, -113.775600, 17.482000 
53.501040, -113.489732, 15.962500 
52.375200, -114.921600, 17.264500 
52.959900, -113.369000, 1.196000 
50.026580, -110.665700, 13.844600 
51.020210, -114.019246, 25.578000 
49.878996, -112.774388, 3.949000 
49.790600, -112.131400, 2.663000 
52.304300, -113.802700, 2.461000 
53.573220, -113.316410, 4.006000 
53.303500, -113.577500, 1.062000 
51.212500, -113.958300, 0.707600 
52.412900, -114.407600, 0.982500 
49.976800, -112.042900, 0.511900 
49.784800, -112.151000, 2.379000 
53.537900, -111.785100, 0.548000 
53.635900, -112.019200, 0.630000 
55.644000, -114.659700, 1.119000 
50.471500, -111.606500, 1.606000 
53.155900, -112.326700, 0.680000 
52.923200, -115.107500, 0.651000 
52.322800, -114.020800, 0.653000 
58.568700, -119.201500, 2.264000 
55.985900, -119.955800, 0.673000 
49.809200, -110.320500, 0.620000 
55.396400, -119.599700, 1.061000 
53.796100, -111.941900, 0.765000 
53.766900, -112.203100, 0.825000 
50.129400, -111.908400, 3.126000 
54.494400, -115.957600, 0.817000 
54.538100, -115.932300, 0.629000 
54.650900, -114.528900, 1.086000 
58.943200, -118.916800, 5.501000 
59.230700, -119.275900, 0.671000 
59.067000, -118.875900, 2.341000 
51.893700, -114.400400, 0.560000 
52.480900, -114.870200, 0.389000 
52.319300, -111.477600, 1.250000 
51.977300, -111.173400, 0.321000 
52.333700, -111.357300, 2.554000 
51.962900, -111.016100, 2.030000 
51.911800, -111.188100, 1.846000 
52.515700, -113.173800, 1.347000 
52.104400, -110.695000, 1.427000 
52.421200, -110.388600, 1.147000 
50.737400, -112.084900, 0.516600 
52.166500, -113.256300, 0.558000 
54.785300, -117.658000, 4.305000 
55.494700, -119.289500, 0.717000 
49.852100, -111.665000, 2.523000 
51.682500, -111.293600, 0.853000 
51.488700, -113.153900, 0.652100 
53.719800, -113.596300, 0.643000 
50.675000, -110.049200, 0.878000 
53.416800, -113.917700, 0.747000 
53.137600, -113.794100, 0.923000 
53.821500, -113.490400, 5.162200 
56.964500, -117.007100, 0.595800 
52.366500, -112.734900, 0.717600 
52.479300, -110.936100, 1.449000 
57.153300, -118.334500, 0.626000 
51.773700, -114.222900, 0.568000 
51.991800, -110.928600, 1.304000 
56.069400, -119.877200, 1.118000 
50.220300, -112.444200, 0.544000 
51.919000, -114.394600, 0.196000 
54.207000, -117.169300, 1.853000 
57.193700, -118.199700, 5.718000 
57.502800, -118.745700, 1.965000 
57.338900, -118.460000, 0.695000 
55.585600, -117.891600, 5.182000 
53.159500, -114.902800, 0.601000 
54.720000, -119.110600, 1.525000 
52.544800, -114.545200, 0.691000 
53.103200, -115.363400, 1.124000 
52.708400, -115.428900, 0.781000 
51.065100, -114.130500, 0.694000 
51.180450, -113.937280, 4.631000 
53.013900, -116.258600, 0.539000 
52.703800, -114.572500, 0.751000 
51.027000, -114.018600, 1.680000 
54.130600, -119.218900, 0.871000 
55.069400, -113.313900, 0.705000 
53.499300, -116.805300, 1.243000 
50.718600, -111.322200, 1.434000 
55.432800, -114.807200, 1.890000 
55.913200, -115.143700, 0.651000 
57.004500, -113.188600, 1.290000 
52.915800, -113.022500, 1.348000 
51.635300, -112.531400, 1.055000 
51.449700, -111.571700, 0.761000 
54.447400, -117.523700, 0.571000 
55.334700, -119.405300, 0.657000 
56.135000, -113.028300, 0.852000 
56.134800, -113.201300, 1.250000 
53.997000, -111.569200, 0.668000 
54.612500, -118.214300, 1.516000 
55.631500, -112.189600, 0.535000 
52.155600, -113.529700, 0.594000 
53.770600, -117.601400, 5.081000 
53.583000, -116.842000, 0.825000 
54.687300, -117.588700, 0.650000 
56.199000, -110.675100, 1.975000 
50.002600, -111.695600, 1.904000 
56.622700, -119.946500, 3.092000 
50.191900, -111.301800, 0.586000 
50.231100, -111.434000, 1.248000 
54.206700, -116.766700, 0.360000 
53.706600, -117.241000, 0.210000 
51.691800, -112.224000, 0.541000 
55.993100, -119.771100, 0.520000 
55.265600, -114.601400, 3.353600 
53.388600, -115.315800, 1.600000 
55.146800, -114.517100, 0.800200 
54.541800, -117.884100, 0.842000 
50.397600, -113.925500, 0.778000 
56.556900, -119.363900, 0.809000 
53.706600, -115.976300, 2.678000 
51.290200, -113.992400, 1.076000 
50.770500, -111.098100, 0.800000 
50.653300, -111.166100, 0.750000 
51.024500, -111.642800, 2.173000 
51.552500, -111.490600, 0.522000 
52.851400, -114.046900, 0.959000 
51.137900, -111.577600, 0.601000 
53.825000, -115.556700, 0.531000 
57.066100, -114.777500, 7.340000 
56.880600, -114.757200, 1.300000 
56.796900, -114.349300, 0.430000 
57.309200, -114.856300, 0.920000 
56.960600, -114.716900, 1.050000 
52.260500, -113.816600, 0.404000 
52.366300, -114.963000, 1.875000 
55.666900, -117.761600, 0.668000 
55.651800, -111.084400, 2.724000 
56.731500, -115.611500, 0.511000 
54.348900, -119.463300, 1.840000 
52.399300, -115.020500, 0.566000 
56.300000, -119.097900, 0.729000 
57.374300, -119.234900, 1.306000 
54.033400, -117.756900, 1.143000 
54.965100, -119.306800, 1.959000 
55.954200, -117.710800, 0.621000 
51.495900, -114.210100, 0.545000 
50.336700, -110.135000, 0.704000 
50.294200, -110.593500, 0.520000 
53.337800, -111.243900, 0.750000 
52.090700, -112.766700, 1.080000 
49.698011, -112.823139, 0.115000 
50.671500, -111.695300, 0.710000 
51.126200, -112.359500, 0.660000 
50.675000, -111.762200, 0.573000 
50.802300, -111.902000, 0.564000 
50.795100, -112.017800, 0.721000 
50.915100, -112.451700, 1.177000 
50.711500, -112.394000, 0.613000 
51.402600, -112.918100, 0.557000 
50.889400, -113.406800, 0.561000 
50.766500, -111.946400, 0.526600 
57.931900, -117.835000, 0.704000 
58.081200, -117.635600, 0.815000 
52.708400, -114.446600, 0.815000 
52.777600, -114.234300, 0.960000 
52.807000, -114.258600, 0.690000 
52.912000, -114.064600, 0.527000 
50.223900, -110.761900, 1.647000 
50.224000, -110.037500, 1.332000 
50.398600, -110.503300, 10.132000 
50.573100, -111.177500, 0.654000 
50.700700, -110.478000, 0.913000 
52.217300, -112.307300, 0.600000 
56.095100, -113.448600, 3.131000 
50.314700, -111.968400, 1.402000 
50.631500, -111.022200, 3.717000 
50.336800, -111.169800, 0.695000 
53.148600, -111.195000, 0.905000 
52.457600, -113.576800, 0.866000 
53.254000, -113.048200, 0.543000 
53.064800, -110.608900, 0.900000 
50.755100, -112.162300, 0.539000 
55.633700, -119.575000, 1.005000 
50.333200, -111.732800, 1.565000 
53.188700, -115.642200, 0.470000 
51.359000, -112.360100, 1.166000 
51.531300, -113.276300, 0.589000 
51.642600, -113.337700, 1.722000 
53.374300, -114.527900, 1.109000 
53.989000, -116.950100, 0.626000 
53.228700, -115.104400, 0.613000 
54.323400, -115.677500, 1.200000 
52.435700, -113.390400, 0.128000 
55.433300, -116.483200, 1.444000 
52.450400, -110.851900, 2.683000 
52.482800, -110.026900, 3.261000 
52.275700, -114.218800, 1.005300 
52.439300, -110.316400, 0.695900 
56.613100, -112.849000, 0.739000 
56.233200, -113.896400, 0.769200 
50.587900, -111.815100, 1.072600 
50.711900, -111.057400, 0.547200 
49.470800, -112.173400, 0.692200 
54.800000, -119.106100, 2.313500 
53.635900, -116.931800, 0.892600 
50.245900, -111.296200, 0.827900 
50.485900, -111.702200, 1.242000 
50.689500, -111.554800, 0.767000 
52.610400, -114.821800, 0.857000 
50.897000, -111.693700, 0.991000 
50.522300, -111.652300, 0.695000 
58.568700, -119.061500, 1.882000 
55.432900, -111.219800, 0.367000 
56.313200, -111.636200, 14.977000 
57.877200, -119.740900, 0.597000 
53.561500, -116.577900, 28.296000 
56.560600, -119.031700, 0.616000 
52.042900, -114.588800, 0.790000 
53.974300, -114.923900, 0.470000 
49.816400, -112.070100, 0.070000 
52.522900, -111.634000, 0.064000 
49.791100, -112.557000, 0.051000 
49.761900, -113.394800, 0.035000 
51.739900, -113.351900, 0.390000 
54.963600, -117.670700, 0.960000 
58.466800, -118.788700, 1.606000 
58.761500, -118.690400, 1.285000 
49.697836, -112.821799, 2.739000 
55.254700, -118.930800, 1.319000 
55.254700, -118.917800, 0.859000 
54.538100, -119.066400, 0.533000 
55.327500, -119.007800, 0.502000 
51.411700, -114.027600, 0.032000 
59.641800, -118.307800, 1.171000 
54.363300, -116.624000, 1.016000 
54.792900, -115.521700, 3.470000 
54.647300, -115.495800, 1.070000 
53.352200, -115.421100, 1.073600 
55.710300, -116.604200, 0.528200 
55.651200, -116.386000, 1.424000 
51.868200, -110.139700, 0.707200 
53.090400, -115.245000, 0.640900 
53.181200, -114.486800, 0.621100 
52.936200, -114.160900, 1.146000 
54.844900, -115.332400, 1.039000 
53.428700, -115.125800, 1.522900 
56.590200, -115.878400, 0.509400 
52.446500, -114.671600, 0.512100 
52.650400, -115.080800, 1.469700 
53.190400, -114.552300, 0.815700 
52.155700, -110.893800, 3.362600 
52.519400, -110.085200, 1.112700 
53.173900, -114.884600, 0.609200 
52.461400, -114.346900, 0.878700 
53.064700, -116.436900, 1.255500 
53.163100, -117.017800, 0.654100 
57.042500, -111.905000, 7.396100 
55.750400, -119.787600, 0.704000 
56.764300, -115.631800, 1.141500 
50.253200, -111.319200, 0.598000 
54.370800, -116.874800, 0.754500 
50.173400, -112.395600, 0.572000 
50.013100, -112.393100, 0.907000 
50.046300, -112.477200, 0.596000 
52.631800, -110.289700, 0.503300 
49.896400, -111.765600, 2.700000 
54.290800, -118.493200, 0.863300 
50.889400, -114.761800, 2.330000 
49.229200, -114.029100, 5.909000 
49.488900, -113.955100, 8.733000 
52.088200, -115.689400, 0.731000 
51.135900, -114.144900, 1.103000 
51.599900, -115.356900, 1.243000 
53.174000, -114.554100, 0.811000 
52.621200, -112.211500, 1.443000 
53.279500, -111.587000, 2.850000 
52.701200, -112.259500, 0.746000 
55.771100, -119.308900, 1.463000 
53.734200, -118.395600, 0.660000 
52.766700, -116.393000, 0.961100 
56.095100, -118.758700, 0.270000 
55.782200, -119.367200, 1.436000 
54.461800, -111.780100, 0.505000 
53.854300, -117.391200, 0.663000 
55.378300, -118.499700, 1.946000 
56.440600, -119.775700, 0.727000 
54.265300, -116.342000, 0.527000 
54.119800, -116.273100, 0.790000 
53.577900, -116.599000, 0.632000 
54.178700, -117.328400, 3.567000 
52.681000, -110.184000, 0.598000 
52.989300, -114.157900, 0.726000 
52.646900, -110.188000, 0.773000 
52.830300, -116.272200, 1.016000 
52.958200, -114.679900, 0.770000 
56.364200, -119.934300, 0.682000 
55.338100, -118.536700, 2.319000 
50.168300, -112.299800, 0.533000 
50.013100, -112.611500, 1.226000 
52.963700, -111.364700, 0.002900 
52.031800, -112.629500, 0.431800 
55.070800, -118.695000, 0.710000 
53.346200, -113.517200, 8.917000 
53.847000, -114.619400, 0.735700 
53.484800, -115.607600, 1.369000 
53.385100, -115.612800, 2.386000 
52.180900, -113.083200, 0.609000 
53.305100, -115.691100, 0.543000 
53.483200, -115.526400, 0.766000 
52.188200, -110.988300, 1.142000 
49.616400, -111.917300, 3.770000 
55.458400, -116.165600, 0.750000 
55.491170, -116.186500, 2.510000 
54.162360, -115.733900, 5.644000 
52.475700, -111.700100, 0.605000 
55.197120, -118.788450, 0.615000 
52.981500, -112.707700, 6.863000 
52.349900, -110.266600, 3.934000 
49.833300, -111.699800, 17.969000 
49.516600, -112.517500, 6.156000 
52.759300, -114.107100, 0.756000 
51.828200, -111.774200, 0.366000 
56.218700, -116.251300, 7.293300 
54.105400, -117.526500, 1.979000 
49.594700, -111.905900, 1.870000 
56.007600, -113.402800, 3.216000 
54.054200, -118.308700, 0.977000 
53.977900, -116.751200, 3.570000 
53.479500, -115.224400, 0.900700 
50.093100, -110.732800, 0.569000 
53.590480, -116.172680, 0.574500 
51.624500, -112.952600, 0.610000 
54.956400, -119.783300, 0.699000 
55.254700, -119.458100, 0.599000 
53.958000, -118.772800, 0.567000 
55.771200, -115.548700, 2.106000 
54.807300, -115.413300, 3.085000 
54.752900, -115.439200, 1.335000 
54.800000, -115.520600, 4.028000 
53.294000, -115.972500, 0.556000 
53.580200, -112.048700, 0.588000 
54.467300, -110.209200, 2.526000 
54.273400, -110.751000, 1.634000 
54.169000, -115.762200, 6.788000 
56.495700, -115.604300, 0.896000 
56.517000, -116.045500, 5.169000 
50.965800, -114.872700, 0.695800 
50.431200, -111.589200, 0.674000 
56.506100, -119.432000, 0.327000 
50.995300, -113.973800, 0.001000 
49.709466, -112.781685, 0.655400 
53.737500, -113.149000, 7.545000 
52.942400, -113.511100, 29.052000 
51.900900, -111.608400, 0.591200 
54.338100, -116.580100, 0.569000 
55.829400, -119.052200, 0.596000 
54.668900, -117.651600, 1.451000 
58.568700, -119.334300, 0.599000 
51.491800, -114.030200, 1.563000 
52.794000, -111.825900, 3.040000 
53.434200, -111.805800, 4.334000 
51.804500, -113.239900, 3.967000 
50.385800, -113.246500, 1.259000 
51.157000, -114.193200, 0.544000 
53.575400, -113.624100, 61.651000 
53.714800, -113.190000, 0.822000 
57.217500, -110.895000, 51.129800 
52.679300, -110.155200, 0.840000 
56.666700, -111.345100, 14.770000 
52.875700, -111.483300, 0.800000 
51.176500, -114.194900, 4.225000 
53.558800, -113.473700, 2.060100 
53.333710, -113.534620, 0.700000 
53.558600, -113.368000, 106.351400 
51.727500, -113.819000, 0.400000 
53.885300, -117.178700, 0.147000 
51.326800, -110.165300, 2.277600 
51.341500, -110.147900, 1.893000 
57.219100, -118.769300, 0.569000 
54.903200, -115.205800, 11.299000 
55.201500, -119.881400, 0.677000 
56.197600, -116.144500, 2.123200 
53.768900, -112.166400, 0.604000 
54.954100, -115.218400, 1.400000 
54.438200, -119.676100, 0.532000 
53.834000, -117.912400, 11.522000 
53.987100, -117.351500, 1.150600 
50.683000, -111.548000, 1.374000 
50.624800, -111.588500, 0.558000 
49.119100, -113.761500, 0.601000 
52.153800, -115.321800, 0.930000 
53.550000, -113.466700, 0.858600 
52.137500, -113.477800, 0.660000 
50.631900, -111.011300, 0.964200 
50.723300, -112.789100, 0.599000 
50.155700, -114.453300, 1.033900 
50.950500, -113.958000, 1.022000 
52.764900, -114.957500, 0.548000 
52.941200, -118.043000, 3.749000 
56.937100, -113.480800, 0.958000 
58.695200, -114.005000, 3.359000 
50.593000, -111.492000, 0.512000 
53.175900, -115.271100, 0.728000 
55.160200, -118.818400, 41.718000 
49.867000, -111.383000, 2.168000 
53.559400, -113.347200, 7.520000 
51.071400, -115.132000, 2.836200 
50.701400, -111.554300, 1.028000 
51.570600, -113.688200, 0.520000 
51.770800, -113.622100, 1.270000 
52.361000, -113.819400, 0.107000 
52.549200, -113.840800, 1.059000 
49.720000, -113.500300, 3.618000 
53.599500, -111.416200, 4.507000 
55.714100, -115.899700, 1.554000 
54.866900, -118.798100, 0.902000 
54.477900, -117.590300, 0.691000 
53.666400, -117.259600, 1.084000 
50.479100, -111.473800, 0.524100 
54.040000, -114.130000, 2.190000 
56.482100, -117.963100, 0.522000 
53.936200, -113.499600, 0.800000 
50.540900, -111.794500, 0.290000 
55.103300, -119.192300, 3.025000 
55.092400, -119.186000, 1.449000 
52.441300, -115.281800, 0.607000 
53.655600, -117.081700, 0.778500 
56.109900, -111.042100, 0.690000 
53.221600, -114.973300, 6.095000 
55.278800, -114.766600, 10.805000 
55.118600, -118.361300, 9.118000 
54.423900, -110.304200, 35.694000 
53.341300, -115.395600, 0.630000 
50.915860, -112.390800, 1.068000 
54.171000, -118.334400, 1.575000 
50.485300, -111.171600, 2.689000 
53.596200, -113.332100, 3.040000 
52.639900, -111.273500, 87.881000 
54.342700, -110.328700, 4.516400 
53.500000, -113.440000, 5.159000 
51.094400, -114.049700, 220.000000 
52.457500, -110.313700, 0.502000 
56.288200, -116.851000, 0.748600 
51.030100, -114.041200, 1.521000 
53.543600, -113.494000, 2.343000 
51.030100, -114.041200, 0.782000 
53.561900, -113.506000, 0.702000 
56.524400, -113.464600, 0.509000 
53.343900, -114.323700, 0.157000 
53.343700, -113.184000, 3.980700 
54.285000, -115.698200, 9.150000 
52.196969, -112.869740, 0.750000 
52.470100, -114.346400, 1.394400 
55.250000, -116.290000, 0.888000 
52.380000, -114.140000, 1.616000 
52.866700, -112.200000, 10.039000 
51.435000, -111.755000, 6.961000 
53.329400, -114.290300, 14.033000 
52.965200, -115.243900, 0.575000 
53.034200, -115.290800, 0.915000 
55.110500, -119.199000, 0.751000 
49.591390, -114.028330, 1.049100 
50.266657, -112.836800, 1.696800 
52.632400, -110.289800, 0.547000 
54.175700, -119.534400, 0.530000 
53.491700, -114.581700, 0.560000 
54.623400, -118.192200, 2.450000 
54.125100, -116.816700, 1.859000 
52.641400, -115.125800, 2.795000 
53.379400, -117.634100, 0.631000 
51.002100, -113.897900, 0.557000 
51.157600, -114.191600, 15.773000 
53.678600, -113.804600, 1.427000 
53.007200, -117.327200, 0.579000 
50.845000, -111.684000, 2.420100 
55.998000, -118.532200, 2.111000 
54.863300, -119.001700, 0.915000 
59.253700, -119.084100, 2.004000 
57.347300, -119.552100, 2.042000 
52.102500, -114.426100, 0.622000 
51.905900, -114.594200, 0.552000 
56.517400, -115.693200, 4.390000 
54.867000, -119.224300, 0.622000 
53.604400, -111.322600, 0.516000 
56.193600, -110.950600, 8.942000 
52.420200, -115.198500, 0.502000 
55.110500, -119.185900, 2.077000 
55.527900, -110.873800, 8.399000 
54.226800, -118.628100, 1.915000 
53.666600, -115.632200, 1.224000 
55.666400, -110.714000, 4.220100 
56.411700, -110.937600, 133.817000 
53.019700, -112.193800, 0.693000 
55.233400, -115.069700, 2.120000 
53.054200, -114.935400, 0.980400 
52.697300, -111.200700, 0.512300 
52.047700, -113.673500, 0.716700 
52.395800, -110.504900, 0.933700 
50.413600, -112.006400, 0.642000 
56.546500, -115.248000, 1.438400 
54.590500, -115.856500, 0.677800 
52.594100, -114.879300, 0.798100 
51.898100, -113.567200, 2.264000 
56.173100, -116.199000, 1.877300 
56.303500, -116.556300, 1.819000 
54.323000, -110.250000, 1.975000 
54.656560, -119.915230, 0.742800 
54.441400, -116.121600, 0.528000 
57.545800, -119.110200, 1.293000 
55.662600, -111.257700, 54.379000 
53.975700, -117.287500, 2.023000 
55.997100, -113.473700, 1.600000 
56.284800, -116.111700, 87.430500 
51.716800, -114.642400, 0.932000 
55.608800, -118.003600, 0.807100 
55.640500, -117.119300, 7.351500 
53.791200, -114.612900, 0.302000 
55.489500, -118.325200, 4.610100 
55.201800, -117.914900, 1.021000 
53.350200, -110.845800, 9.569000 
55.031700, -115.592400, 0.740000 
54.710600, -117.615400, 1.476000 
54.349300, -111.382500, 1.458100 
53.499200, -116.805300, 1.573000 
53.352500, -110.112200, 2.184000 
54.612700, -118.213800, 0.751000 
54.674500, -115.292600, 2.442000 
49.696800, -114.201400, 0.801000 
56.113500, -111.829300, 4.422400 
52.758000, -114.107400, 1.952000 
52.950900, -115.104400, 0.550000 
51.551400, -113.064300, 0.869000 
50.442800, -111.519600, 2.219000 
52.211100, -113.268100, 0.614000 
53.608500, -115.435600, 0.648000 
56.143400, -119.360900, 1.494000 
53.554250, -114.962760, 7.857000 
54.226800, -118.628100, 1.930000 
51.743600, -113.251600, 7.243000 
55.699700, -118.129900, 2.811600 
55.784600, -117.073300, 0.830000 
50.517100, -111.365900, 0.856300 
50.515600, -111.370600, 0.501700 
50.196600, -111.343600, 1.043300 
50.520200, -111.372300, 1.385700 
53.459500, -115.516300, 0.767000 
54.579500, -114.723100, 0.503000 
54.345700, -118.405600, 0.041000 
53.501700, -112.072600, 2.210000 
53.559500, -113.699200, 1.019000 
51.290900, -113.986800, 0.577000 
52.459500, -113.729500, 2.807800 
53.241400, -113.838700, 0.894000 
51.971600, -114.492500, 0.868400 
53.263300, -114.467900, 0.680000 
51.741800, -113.350300, 0.160000 
55.711400, -116.603500, 1.011600 
55.752800, -118.684100, 14.580000 
55.641500, -117.328600, 1.170700 
49.702567, -112.786857, 10.570000 
53.392300, -115.310000, 2.693500 
56.288300, -116.864000, 4.498500 
56.302800, -116.244700, 3.522800 
53.584400, -113.547900, 11.168000 
51.012100, -114.026800, 4.493000 
53.767200, -112.809500, 6.800000 
54.541100, -118.179200, 4.047000 
54.439400, -118.250400, 6.706000 
53.029200, -112.805800, 0.008000 
53.855600, -116.983600, 0.721700 
53.647500, -113.622100, 2.913000 
53.943100, -118.746600, 0.541000 
52.852500, -110.472600, 0.647000 
52.706500, -110.110100, 1.101000 
52.646900, -110.169800, 0.923000 
52.758000, -115.310300, 2.683000 
51.074900, -114.138700, 0.711000 
53.819900, -112.764600, 7.304000 
57.286600, -111.599500, 8.657000 
53.761700, -113.679100, 0.700000 
57.335400, -111.755600, 173.650200 
53.907100, -112.731200, 1.201000 
58.768400, -111.098300, 0.620000 
51.654800, -114.186600, 0.818000 
53.587400, -113.364700, 2.900000 
49.873500, -111.613400, 0.739000 
50.539600, -111.825500, 0.746000 
50.622600, -111.659200, 1.609000 
50.079800, -110.790300, 53.281000 
53.589200, -117.458900, 1.416000 
55.340500, -119.218500, 0.910000 
55.742300, -118.087700, 0.785000 
55.026700, -114.378900, 0.672000 
51.399400, -114.004900, 1.398000 
51.530700, -112.035500, 2.365000 
55.615900, -118.139500, 2.207000 
54.006600, -119.105500, 310.683000 
53.248700, -115.388000, 2.133000 
53.573700, -113.348400, 0.790000 
51.165500, -114.222000, 2.474900 
49.944200, -111.810100, 1.036000 
55.550600, -117.328600, 0.540100 
55.616000, -117.360800, 0.752600 
54.503700, -115.487800, 0.490000 
50.398900, -112.000800, 0.689100 
53.066600, -115.533500, 0.535600 
49.736700, -111.451600, 0.959000 
53.151800, -116.133900, 0.527000 
50.851900, -113.505200, 6.191000 
49.974100, -110.576900, 3.733000 
53.806900, -113.687400, 1.381000 
55.553200, -118.818900, 1.065000 
53.007100, -115.324700, 0.562000 
55.186600, -119.470500, 0.558000 
53.149400, -114.731900, 1.070000 
52.757100, -113.932900, 1.174000 
51.434400, -114.231100, 1.050000 
55.997900, -117.730100, 0.914000 
55.993100, -117.669100, 0.815000 
51.219100, -114.640500, 0.583000 
53.745500, -118.310800, 0.519000 
56.279900, -119.038100, 0.632000 
50.013318, -112.151393, 0.528000 
57.791895, -118.679520, 1.203000 
54.335600, -116.569800, 0.516000 
54.514200, -116.575800, 1.126000 
52.725065, -110.460330, 0.591000 
53.222701, -115.199115, 0.863000 
50.317100, -111.068800, 0.726000 
54.198700, -118.540300, 1.392000 
53.065600, -114.674400, 1.778000 
52.991200, -114.699200, 0.789000 
51.793100, -114.352900, 0.924000 
53.002100, -114.675100, 1.712000 
52.994900, -114.699200, 0.678000 
53.044900, -114.199900, 0.529000 
51.210600, -114.254400, 1.296000 
53.044400, -114.221300, 0.959000 
53.006100, -114.707300, 1.784000 
55.351300, -117.420400, 1.051000 
51.855153, -114.748583, 0.768000 
55.041500, -119.631000, 4.408000 
53.354207, -115.759751, 0.947000 
53.077847, -114.662900, 0.858000 
53.932050, -116.915300, 0.781000 
53.136060, -114.681100, 4.672000 
53.088750, -114.680900, 1.253000 
53.099255, -114.315220, 1.158000 
53.362060, -110.167100, 0.558000 
54.317720, -118.696600, 0.905000 
54.288620, -118.740400, 0.766000 
54.303260, -118.653100, 0.621000 
54.281410, -118.646600, 0.688000 
54.463199, -119.112978, 0.555000 
54.452969, -119.114644, 1.473000 
55.666382, -110.714044, 19.188800 
56.743540, -112.791300, 0.770000 
54.346330, -115.437300, 0.545200 
51.306323, -114.379635, 1.655100 
56.147110, -116.294328, 103.274000 
52.162940, -110.621170, 2.132000 
52.003660, -114.446300, 0.950000 
55.815390, -111.444400, 2.286000 
58.258120, -119.370920, 0.724000 
51.913910, -114.477000, 2.050000 
50.509360, -111.334264, 0.778600 
51.919097, -110.927455, 0.882500 
52.726153, -114.417716, 0.523000 
56.516487, -115.935907, 2.191900 
50.508703, -111.354642, 2.805200 
55.459690, -114.769748, 1.903000 
51.397200, -114.484400, 0.870000 
56.113140, -111.715340, 2.447300 
52.972520, -116.355900, 0.607000 
52.463020, -114.346890, 2.680000 
56.723300, -112.775200, 1.300000 
54.412270, -118.753150, 0.844000 
53.549000, -113.755000, 0.522000 
50.153177, -113.378808, 0.926100 
54.271530, -115.716900, 0.783000 
52.555940, -112.011300, 0.500000 
52.258050, -113.880800, 0.208000 
51.363330, -113.606940, 0.799900 
49.609300, -112.180770, 0.970000 
51.880360, -115.232800, 0.529000 
54.555876, -115.724755, 0.549000 
56.139855, -116.685909, 0.940000 
53.210128, -115.594274, 0.940000 
53.208699, -115.601169, 0.532800 
54.794218, -115.320030, 0.610100 
56.306537, -116.844210, 2.788500 
56.288289, -116.851027, 2.322900 
53.696100, -114.630500, 0.482000 
52.333053, -111.048566, 0.973100 
51.026500, -113.941900, 1.360000 
