56.377200, -117.175600, 1.022000 
53.344000, -114.305000, 0.549000 
51.531700, -111.786100, 0.001000 
53.529100, -113.387500, 1.608800 
53.571700, -113.349800, 0.220000 
53.841600, -113.097900, 0.001500 
57.003300, -111.466100, 0.282100 
57.040500, -111.619200, 1.183000 
53.560000, -114.486200, 0.040000 
53.508500, -114.557100, 2.343000 
53.448700, -114.449100, 0.067000 
55.071200, -118.691200, 0.134000 
53.413300, -117.570600, 0.072000 
49.717200, -112.781900, 0.000400 
53.581600, -113.599100, 0.012000 
53.507791, -113.486900, 0.033000 
51.001450, -113.975960, 0.043600 
53.512500, -113.424700, 0.229700 
57.351700, -111.522200, 0.012300 
