55.996700, -118.533600, 3.562000 
53.539700, -113.409200, 8.690000 
56.377200, -117.175600, 171.968900 
53.833100, -113.108900, 0.300000 
53.344000, -114.305000, 358.625000 
53.733200, -113.175000, 24.423800 
53.288500, -110.018300, 1.474500 
52.146300, -115.330000, 8.257100 
50.747700, -114.494700, 9.423000 
54.952700, -119.195300, 9.687000 
53.952700, -113.078000, 0.711000 
54.572300, -115.522900, 2.074000 
54.596400, -110.395000, 68.482000 
55.335900, -119.223000, 2.595000 
50.647500, -113.772000, 3.320000 
54.194400, -116.632200, 7.890000 
53.546800, -113.734800, 1.670800 
53.245000, -115.674300, 2.640000 
53.746900, -113.164500, 0.590000 
53.718500, -113.183000, 0.003000 
54.144400, -115.691700, 0.870000 
49.789400, -112.126100, 3.657000 
54.179100, -115.806000, 0.762000 
52.564700, -112.141400, 400.152000 
51.531700, -111.786100, 55.305000 
54.007100, -119.104000, 28.090000 
51.742300, -114.134500, 1.730000 
52.496000, -114.988000, 2.724900 
50.675600, -110.025000, 2.566000 
53.529100, -113.387500, 29.504600 
52.322100, -113.516600, 0.382000 
53.571700, -113.349800, 103.432600 
52.959300, -115.893800, 3.940000 
51.637200, -112.866000, 2.007000 
52.776100, -115.660700, 3.990000 
52.758100, -114.111600, 8.820000 
52.226300, -115.177000, 7.870000 
58.500000, -119.416700, 6.222400 
53.089200, -116.805900, 0.214000 
53.559200, -113.388800, 0.033900 
52.940400, -114.832300, 4.800000 
55.725100, -119.399900, 8.320000 
52.308300, -113.550000, 169.904000 
49.713599, -112.796397, 1.096000 
51.191300, -113.940900, 12.579000 
49.305200, -114.000300, 13.211200 
51.039600, -114.559000, 15.400000 
51.965500, -114.753600, 19.436000 
56.380600, -116.795000, 6.593000 
53.722900, -113.174000, 0.080000 
53.721700, -113.191700, 21.711000 
53.841600, -113.097900, 135.640000 
53.652000, -116.099200, 1.177000 
54.423300, -117.760400, 7.200000 
57.003300, -111.466100, 403.664100 
57.040500, -111.619200, 862.644000 
53.560000, -114.486200, 14.874000 
53.508500, -114.557100, 924.804000 
53.448700, -114.449100, 227.114000 
52.385800, -113.595000, 0.023500 
51.181625, -114.472100, 0.180000 
51.022770, -114.027660, 0.412600 
52.033030, -113.938910, 37.564000 
53.227700, -114.988900, 4.300000 
53.593060, -116.390300, 82.675000 
51.570800, -114.851700, 0.708000 
55.070600, -118.688800, 0.722100 
50.846700, -113.581170, 25.160000 
55.071200, -118.691200, 49.431000 
53.795900, -113.099600, 11.700000 
53.804200, -113.082400, 7.911000 
53.413300, -117.570600, 261.102000 
50.845800, -113.586700, 6.781400 
53.533000, -113.411500, 0.748000 
54.141900, -115.704200, 0.026000 
53.541700, -113.391700, 247.100000 
53.181200, -115.762500, 232.545000 
51.219500, -114.645400, 1.820000 
50.805300, -110.034900, 4.968000 
54.833300, -118.646700, 11.453000 
54.524700, -116.794300, 2.268000 
52.553700, -111.694000, 0.358000 
54.130900, -115.546700, 0.686000 
53.204500, -116.811200, 5.554100 
50.086600, -110.716700, 13.509000 
53.550500, -113.358900, 86.084600 
58.555500, -118.915900, 0.880000 
51.526000, -113.880000, 1.243100 
51.696900, -114.475000, 9.935000 
55.248100, -114.514000, 1.110000 
53.022700, -112.811400, 0.001000 
54.772900, -110.579000, 77.302000 
54.185400, -116.210400, 8.870000 
51.400100, -114.034300, 4.835300 
53.757500, -113.149900, 2.706000 
51.926500, -114.542700, 0.700000 
54.427200, -116.884300, 9.340000 
53.132300, -115.981700, 6.340000 
55.913200, -115.150400, 0.401000 
52.035300, -115.137700, 4.832800 
53.728270, -113.235520, 15.465000 
54.510900, -115.511700, 5.290000 
53.283800, -110.031900, 15.606800 
50.061200, -110.723000, 0.444400 
55.481900, -119.059200, 4.922000 
51.789600, -114.702800, 2.322800 
49.701943, -112.803037, 3.351000 
54.238200, -115.379700, 2.000000 
53.721800, -113.192700, 1.170000 
53.725400, -113.193000, 5.630000 
55.029800, -118.744000, 458.780000 
55.041500, -119.631000, 0.385000 
49.758379, -112.452561, 1.700000 
55.273300, -114.599700, 0.128500 
55.162300, -118.816600, 1.937000 
53.505652, -113.412963, 0.939000 
49.628100, -114.571900, 2.980000 
50.848000, -113.581300, 0.020000 
57.546300, -119.112600, 0.530000 
55.040000, -115.475800, 4.380000 
50.597600, -111.881800, 29.540000 
50.583700, -113.871100, 21.552600 
53.250200, -115.555500, 1.810000 
55.489100, -119.750800, 11.420000 
49.723497, -112.785116, 0.234000 
53.581600, -113.599100, 16.230000 
55.876700, -119.301100, 0.809000 
51.222500, -114.495600, 7.416000 
53.576280, -113.317500, 0.553200 
51.060740, -113.995090, 0.349000 
53.557500, -116.547200, 11.595000 
59.063100, -118.875700, 0.769600 
53.817200, -113.133600, 14.716000 
52.095600, -114.799300, 0.447000 
51.058900, -115.174500, 168.400000 
51.000700, -113.965670, 0.308800 
51.004210, -113.989400, 0.345000 
52.940500, -112.721400, 1.157000 
52.327100, -112.718300, 14.360000 
56.904200, -117.633600, 3.410000 
53.670500, -115.762200, 1.024000 
53.723500, -113.173800, 6.082000 
50.058200, -110.728200, 11.590000 
54.133300, -115.366600, 8.147000 
53.719000, -113.205600, 0.061800 
55.074200, -117.274200, 2.056000 
58.194700, -116.350400, 3.268600 
55.199400, -116.221900, 1.045000 
55.993500, -113.480500, 1.717000 
53.576900, -113.570600, 0.657000 
53.799100, -113.080700, 7.159000 
58.518800, -117.119500, 119.593100 
54.139800, -115.689100, 1.783000 
54.587200, -112.803100, 0.533000 
53.332300, -113.524100, 0.140600 
49.693900, -112.096200, 4.330000 
53.498600, -113.387900, 0.001000 
53.616600, -115.711100, 0.030000 
55.833000, -119.470000, 0.030000 
53.902300, -115.189300, 2.130000 
53.740700, -113.023100, 14.967000 
52.212400, -113.843700, 2.465000 
52.228400, -114.397700, 2.143000 
51.189400, -113.937800, 3.635000 
52.766100, -114.285600, 0.677500 
53.593600, -113.335600, 0.080000 
57.298900, -111.503300, 20.790000 
49.725296, -112.798487, 2.503700 
50.040920, -110.721904, 5.806000 
50.443600, -110.882500, 6.231000 
49.801900, -113.104700, 0.130000 
50.269600, -112.893800, 3.005000 
49.789000, -112.134440, 7.750000 
52.308300, -113.550000, 767.299000 
51.910600, -114.668100, 1.682000 
58.447100, -119.238300, 4.087500 
53.402700, -117.599300, 1.946000 
50.577200, -111.178100, 0.523000 
56.981400, -111.462500, 0.320000 
52.869000, -115.101000, 0.770000 
50.671900, -110.028900, 1.476000 
52.904700, -115.324700, 0.568000 
55.582700, -110.888800, 6.123000 
55.069600, -110.536100, 34.177000 
53.373100, -116.086000, 1.148000 
51.006900, -113.192800, 3.452000 
52.308800, -113.790000, 1.666000 
57.351700, -111.522200, 24.798000 
53.628800, -113.307700, 3.885000 
51.154200, -114.187700, 6.268000 
51.028800, -114.044800, 5.541000 
53.519600, -113.529000, 3.203000 
51.024500, -114.025000, 9.920000 
52.315900, -113.850000, 2.415100 
50.847000, -113.591000, 5.100000 
53.819400, -113.141900, 2.840000 
54.043500, -117.420000, 1.389000 
49.975700, -114.130000, 0.641000 
52.058000, -114.908000, 0.673000 
52.983100, -112.189800, 0.394000 
54.829600, -118.647000, 1.955000 
51.099300, -112.639000, 0.659000 
53.960200, -116.460000, 0.681000 
54.483500, -118.100000, 0.978000 
57.188000, -118.248900, 1.298000 
52.719000, -115.708000, 0.384000 
55.450900, -113.923000, 0.449000 
50.697800, -111.531000, 0.571000 
51.943400, -114.736000, 2.395000 
53.470500, -116.496100, 1.501000 
50.693800, -114.330000, 1.436000 
52.355300, -115.332000, 1.119000 
51.444300, -114.527000, 0.987000 
53.244500, -116.238000, 1.413000 
53.481700, -113.489000, 1.310000 
51.015020, -114.026480, 21.331000 
51.068200, -115.136400, 50.467000 
53.862700, -110.639000, 0.470000 
52.479300, -115.206900, 1.884000 
53.431000, -117.540600, 0.080000 
53.010600, -112.810000, 0.140000 
52.255700, -113.886000, 0.303000 
53.645100, -114.130200, 0.450000 
53.555610, -113.633750, 0.038000 
52.028360, -113.954260, 2.170000 
53.584100, -113.614400, 2.192000 
51.407800, -113.668300, 0.929000 
50.963300, -112.288300, 1.051000 
50.676800, -110.018000, 0.798000 
53.066500, -117.404800, 12.700000 
56.981400, -111.475800, 0.925000 
53.543100, -117.797900, 0.359000 
52.588100, -111.206100, 0.011000 
57.054200, -111.917200, 1.024000 
52.821600, -110.888700, 0.012000 
53.943200, -113.596900, 122.000000 
54.293100, -116.188300, 4.010000 
53.826700, -113.603300, 1.858000 
53.039700, -111.220000, 1.667000 
55.866700, -119.596700, 0.582000 
53.559040, -113.693580, 0.772600 
50.991700, -114.030300, 0.158000 
51.168600, -114.210900, 1.185500 
50.991500, -114.030100, 0.953600 
53.659500, -113.478300, 0.317000 
51.065300, -115.221100, 0.880000 
55.736900, -117.185800, 14.142000 
55.757600, -118.696700, 1.194000 
53.550100, -113.775600, 11.158000 
53.501040, -113.489732, 4.393200 
52.375200, -114.921600, 9.834800 
50.026580, -110.665700, 6.818300 
51.020210, -114.019246, 12.625000 
49.878996, -112.774388, 0.394800 
49.790600, -112.131400, 0.603000 
53.573220, -113.316410, 1.074000 
53.303500, -113.577500, 0.505000 
53.569900, -118.021800, 0.329000 
55.969400, -117.575600, 0.312900 
52.412900, -114.407600, 0.982500 
55.750300, -119.684300, 0.323700 
49.976800, -112.042900, 0.511900 
50.194700, -110.479700, 0.398000 
49.784800, -112.151000, 0.405000 
52.843200, -111.722800, 0.342000 
53.537900, -111.785100, 0.548000 
53.635900, -112.019200, 0.630000 
51.791700, -111.536400, 0.405000 
52.555700, -111.805300, 0.449000 
56.036800, -113.782500, 0.386000 
52.402900, -111.736200, 0.388000 
55.644000, -114.659700, 1.119000 
54.897200, -117.708800, 0.384000 
54.221800, -110.584200, 0.492000 
50.471500, -111.606500, 1.606000 
53.155900, -112.326700, 0.680000 
55.869500, -112.001200, 0.453000 
55.924000, -111.896500, 0.451000 
52.923200, -115.107500, 0.651000 
52.779800, -113.629900, 0.301000 
52.322800, -114.020800, 0.653000 
58.568700, -119.201500, 2.264000 
55.985900, -119.955800, 0.673000 
54.138100, -111.908300, 0.418000 
53.643300, -111.426700, 0.439000 
53.862200, -111.637100, 0.442000 
49.809200, -110.320500, 0.620000 
55.396400, -119.599700, 1.061000 
53.956700, -111.172600, 0.303000 
53.796100, -111.941900, 0.765000 
53.766900, -112.203100, 0.825000 
50.129400, -111.908400, 3.126000 
53.977100, -117.285100, 0.404000 
55.328700, -119.388000, 0.375000 
55.720300, -119.094700, 0.367000 
54.494400, -115.957600, 0.817000 
54.538100, -115.932300, 0.629000 
54.650900, -114.528900, 1.086000 
52.544800, -110.713600, 0.290000 
58.943200, -118.916800, 5.501000 
59.230700, -119.275900, 0.671000 
59.067000, -118.875900, 2.341000 
58.975900, -119.118700, 0.082000 
59.005100, -119.033200, 0.404000 
57.364000, -119.763000, 0.385000 
52.588400, -113.161800, 0.400000 
52.180900, -112.647600, 0.467000 
51.893700, -114.400400, 0.560000 
52.480900, -114.870200, 0.389000 
52.544800, -114.641600, 0.376000 
52.319300, -111.477600, 1.250000 
51.955400, -111.845300, 0.311000 
51.977300, -111.173400, 0.321000 
52.333700, -111.357300, 2.554000 
51.962900, -111.016100, 2.030000 
51.911800, -111.188100, 1.846000 
52.515700, -113.173800, 1.347000 
52.104400, -110.695000, 1.427000 
52.020900, -110.809400, 0.264000 
52.421200, -110.388600, 1.147000 
52.264500, -110.570500, 0.260000 
50.737400, -112.084900, 0.516600 
50.838700, -111.520100, 0.402000 
52.166500, -113.256300, 0.558000 
54.785300, -117.658000, 4.305000 
55.494700, -119.289500, 0.717000 
49.852100, -111.665000, 2.523000 
51.682500, -111.293600, 0.853000 
54.290800, -116.918700, 0.307000 
51.488700, -113.153900, 0.652100 
53.719800, -113.596300, 0.643000 
50.675000, -110.049200, 0.878000 
53.416800, -113.917700, 0.747000 
53.137600, -113.794100, 0.923000 
55.305700, -115.046100, 0.411000 
57.189700, -119.054800, 0.477300 
53.821500, -113.490400, 5.162200 
56.964500, -117.007100, 0.595800 
52.366500, -112.734900, 0.717600 
52.479300, -110.936100, 1.449000 
53.861500, -114.756100, 0.400000 
57.153300, -118.334500, 0.626000 
51.333400, -110.667500, 0.340000 
51.959000, -110.767500, 0.320000 
51.773700, -114.222900, 0.568000 
51.991800, -110.928600, 1.304000 
56.069400, -119.877200, 1.118000 
50.220300, -112.444200, 0.544000 
49.521900, -112.859000, 0.487000 
51.919000, -114.394600, 0.196000 
51.897200, -115.040200, 0.041000 
52.104400, -115.161600, 0.267000 
51.828100, -114.980700, 0.198000 
53.035800, -115.965300, 0.310000 
53.912600, -116.745100, 0.082000 
54.207000, -117.169300, 1.853000 
57.338900, -119.657100, 0.447000 
57.193700, -118.199700, 5.718000 
57.502800, -118.745700, 1.965000 
57.338900, -118.460000, 0.695000 
55.396500, -110.737300, 0.281000 
55.509300, -114.146900, 0.004000 
55.585600, -117.891600, 5.182000 
53.159500, -114.902800, 0.601000 
54.829200, -119.490000, 0.301000 
54.607200, -119.332000, 0.323000 
54.720000, -119.110600, 1.525000 
52.544800, -114.545200, 0.691000 
53.103200, -115.363400, 1.124000 
52.814000, -114.786000, 0.458000 
52.708400, -115.428900, 0.781000 
53.828700, -115.943000, 0.304000 
53.326800, -116.168000, 0.332000 
49.958300, -113.556600, 0.402000 
53.076000, -111.299800, 0.375000 
53.777900, -115.974200, 0.318000 
54.985600, -119.828100, 0.335000 
51.065100, -114.130500, 0.694000 
51.180450, -113.937280, 4.631000 
53.013900, -116.258600, 0.539000 
52.703800, -114.572500, 0.751000 
51.027000, -114.018600, 1.390000 
54.130600, -119.218900, 0.871000 
52.272200, -111.031700, 0.440000 
53.745000, -110.748900, 0.372000 
51.213300, -111.355600, 0.489000 
55.069400, -113.313900, 0.705000 
53.499300, -116.805300, 1.243000 
50.718600, -111.322200, 1.434000 
51.620800, -112.069400, 0.361000 
55.432800, -114.807200, 1.890000 
55.913200, -115.143700, 0.651000 
57.004500, -113.188600, 1.290000 
52.915800, -113.022500, 1.348000 
51.635300, -112.531400, 1.055000 
51.449700, -111.571700, 0.761000 
54.447400, -117.523700, 0.571000 
55.334700, -119.405300, 0.657000 
56.135000, -113.028300, 0.852000 
56.338600, -110.829200, 0.477000 
56.134800, -113.201300, 1.250000 
53.997000, -111.569200, 0.668000 
54.130600, -115.231400, 0.477000 
54.685600, -117.414400, 0.466000 
54.523500, -113.846300, 0.318000 
54.612500, -118.214300, 1.516000 
53.215900, -116.497000, 0.439000 
54.102500, -112.310200, 0.431000 
55.631500, -112.189600, 0.535000 
50.567300, -111.213500, 0.370000 
54.510600, -117.501800, 0.317000 
52.155600, -113.529700, 0.594000 
54.702500, -112.900400, 0.314000 
53.770600, -117.601400, 5.081000 
54.760400, -113.959500, 0.498000 
53.583000, -116.842000, 0.825000 
54.803600, -110.347500, 0.448000 
54.687300, -117.588700, 0.650000 
54.528700, -117.464200, 0.443000 
56.199000, -110.675100, 1.975000 
50.002600, -111.695600, 1.904000 
56.302200, -112.309400, 0.324000 
50.047200, -113.556900, 0.343000 
55.823000, -110.792300, 0.398000 
50.511400, -111.289400, 0.492000 
56.622700, -119.946500, 3.092000 
54.294400, -111.306700, 0.311000 
50.191900, -111.301800, 0.586000 
53.714300, -110.747300, 0.396000 
54.974300, -117.285800, 0.434000 
50.231100, -111.434000, 1.248000 
54.206700, -116.766700, 0.360000 
53.706600, -117.241000, 0.210000 
53.928400, -116.717200, 0.170000 
51.971600, -112.630300, 0.302000 
52.544700, -112.902200, 0.380000 
51.691800, -112.224000, 0.541000 
53.197300, -114.098200, 0.453000 
55.993100, -119.771100, 0.520000 
55.265600, -114.601400, 3.353600 
53.388600, -115.315800, 1.600000 
55.146800, -114.517100, 0.800200 
54.541800, -117.884100, 0.842000 
50.397600, -113.925500, 0.778000 
56.556900, -119.363900, 0.809000 
52.304700, -116.206100, 0.468900 
53.706600, -115.976300, 2.678000 
50.770500, -111.098100, 0.800000 
50.653300, -111.166100, 0.750000 
50.576700, -112.630300, 0.318000 
51.024500, -111.642800, 2.173000 
51.552500, -111.490600, 0.522000 
51.176900, -112.055300, 0.494000 
52.091000, -112.761500, 0.280000 
52.851400, -114.046900, 0.959000 
51.137900, -111.577600, 0.601000 
55.781200, -114.307200, 0.348000 
52.197100, -114.367700, 0.316000 
53.825000, -115.556700, 0.531000 
55.245100, -119.689000, 0.378000 
57.066100, -114.777500, 7.340000 
56.880600, -114.757200, 1.300000 
56.796900, -114.349300, 0.430000 
57.309200, -114.856300, 0.920000 
56.960600, -114.716900, 1.050000 
56.215000, -110.968100, 0.361000 
52.260500, -113.816600, 0.404000 
55.639400, -118.984300, 0.340000 
52.366300, -114.963000, 1.875000 
55.666900, -117.761600, 0.668000 
55.651800, -111.084400, 2.724000 
55.432800, -118.041700, 0.341000 
56.731500, -115.611500, 0.511000 
54.348900, -119.463300, 1.840000 
52.399300, -115.020500, 0.566000 
57.418900, -119.675000, 0.352000 
56.300000, -119.097900, 0.729000 
57.374300, -119.234900, 1.306000 
57.303800, -114.973000, 0.304000 
55.769300, -118.567800, 0.359000 
54.033400, -117.756900, 1.143000 
54.965100, -119.306800, 1.959000 
56.091600, -111.039700, 0.342000 
52.140800, -112.157200, 0.349000 
55.954200, -117.710800, 0.621000 
51.495900, -114.210100, 0.545000 
50.202700, -110.661300, 0.425000 
50.336700, -110.135000, 0.704000 
50.294200, -110.593500, 0.520000 
50.191100, -110.259400, 0.343000 
53.337800, -111.243900, 0.750000 
52.090700, -112.766700, 1.080000 
56.098600, -119.288100, 0.320000 
49.698011, -112.823139, 0.019000 
50.278300, -111.468400, 0.457000 
50.289400, -112.007500, 0.304000 
50.671500, -111.695300, 0.710000 
51.126200, -112.359500, 0.660000 
50.675000, -111.762200, 0.573000 
50.802300, -111.902000, 0.564000 
50.795100, -112.017800, 0.721000 
50.893400, -112.174000, 0.475000 
50.915100, -112.451700, 1.177000 
50.707900, -112.353400, 0.379000 
50.711500, -112.394000, 0.613000 
51.402600, -112.918100, 0.557000 
50.889400, -113.406800, 0.561000 
51.402600, -113.247400, 0.493000 
50.984300, -113.444300, 0.347000 
51.075100, -113.409300, 0.365000 
50.766500, -111.946400, 0.526600 
55.520300, -119.315300, 0.470000 
57.931900, -117.835000, 0.704000 
58.081200, -117.635600, 0.815000 
57.266800, -114.892000, 0.347000 
52.708400, -114.446600, 0.815000 
52.777600, -114.234300, 0.960000 
52.807000, -114.258600, 0.690000 
52.912000, -114.064600, 0.527000 
50.165800, -111.052800, 0.344000 
50.223900, -110.761900, 1.647000 
50.224000, -110.037500, 1.332000 
50.398600, -110.503300, 10.132000 
50.573100, -111.177500, 0.654000 
50.700700, -110.478000, 0.913000 
50.700600, -110.772500, 0.406000 
52.574000, -115.393600, 0.390000 
52.217300, -112.307300, 0.600000 
56.095100, -113.448600, 3.131000 
50.700700, -111.022200, 0.317000 
50.314700, -111.968400, 1.402000 
50.631500, -111.022200, 3.717000 
50.336800, -111.169800, 0.695000 
53.148600, -111.195000, 0.905000 
52.457600, -113.576800, 0.866000 
53.254000, -113.048200, 0.543000 
53.064800, -110.608900, 0.900000 
51.239700, -115.564600, 0.321000 
50.755100, -112.162300, 0.539000 
51.766200, -111.963700, 0.343000 
50.922300, -112.003700, 0.330000 
55.633700, -119.575000, 1.005000 
50.333200, -111.732800, 1.565000 
53.837900, -113.933100, 0.447000 
55.771100, -119.828100, 0.402000 
53.188700, -115.642200, 0.470000 
51.439000, -112.054500, 0.412000 
51.359000, -112.360100, 1.166000 
51.784500, -113.402700, 0.428000 
51.531300, -113.276300, 0.589000 
51.642600, -113.337700, 1.722000 
53.374300, -114.527900, 1.109000 
53.989000, -116.950100, 0.626000 
53.228700, -115.104400, 0.613000 
54.323400, -115.677500, 1.200000 
51.726200, -114.436000, 0.335000 
54.509700, -110.909900, 0.313000 
52.435700, -113.390400, 0.128000 
55.433300, -116.483200, 0.841000 
51.971000, -114.052700, 0.417400 
52.272100, -110.435700, 0.491300 
52.450400, -110.851900, 2.683000 
52.482800, -110.026900, 3.261000 
51.093400, -112.820100, 0.332600 
52.275700, -114.218800, 1.005300 
51.871800, -112.887600, 0.337400 
52.439300, -110.316400, 0.695900 
56.613100, -112.849000, 0.739000 
56.233200, -113.896400, 0.769200 
49.569200, -112.149200, 0.463800 
50.587900, -111.815100, 1.072600 
50.711900, -111.057400, 0.547200 
49.470800, -112.173400, 0.692200 
54.800000, -119.106100, 2.313500 
53.428700, -116.722200, 0.483900 
53.635900, -116.931800, 0.892600 
49.900300, -111.817000, 0.334000 
50.245900, -111.296200, 0.827900 
55.956800, -115.346800, 0.408100 
50.485900, -111.702200, 1.242000 
50.689500, -111.554800, 0.767000 
52.610400, -114.821800, 0.857000 
50.897000, -111.693700, 0.991000 
50.522300, -111.652300, 0.695000 
58.568700, -119.061500, 1.882000 
56.313200, -111.636200, 14.977000 
54.268900, -111.143600, 0.367800 
57.877200, -119.740900, 0.597000 
49.652800, -111.231900, 0.129000 
53.561500, -116.577900, 13.495000 
56.560600, -119.031700, 0.616000 
52.042900, -114.588800, 0.790000 
53.974300, -114.923900, 0.470000 
52.759300, -115.531900, 0.360000 
49.816400, -112.070100, 0.070000 
52.522900, -111.634000, 0.064000 
49.791100, -112.557000, 0.051000 
49.761900, -113.394800, 0.035000 
50.693100, -111.322200, 0.320000 
51.739900, -113.351900, 0.390000 
52.326500, -114.515200, 0.379800 
54.963600, -117.670700, 0.960000 
52.359300, -113.715200, 0.356400 
58.615900, -119.015700, 0.385000 
58.466800, -118.788700, 1.606000 
58.761500, -118.690400, 1.285000 
49.697836, -112.821799, 0.466000 
55.254700, -118.930800, 1.319000 
55.254700, -118.917800, 0.859000 
54.538100, -119.066400, 0.533000 
55.327500, -119.007800, 0.502000 
56.833400, -113.112100, 0.443000 
59.641800, -118.307800, 1.171000 
51.813600, -112.454200, 0.356000 
54.418100, -116.362000, 0.343000 
54.363300, -116.624000, 1.016000 
54.792900, -115.521700, 3.470000 
55.825900, -115.229000, 0.020000 
50.111100, -111.954000, 0.210000 
54.458200, -115.641400, 0.170000 
53.828700, -115.943300, 0.470000 
54.647300, -115.495800, 1.070000 
53.352200, -115.421100, 1.073600 
51.970000, -110.629400, 0.368400 
55.710300, -116.604200, 0.528200 
55.651200, -116.386000, 1.424000 
51.868200, -110.139700, 0.707200 
53.090400, -115.245000, 0.640900 
53.023200, -114.850900, 0.250000 
53.181200, -114.486800, 0.621100 
52.936200, -114.160900, 1.146000 
52.890400, -114.865000, 0.471600 
55.441300, -116.773800, 0.315300 
56.458600, -119.914300, 0.425400 
54.844900, -115.332400, 1.039000 
52.675900, -110.455200, 0.484100 
56.546600, -115.293500, 0.400100 
53.428700, -115.125800, 1.522900 
56.590200, -115.878400, 0.509400 
58.073200, -118.762000, 0.321100 
52.923200, -110.767700, 0.462100 
53.479400, -115.130800, 0.471600 
52.446500, -114.671600, 0.512100 
52.650400, -115.080800, 1.469700 
53.190400, -114.552300, 0.815700 
52.155700, -110.893800, 3.362600 
52.519400, -110.085200, 1.112700 
53.173900, -114.884600, 0.609200 
50.715500, -110.953700, 0.374300 
57.851600, -119.158100, 0.494200 
52.461400, -114.346900, 0.878700 
53.064700, -116.436900, 1.255500 
53.163100, -117.017800, 0.654100 
57.042500, -111.905000, 7.394700 
55.750400, -119.774500, 0.389100 
55.750400, -119.787600, 0.704000 
56.368500, -115.360700, 0.350700 
56.764300, -115.631800, 1.141500 
50.253200, -111.319200, 0.598000 
50.736800, -113.325700, 0.376000 
54.668900, -118.908300, 0.436000 
55.603900, -119.347800, 0.360000 
54.672800, -118.914700, 0.488000 
54.370800, -116.874800, 0.754500 
52.028200, -114.809600, 0.446000 
52.843100, -115.604700, 0.329000 
52.260900, -114.946900, 0.460000 
50.173400, -112.395600, 0.572000 
50.085600, -111.589000, 0.324000 
50.013100, -112.393100, 0.907000 
50.046300, -112.477200, 0.596000 
52.631800, -110.289700, 0.503300 
52.679300, -110.203900, 0.335900 
49.896400, -111.765600, 2.700000 
54.290800, -118.493200, 0.863300 
58.368300, -118.990000, 0.489000 
58.059200, -118.287500, 0.424000 
50.889400, -114.761800, 2.330000 
49.229200, -114.029100, 5.909000 
49.488900, -113.955100, 8.733000 
52.088200, -115.689400, 0.365000 
51.135900, -114.144900, 0.551000 
51.599900, -115.356900, 0.622000 
53.174000, -114.554100, 0.811000 
52.042800, -114.958800, 0.342000 
53.272300, -114.725300, 0.384000 
52.621200, -112.211500, 1.443000 
53.279500, -111.587000, 2.850000 
52.701200, -112.259500, 0.746000 
55.771100, -119.308900, 1.463000 
54.421700, -117.784300, 0.341000 
53.734200, -118.395600, 0.660000 
52.766700, -116.393000, 0.961100 
55.356400, -118.750600, 0.313000 
56.095100, -118.758700, 0.270000 
55.782200, -119.367200, 1.436000 
54.461800, -111.780100, 0.505000 
53.854300, -117.391200, 0.663000 
55.378300, -118.499700, 1.946000 
56.440600, -119.775700, 0.727000 
54.265300, -116.342000, 0.527000 
54.119800, -116.273100, 0.790000 
53.577900, -116.599000, 0.632000 
54.178700, -117.328400, 3.567000 
53.918400, -117.297000, 0.492000 
56.223300, -119.570800, 0.317000 
52.681000, -110.184000, 0.598000 
52.989300, -114.157900, 0.726000 
52.646900, -110.188000, 0.773000 
52.830300, -116.272200, 1.016000 
52.958200, -114.679900, 0.770000 
52.969300, -110.092700, 0.351000 
55.266800, -112.567900, 0.416000 
56.364200, -119.934300, 0.682000 
55.338100, -118.536700, 2.319000 
50.168300, -112.299800, 0.533000 
50.013100, -112.611500, 1.226000 
50.311700, -112.515100, 0.436000 
56.851800, -115.208100, 0.324700 
52.963700, -111.364700, 0.002900 
52.031800, -112.629500, 0.431800 
55.070800, -118.695000, 0.710000 
53.346200, -113.517200, 2.549000 
53.170400, -115.177800, 0.344000 
53.792300, -114.482500, 0.450800 
53.847000, -114.619400, 0.735700 
53.484800, -115.607600, 1.369000 
53.385100, -115.612800, 2.386000 
53.290400, -115.831900, 0.461000 
52.180900, -113.083200, 0.609000 
53.305100, -115.691100, 0.543000 
53.483200, -115.526400, 0.766000 
52.188200, -110.988300, 1.142000 
49.616400, -111.917300, 3.770000 
50.700700, -112.654200, 0.419000 
55.458400, -116.165600, 0.750000 
55.491170, -116.186500, 2.510000 
55.494700, -116.320000, 0.460000 
55.174800, -112.281000, 0.347000 
54.162360, -115.733900, 3.058000 
54.432500, -116.139700, 0.374300 
52.475700, -111.700100, 0.605000 
55.197120, -118.788450, 0.194000 
52.981500, -112.707700, 1.168000 
52.349900, -110.266600, 1.053000 
49.833300, -111.699800, 11.466000 
49.516600, -112.517500, 1.046000 
52.759300, -114.107100, 0.756000 
51.828200, -111.774200, 0.366000 
51.686200, -110.666900, 0.246800 
56.218700, -116.251300, 7.293300 
56.070600, -119.960500, 0.439000 
54.105400, -117.526500, 1.979000 
55.950000, -110.601900, 0.428000 
49.594700, -111.905900, 1.870000 
56.007600, -113.402800, 3.216000 
54.054200, -118.308700, 0.977000 
56.578600, -119.058300, 0.448000 
53.977900, -116.751200, 3.570000 
55.318300, -116.491800, 0.461000 
53.479500, -115.224400, 0.900700 
50.093100, -110.732800, 0.569000 
53.590480, -116.172680, 0.574500 
51.624500, -112.952600, 0.610000 
51.700900, -112.852000, 0.369000 
52.759300, -114.125200, 0.391000 
51.930100, -113.538800, 0.384000 
53.959800, -111.818700, 0.348000 
54.956400, -119.783300, 0.699000 
55.254700, -119.458100, 0.599000 
53.958000, -118.772800, 0.567000 
55.771200, -115.548700, 2.106000 
52.322900, -114.707700, 0.390000 
56.271846, -111.498890, 0.348000 
54.807300, -115.413300, 3.085000 
54.752900, -115.439200, 1.335000 
54.800000, -115.520600, 4.028000 
55.523900, -119.380300, 0.307000 
53.294000, -115.972500, 0.556000 
53.580200, -112.048700, 0.588000 
54.273400, -110.751000, 0.383000 
54.169000, -115.762200, 0.408000 
52.475700, -110.322500, 0.408000 
56.495700, -115.604300, 0.896000 
56.517000, -116.045500, 5.169000 
52.322900, -110.298300, 0.370200 
52.886800, -110.440200, 0.498200 
50.965800, -114.872700, 0.695800 
50.515100, -111.313400, 0.489500 
50.431200, -111.589200, 0.674000 
58.011900, -119.480700, 0.369000 
56.506100, -119.432000, 0.327000 
49.709466, -112.781685, 0.402400 
52.942400, -113.511100, 2.080000 
51.900900, -111.608400, 0.591200 
54.338100, -116.580100, 0.569000 
55.833100, -119.058900, 0.488000 
55.836700, -119.065300, 0.347000 
55.829400, -119.052200, 0.596000 
55.007200, -116.873400, 0.424000 
53.484800, -115.607600, 0.305400 
50.831400, -110.865000, 0.401000 
49.907500, -112.227600, 0.330000 
54.668900, -117.651600, 1.451000 
58.568700, -119.334300, 0.599000 
51.491800, -114.030200, 0.270000 
52.794000, -111.825900, 0.528000 
53.434200, -111.805800, 0.753000 
51.804500, -113.239900, 0.689000 
53.363200, -112.039500, 0.311000 
53.575400, -113.624100, 14.449000 
53.714800, -113.190000, 0.461000 
57.217500, -110.895000, 51.129800 
53.581500, -112.531000, 0.304000 
53.137600, -114.358500, 0.400000 
52.661200, -110.496900, 0.342000 
52.679300, -110.155200, 0.840000 
56.666700, -111.345100, 14.770000 
56.055100, -115.366500, 0.356000 
52.875700, -111.422500, 0.300000 
52.875700, -111.483300, 0.800000 
51.176500, -114.194900, 1.022300 
53.558800, -113.473700, 0.624900 
53.558600, -113.368000, 106.351400 
55.835800, -114.697100, 0.314000 
51.727500, -113.819000, 0.400000 
53.885300, -117.178700, 0.147000 
51.326800, -110.165300, 2.277600 
51.341500, -110.147900, 1.893000 
57.219100, -118.769300, 0.569000 
54.903200, -115.205800, 11.299000 
55.201500, -119.881400, 0.677000 
56.197600, -116.144500, 2.123200 
53.768900, -112.166400, 0.604000 
51.145200, -112.507900, 0.309000 
52.493200, -114.318100, 0.427000 
52.371900, -114.347600, 0.413000 
54.954100, -115.218400, 1.400000 
53.477900, -116.124000, 0.349000 
58.494400, -118.673600, 0.008600 
57.211800, -118.010800, 0.395000 
54.438200, -119.676100, 0.532000 
53.834000, -117.912400, 11.522000 
53.987100, -117.351500, 1.150600 
50.571300, -112.146100, 0.354000 
54.172300, -118.334400, 0.391000 
50.683000, -111.548000, 1.374000 
55.320300, -118.762000, 0.316200 
50.624800, -111.588500, 0.558000 
49.119100, -113.761500, 0.601000 
52.153800, -115.321800, 0.930000 
53.550000, -113.466700, 0.215000 
52.137500, -113.477800, 0.660000 
53.237800, -114.601800, 0.449000 
50.631900, -111.011300, 0.964200 
50.723300, -112.789100, 0.599000 
50.155700, -114.453300, 1.033900 
54.685600, -118.772100, 0.364000 
50.087600, -112.282900, 0.479000 
50.486700, -112.917000, 0.380000 
53.332400, -111.451000, 0.446000 
54.874700, -118.854800, 0.337300 
50.950500, -113.958000, 1.022000 
52.764900, -114.957500, 0.548000 
52.941200, -118.043000, 3.727000 
56.937100, -113.480800, 0.958000 
58.695200, -114.005000, 3.359000 
55.483600, -115.394000, 0.420000 
57.546100, -119.106200, 0.328000 
50.593000, -111.492000, 0.512000 
53.175900, -115.271100, 0.728000 
55.160200, -118.818400, 36.510000 
54.870400, -117.652600, 0.316000 
49.867000, -111.383000, 0.365800 
53.559400, -113.347200, 7.520000 
51.071400, -115.132000, 1.132900 
53.571500, -117.045300, 0.460700 
50.701400, -111.554300, 1.028000 
51.570600, -113.688200, 0.520000 
51.723600, -113.616200, 0.340000 
51.770800, -113.622100, 1.270000 
56.710700, -118.899600, 0.316000 
52.361000, -113.819400, 0.028000 
52.549200, -113.840800, 0.274000 
49.720000, -113.500300, 0.895000 
53.599500, -111.416200, 1.089000 
55.714100, -115.899700, 1.554000 
54.379500, -117.210700, 0.350000 
54.866900, -118.798100, 0.902000 
55.248700, -119.246800, 0.301000 
54.477900, -117.590300, 0.691000 
53.666400, -117.259600, 1.084000 
52.921600, -113.828400, 0.316600 
50.479100, -111.473800, 0.524100 
52.630400, -114.346500, 0.343300 
54.040000, -114.130000, 0.776000 
54.455100, -111.092200, 0.419000 
56.482100, -117.963100, 0.522000 
53.936200, -113.499600, 0.800000 
51.600900, -111.231500, 0.181600 
50.393200, -113.828900, 0.387000 
53.652500, -115.989400, 0.333000 
50.540900, -111.794500, 0.290000 
55.103300, -119.192300, 3.025000 
55.092400, -119.186000, 1.449000 
53.564400, -116.250100, 0.459000 
57.662400, -119.822600, 0.332000 
52.441300, -115.281800, 0.607000 
53.761100, -117.349200, 0.457000 
53.655600, -117.081700, 0.778500 
53.221600, -114.973300, 1.429000 
55.278800, -114.766600, 2.533000 
55.118600, -118.361300, 2.137000 
54.423900, -110.304200, 8.366000 
50.915860, -112.390800, 1.068000 
54.171000, -118.334400, 1.575000 
50.485300, -111.171600, 2.689000 
50.626000, -111.626900, 0.432900 
53.596200, -113.332100, 3.040000 
52.639900, -111.273500, 8.726000 
52.437900, -113.858500, 0.480000 
54.342700, -110.328700, 4.516400 
53.500000, -113.440000, 3.104000 
52.457500, -110.313700, 0.502000 
56.288200, -116.851000, 0.748600 
51.030100, -114.041200, 0.793000 
53.543600, -113.494000, 1.301000 
51.030100, -114.041200, 0.392000 
53.561900, -113.506000, 0.367000 
56.528200, -114.071600, 0.358000 
56.524400, -113.464600, 0.509000 
53.343900, -114.323700, 0.050000 
53.343700, -113.184000, 0.816000 
54.285000, -115.698200, 9.150000 
52.196969, -112.869740, 0.750000 
51.465100, -113.512200, 0.340000 
51.694400, -113.214400, 0.210000 
52.470100, -114.346400, 1.394400 
55.250000, -116.290000, 0.888000 
52.380000, -114.140000, 1.616000 
52.866700, -112.200000, 1.520000 
51.435000, -111.755000, 1.054000 
53.329400, -114.290300, 2.124000 
52.976200, -115.262000, 0.333000 
52.965200, -115.243900, 0.575000 
53.034200, -115.290800, 0.915000 
55.110500, -119.199000, 0.751000 
52.514000, -115.042200, 0.366000 
52.384800, -113.713200, 0.475000 
49.591390, -114.028330, 0.905700 
50.266657, -112.836800, 1.457200 
52.632400, -110.289800, 0.547000 
54.175700, -119.534400, 0.530000 
53.870300, -117.088800, 0.495000 
52.863400, -110.466700, 0.459000 
55.842400, -119.691800, 0.451000 
54.623400, -118.192200, 2.450000 
54.125100, -116.816700, 1.859000 
51.319500, -112.737600, 0.344000 
52.641400, -115.125800, 2.795000 
52.583000, -113.734000, 0.320000 
59.916100, -117.034200, 0.411000 
51.157600, -114.191600, 0.292000 
53.678600, -113.804600, 0.455000 
53.007200, -117.327200, 0.457000 
50.845000, -111.684000, 0.775300 
55.998000, -118.532200, 2.111000 
54.863300, -119.001700, 0.915000 
54.352100, -119.460100, 0.484000 
54.116900, -110.214800, 0.430000 
59.253700, -119.084100, 2.004000 
57.347300, -119.552100, 2.042000 
53.066800, -115.412200, 0.456800 
52.102500, -114.426100, 0.622000 
54.299600, -118.520500, 0.307000 
51.905900, -114.594200, 0.552000 
56.517400, -115.693200, 4.390000 
54.867000, -119.224300, 0.622000 
53.688100, -111.365700, 0.333000 
53.604400, -111.322600, 0.516000 
54.416700, -118.735900, 0.337000 
56.193600, -110.950600, 8.938000 
53.348000, -115.995300, 0.437000 
54.404000, -118.882700, 0.307000 
53.519000, -118.083400, 0.416000 
52.420200, -115.198500, 0.502000 
55.110500, -119.185900, 2.077000 
55.052400, -119.453000, 0.364000 
55.449200, -114.808500, 0.462700 
51.912900, -113.627900, 0.348000 
55.527900, -110.873800, 8.399000 
54.226800, -118.628100, 1.915000 
51.057000, -113.703900, 0.386000 
52.635200, -111.263900, 0.462000 
53.666600, -115.632200, 1.224000 
55.666400, -110.714000, 4.220100 
56.411700, -110.937600, 133.817000 
53.019700, -112.193800, 0.693000 
55.233400, -115.069700, 2.120000 
51.786500, -113.399100, 0.280000 
52.112000, -112.984200, 0.020000 
51.857400, -114.986700, 0.130000 
53.193900, -115.291900, 0.413600 
57.884300, -118.604400, 0.314700 
53.054200, -114.935400, 0.980400 
52.697300, -111.200700, 0.512300 
52.047700, -113.673500, 0.716700 
53.103100, -115.010200, 0.490600 
52.395800, -110.504900, 0.933700 
50.413600, -112.006400, 0.642000 
56.546500, -115.248000, 1.438400 
54.590500, -115.856500, 0.677800 
52.594100, -114.879300, 0.798100 
51.898100, -113.567200, 2.264000 
54.198900, -119.052900, 0.353400 
56.173100, -116.199000, 1.877300 
56.303500, -116.556300, 1.819000 
54.323000, -110.250000, 1.975000 
54.656560, -119.915230, 0.742800 
52.436100, -112.234300, 0.309000 
50.073900, -111.951000, 0.495000 
54.441400, -116.121600, 0.528000 
57.545800, -119.110200, 1.293000 
55.662600, -111.257700, 54.379000 
53.975700, -117.287500, 2.023000 
55.997100, -113.473700, 1.600000 
56.284800, -116.111700, 87.430500 
51.716800, -114.642400, 0.932000 
55.608800, -118.003600, 0.807100 
55.640500, -117.119300, 7.351500 
53.791200, -114.612900, 0.302000 
55.489500, -118.325200, 4.610100 
55.201800, -117.914900, 1.021000 
53.350200, -110.845800, 0.960000 
55.031700, -115.592400, 0.740000 
54.710600, -117.615400, 1.476000 
54.349300, -111.382500, 1.458100 
55.466100, -119.543500, 0.417000 
53.957400, -116.720600, 0.348000 
53.499200, -116.805300, 1.573000 
53.352500, -110.112200, 2.184000 
56.499600, -119.229900, 0.338000 
54.612700, -118.213800, 0.751000 
53.540300, -111.784400, 0.336000 
54.674500, -115.292600, 2.442000 
49.696800, -114.201400, 0.801000 
56.113500, -111.829300, 4.422400 
52.758000, -114.107400, 1.952000 
53.107500, -116.763500, 0.463000 
52.950900, -115.104400, 0.550000 
53.212300, -116.990500, 0.328000 
51.551400, -113.064300, 0.869000 
53.450100, -116.033600, 0.435000 
50.442800, -111.519600, 2.219000 
52.211100, -113.268100, 0.614000 
53.608500, -115.435600, 0.648000 
56.143400, -119.360900, 1.494000 
52.568700, -114.796200, 0.318000 
53.554250, -114.962760, 0.472000 
54.226800, -118.628100, 1.930000 
51.743600, -113.251600, 0.609000 
51.396500, -114.028100, 0.329000 
54.830600, -119.662600, 0.343000 
55.852500, -117.638900, 0.321300 
55.699700, -118.129900, 2.811600 
55.784600, -117.073300, 0.830000 
55.767400, -117.517800, 0.129000 
50.517100, -111.365900, 0.856300 
50.515600, -111.370600, 0.501700 
50.196600, -111.343600, 1.043300 
50.520200, -111.372300, 1.385700 
50.470500, -111.368600, 0.478600 
53.459500, -115.516300, 0.767000 
54.579500, -114.723100, 0.503000 
54.345700, -118.405600, 0.041000 
52.968900, -115.872200, 0.290000 
53.044900, -115.985100, 0.390000 
52.459500, -113.729500, 1.188500 
53.241400, -113.838700, 0.894000 
51.971600, -114.492500, 0.868400 
54.316200, -116.571100, 0.468000 
53.263300, -114.467900, 0.680000 
51.741800, -113.350300, 0.160000 
55.711400, -116.603500, 1.011600 
55.752800, -118.684100, 1.603000 
55.641500, -117.328600, 1.170700 
49.702567, -112.786857, 1.207000 
53.392300, -115.310000, 2.693500 
56.288300, -116.864000, 4.498500 
52.360100, -114.714800, 0.438000 
56.302800, -116.244700, 3.522800 
53.584400, -113.547900, 1.082000 
51.012100, -114.026800, 0.350000 
53.767200, -112.809500, 1.157000 
54.541100, -118.179200, 4.047000 
54.439400, -118.250400, 6.706000 
53.029200, -112.805800, 0.001000 
53.957500, -117.076600, 0.487100 
53.855600, -116.983600, 0.721700 
53.647500, -113.622100, 1.201000 
53.943100, -118.746600, 0.541000 
52.852500, -110.472600, 0.647000 
52.706500, -110.110100, 1.101000 
52.646900, -110.169800, 0.923000 
52.758000, -115.310300, 2.683000 
54.619900, -118.815200, 0.366000 
52.707000, -115.443100, 0.339000 
52.972600, -115.358600, 0.354000 
50.956000, -112.612600, 0.455000 
51.074900, -114.138700, 0.711000 
53.819900, -112.764600, 1.869000 
57.286600, -111.599500, 3.411000 
53.761700, -113.679100, 0.700000 
57.335400, -111.755600, 173.649300 
52.246800, -112.587400, 0.332000 
55.554100, -119.755400, 0.438000 
53.907100, -112.731200, 1.201000 
54.997700, -115.371200, 0.320000 
58.768400, -111.098300, 0.620000 
56.663700, -115.218200, 0.405800 
54.310300, -118.502000, 0.409000 
51.654800, -114.186600, 0.818000 
54.783900, -119.214000, 0.468000 
50.519500, -111.283100, 0.346000 
55.329600, -115.011800, 0.463000 
52.397100, -115.125700, 0.311000 
53.587400, -113.364700, 2.900000 
49.873500, -111.613400, 0.739000 
50.539600, -111.825500, 0.746000 
50.622600, -111.659200, 1.609000 
54.663700, -115.224100, 0.395000 
56.115700, -119.262100, 0.170000 
50.079800, -110.790300, 53.281000 
53.589200, -117.458900, 0.214000 
55.340500, -119.218500, 0.910000 
50.282700, -111.559600, 0.405000 
55.742300, -118.087700, 0.785000 
55.026700, -114.378900, 0.672000 
51.399400, -114.004900, 1.398000 
51.530700, -112.035500, 2.365000 
55.615900, -118.139500, 2.207000 
54.006600, -119.105500, 130.402000 
53.248700, -115.388000, 2.133000 
53.573700, -113.348400, 0.790000 
51.165500, -114.222000, 1.746100 
49.944200, -111.810100, 1.036000 
55.158200, -116.113700, 0.410100 
55.550600, -117.328600, 0.540100 
55.616000, -117.360800, 0.752600 
50.981400, -113.962800, 0.315000 
54.503700, -115.487800, 0.490000 
50.803200, -111.005800, 0.120000 
56.819000, -115.585900, 0.322700 
55.751400, -119.799000, 0.437600 
50.398900, -112.000800, 0.689100 
50.482500, -111.674000, 0.427300 
52.883100, -110.751400, 0.323600 
53.066600, -115.533500, 0.535600 
49.736700, -111.451600, 0.958000 
53.190200, -116.051700, 0.446000 
53.151800, -116.133900, 0.527000 
50.851900, -113.505200, 1.052000 
49.974100, -110.576900, 0.635000 
52.621500, -110.097900, 0.300000 
54.052100, -117.442000, 0.357000 
55.553200, -118.818900, 1.065000 
53.226700, -114.034400, 0.314000 
53.007100, -115.324700, 0.562000 
53.149400, -114.731900, 1.070000 
53.674200, -116.203300, 0.387000 
52.757100, -113.932900, 1.174000 
51.434400, -114.231100, 1.050000 
56.475700, -119.976100, 0.401000 
51.370500, -114.186200, 0.459000 
51.596600, -114.279700, 0.355000 
55.997900, -117.730100, 0.914000 
55.993100, -117.669100, 0.815000 
51.219100, -114.640500, 0.583000 
50.627500, -113.610200, 0.458000 
53.745500, -118.310800, 0.519000 
55.808551, -119.664843, 0.306000 
53.688158, -110.691020, 0.329000 
49.777400, -110.965100, 0.457000 
56.279900, -119.038100, 0.632000 
56.500166, -117.870515, 0.327000 
49.988737, -112.125173, 0.320000 
50.013318, -112.151393, 0.528000 
57.791895, -118.679520, 1.203000 
51.873213, -114.990595, 0.305000 
54.335600, -116.569800, 0.516000 
54.514200, -116.575800, 1.126000 
54.517900, -116.645200, 0.320000 
52.323079, -113.204588, 0.373000 
52.725065, -110.460330, 0.591000 
53.222701, -115.199115, 0.863000 
53.168761, -115.144062, 0.448000 
52.862056, -110.474918, 0.401000 
52.805158, -110.357609, 0.328000 
50.317100, -111.068800, 0.726000 
54.709400, -118.600600, 0.335000 
54.198700, -118.540300, 1.392000 
53.239300, -115.800100, 0.385000 
53.063200, -114.650500, 0.362000 
53.065600, -114.674400, 1.778000 
52.991200, -114.699200, 0.789000 
51.793100, -114.352900, 0.924000 
53.139700, -115.511100, 0.354000 
53.002100, -114.675100, 1.712000 
53.243300, -115.778600, 0.361000 
53.106900, -115.509600, 0.345000 
52.994900, -114.699200, 0.678000 
53.048700, -115.613500, 0.454000 
51.327200, -114.367600, 0.446000 
53.044900, -114.199900, 0.529000 
51.210600, -114.254400, 1.296000 
53.044400, -114.221300, 0.959000 
53.310600, -115.296600, 0.493000 
53.006100, -114.707300, 1.784000 
53.114300, -114.636700, 0.344000 
55.351300, -117.420400, 1.051000 
51.855153, -114.748583, 0.768000 
54.648988, -118.739728, 0.341000 
55.041500, -119.631000, 4.408000 
54.965100, -119.827600, 0.385000 
52.732520, -115.225400, 0.404000 
53.139378, -115.286454, 0.358000 
53.176001, -114.784777, 0.489000 
53.132252, -115.552423, 0.425000 
53.354207, -115.759751, 0.947000 
53.077847, -114.662900, 0.858000 
52.108364, -110.549451, 0.320000 
53.477450, -117.026300, 0.313000 
53.946500, -116.927800, 0.322000 
53.932050, -116.915300, 0.781000 
53.136060, -114.681100, 4.672000 
53.136060, -114.681100, 0.368000 
53.132290, -114.656500, 0.305000 
53.088750, -114.680900, 1.253000 
53.099255, -114.315220, 1.158000 
53.362060, -110.167100, 0.558000 
54.317720, -118.696600, 0.905000 
54.288620, -118.740400, 0.766000 
54.317720, -118.534300, 0.423000 
54.303260, -118.653100, 0.621000 
54.281410, -118.646600, 0.688000 
54.463199, -119.112978, 0.555000 
54.452969, -119.114644, 1.473000 
53.067236, -115.038158, 0.338000 
51.766762, -113.110187, 0.382000 
54.781490, -119.124700, 0.366000 
52.455040, -113.624521, 0.380000 
55.666382, -110.714044, 19.188800 
53.026800, -114.766900, 0.290000 
53.226456, -114.033728, 0.453900 
49.699123, -111.540920, 0.318000 
56.743540, -112.791300, 0.770000 
54.346330, -115.437300, 0.545200 
54.196180, -119.137859, 0.321000 
55.433572, -117.188137, 0.462400 
51.306323, -114.379635, 1.655100 
56.147110, -116.294328, 103.274000 
52.323389, -110.603584, 0.421000 
52.162940, -110.621170, 2.132000 
53.635549, -116.716446, 0.310000 
52.003660, -114.446300, 0.910000 
53.285090, -116.692300, 0.352000 
55.815390, -111.444400, 2.286000 
58.258120, -119.370920, 0.724000 
50.490080, -111.313480, 0.329400 
51.913910, -114.477000, 2.050000 
52.295032, -110.128862, 0.334400 
50.509360, -111.334264, 0.778600 
51.919097, -110.927455, 0.882500 
52.726153, -114.417716, 0.523000 
56.757270, -119.886730, 0.461000 
52.093850, -110.775780, 0.398000 
56.560970, -119.394780, 0.330000 
54.204974, -116.760593, 0.470000 
52.472255, -110.421862, 0.315000 
56.516487, -115.935907, 2.191900 
51.132788, -112.904563, 0.397200 
54.728873, -119.379136, 0.341000 
55.715142, -118.024471, 0.383000 
50.508703, -111.354642, 2.805200 
51.286483, -114.354677, 0.498500 
55.459690, -114.769748, 1.903000 
51.397200, -114.484400, 0.870000 
56.113140, -111.715340, 2.447300 
50.599379, -113.127434, 0.368700 
52.972520, -116.355900, 0.607000 
52.463020, -114.346890, 2.680000 
49.419280, -112.166540, 0.441400 
53.362070, -110.161070, 0.392200 
54.253534, -118.001306, 0.492000 
56.723300, -112.775200, 1.300000 
54.412270, -118.753150, 0.844000 
50.153177, -113.378808, 0.926100 
54.271530, -115.716900, 0.783000 
52.555940, -112.011300, 0.500000 
52.258050, -113.880800, 0.129000 
52.432100, -110.217900, 0.400000 
51.363330, -113.606940, 0.687000 
49.609300, -112.180770, 0.970000 
51.880360, -115.232800, 0.529000 
52.395690, -110.456800, 0.358000 
54.555876, -115.724755, 0.549000 
56.139855, -116.685909, 0.940000 
53.210128, -115.594274, 0.940000 
53.208533, -115.597022, 0.404700 
53.208699, -115.601169, 0.532800 
54.634078, -115.951997, 0.433600 
54.794218, -115.320030, 0.610100 
56.306537, -116.844210, 2.788500 
56.059236, -116.323871, 0.326000 
56.288289, -116.851027, 2.322900 
53.696100, -114.630500, 0.482000 
52.630043, -114.953525, 0.334500 
52.333053, -111.048566, 0.973100 
52.088502, -110.313259, 0.372700 
51.026500, -113.941900, 1.360000 
