54.923116, -112.861867, 23.750000 
55.996700, -118.533600, 1.387000 
55.996700, -118.533600, 1.387000 
56.377200, -117.175600, 18.389200 
56.377200, -117.175600, 18.389200 
53.288500, -110.018300, 0.200800 
53.288500, -110.018300, 0.200800 
52.146300, -115.330000, 151.286800 
52.146300, -115.330000, 151.286800 
50.747700, -114.494700, 237.050000 
50.747700, -114.494700, 237.050000 
53.952700, -113.078000, 4.547000 
53.952700, -113.078000, 4.547000 
54.572300, -115.522900, 0.858000 
54.572300, -115.522900, 0.858000 
54.596400, -110.395000, 16.752000 
54.596400, -110.395000, 16.752000 
55.335900, -119.223000, 2.563000 
55.335900, -119.223000, 2.563000 
50.647500, -113.772000, 2.609000 
50.647500, -113.772000, 2.609000 
54.194400, -116.632200, 217.076000 
54.194400, -116.632200, 217.076000 
53.245000, -115.674300, 0.676000 
53.245000, -115.674300, 0.676000 
53.746900, -113.164500, 5.011000 
53.746900, -113.164500, 5.011000 
51.742300, -114.134500, 26.428000 
51.742300, -114.134500, 26.428000 
52.959300, -115.893800, 5.477000 
52.959300, -115.893800, 5.477000 
52.776100, -115.660700, 1.451000 
52.776100, -115.660700, 1.451000 
52.758100, -114.111600, 1.475000 
52.758100, -114.111600, 1.475000 
52.226300, -115.177000, 114.641000 
52.226300, -115.177000, 114.641000 
58.500000, -119.416700, 6.575400 
58.500000, -119.416700, 6.575400 
52.940400, -114.832300, 7.928000 
52.940400, -114.832300, 7.928000 
55.725100, -119.399900, 29.822000 
55.725100, -119.399900, 29.822000 
51.191300, -113.940900, 55.449000 
51.191300, -113.940900, 55.449000 
53.733200, -113.486200, 0.498000 
53.733200, -113.486200, 0.498000 
49.305200, -114.000300, 538.070000 
49.305200, -114.000300, 538.070000 
51.039600, -114.559000, 158.100000 
51.039600, -114.559000, 158.100000 
51.965500, -114.753600, 241.329000 
51.965500, -114.753600, 241.329000 
53.722900, -113.174000, 0.009000 
53.722900, -113.174000, 0.009000 
53.652000, -116.099200, 107.021000 
53.652000, -116.099200, 107.021000 
54.423300, -117.760400, 20.161000 
54.423300, -117.760400, 20.161000 
57.003300, -111.466100, 893.662800 
57.003300, -111.466100, 893.662800 
57.040500, -111.619200, 99.325000 
57.040500, -111.619200, 99.325000 
51.570800, -114.851700, 210.450000 
51.570800, -114.851700, 210.450000 
55.071200, -118.691200, 40.935000 
55.071200, -118.691200, 40.935000 
53.795900, -113.099600, 0.973000 
53.795900, -113.099600, 0.973000 
53.413300, -117.570600, 187.476000 
53.413300, -117.570600, 187.476000 
53.541700, -113.391700, 9.000000 
53.541700, -113.391700, 9.000000 
53.181200, -115.762500, 21.344300 
53.181200, -115.762500, 21.344300 
51.219500, -114.645400, 12.922000 
51.219500, -114.645400, 12.922000 
54.833300, -118.646700, 7.722000 
54.833300, -118.646700, 7.722000 
54.524700, -116.794300, 0.557000 
54.524700, -116.794300, 0.557000 
52.553700, -111.694000, 2.591000 
52.553700, -111.694000, 2.591000 
54.130900, -115.546700, 11.372000 
54.130900, -115.546700, 11.372000 
53.204500, -116.811200, 104.804200 
53.204500, -116.811200, 104.804200 
53.550500, -113.358900, 10.361800 
53.550500, -113.358900, 10.361800 
58.555500, -118.915900, 0.769000 
58.555500, -118.915900, 0.769000 
51.526000, -113.880000, 51.681700 
51.526000, -113.880000, 51.681700 
51.696900, -114.475000, 4.435000 
51.696900, -114.475000, 4.435000 
54.185400, -116.210400, 11.494000 
54.185400, -116.210400, 11.494000 
51.400100, -114.034300, 9.487800 
51.400100, -114.034300, 9.487800 
54.427200, -116.884300, 152.261000 
54.427200, -116.884300, 152.261000 
53.132300, -115.981700, 23.974000 
53.132300, -115.981700, 23.974000 
55.481900, -119.059200, 19.023000 
55.481900, -119.059200, 19.023000 
51.034710, -114.025600, 9.870000 
51.034710, -114.025600, 9.870000 
53.721800, -113.192700, 0.001000 
53.721800, -113.192700, 0.001000 
49.628100, -114.571900, 2.897000 
49.628100, -114.571900, 2.897000 
57.546300, -119.112600, 0.711000 
57.546300, -119.112600, 0.711000 
53.250200, -115.555500, 3.965000 
53.250200, -115.555500, 3.965000 
55.489100, -119.750800, 15.469000 
55.489100, -119.750800, 15.469000 
53.557500, -116.547200, 32.760000 
53.557500, -116.547200, 32.760000 
53.817200, -113.133600, 2.258000 
53.817200, -113.133600, 2.258000 
52.327100, -112.718300, 10.609000 
52.327100, -112.718300, 10.609000 
52.510900, -110.969600, 0.927700 
52.510900, -110.969600, 0.927700 
53.170200, -114.975000, 0.884700 
53.170200, -114.975000, 0.884700 
55.833000, -119.470000, 5.989400 
55.833000, -119.470000, 5.989400 
53.902300, -115.189300, 0.383000 
53.902300, -115.189300, 0.383000 
57.298900, -111.503300, 11.314000 
57.298900, -111.503300, 11.314000 
56.981400, -111.475800, 3.157000 
56.981400, -111.475800, 3.157000 
53.543100, -117.797900, 1.391000 
53.543100, -117.797900, 1.391000 
52.588100, -111.206100, 5.992000 
52.588100, -111.206100, 5.992000 
55.393100, -110.738300, 0.078000 
55.393100, -110.738300, 0.078000 
57.054200, -111.917200, 0.118000 
57.054200, -111.917200, 0.118000 
50.471500, -111.606500, 0.397000 
50.471500, -111.606500, 0.397000 
58.568700, -119.201500, 1.836000 
58.568700, -119.201500, 1.836000 
53.388600, -115.315800, 2.921000 
53.388600, -115.315800, 2.921000 
50.653300, -111.166100, 0.855000 
50.653300, -111.166100, 0.855000 
59.641800, -118.307800, 1.984000 
59.641800, -118.307800, 1.984000 
52.272100, -112.841400, 0.657500 
52.272100, -112.841400, 0.657500 
57.217500, -110.895000, 0.133900 
57.217500, -110.895000, 0.133900 
56.272700, -110.938200, 0.135000 
56.272700, -110.938200, 0.135000 
53.566800, -113.365000, 0.242000 
53.566800, -113.365000, 0.242000 
52.639900, -111.273500, 4.398000 
52.639900, -111.273500, 4.398000 
54.285000, -115.698200, 2.834000 
54.285000, -115.698200, 2.834000 
56.411700, -110.937600, 23.585000 
56.411700, -110.937600, 23.585000 
57.335400, -111.755600, 7.767400 
57.335400, -111.755600, 7.767400 
