56.377200, -117.175600, 119.321000 
54.144400, -115.691700, 0.158000 
49.789400, -112.126100, 33.362000 
52.322100, -113.516600, 46.620000 
53.571700, -113.349800, 29.322400 
53.721700, -113.191700, 209.223000 
53.841600, -113.097900, 1789.570000 
57.003300, -111.466100, 2.554600 
57.040500, -111.619200, 1066.615000 
53.508500, -114.557100, 18.274000 
53.448700, -114.449100, 14.950000 
50.846700, -113.581170, 31.100000 
55.071200, -118.691200, 44.577000 
53.413300, -117.570600, 44.440000 
50.845800, -113.586700, 1243.037400 
53.541700, -113.391700, 0.400000 
53.204500, -116.811200, 6.935000 
50.086600, -110.716700, 2350.617000 
55.248100, -114.514000, 0.040000 
53.721800, -113.192700, 205.931000 
53.725400, -113.193000, 593.380000 
50.597600, -111.881800, 16.490000 
50.583700, -113.871100, 3.040000 
51.000700, -113.965670, 0.420400 
51.012800, -114.022000, 277.487000 
50.912700, -114.011800, 25.670000 
53.719000, -113.205600, 2.654000 
53.560800, -113.415300, 215.100000 
52.266000, -113.808200, 7.200000 
52.308800, -113.790000, 32.468000 
53.628800, -113.307700, 63.190000 
51.804300, -114.095400, 0.027000 
55.757600, -118.696700, 0.137000 
51.180450, -113.937280, 17.355000 
53.714800, -113.190000, 8.523000 
53.745100, -113.235600, 0.029700 
51.033900, -114.037800, 35.830000 
50.858900, -113.988500, 53.534000 
50.079800, -110.790300, 21.023000 
51.048370, -113.587500, 0.214000 
