57.003300, -111.466100, 42.670000 
53.245000, -115.674300, 0.007000 
53.546800, -113.734800, 0.001000 
53.570000, -113.611400, 0.056000 
51.570800, -114.851700, 0.036000 
50.982200, -113.974200, 0.052000 
57.040500, -111.619200, 70.665000 
52.758100, -114.111600, 0.263000 
52.776100, -115.660700, 0.349000 
55.725100, -119.399900, 0.119000 
51.534800, -114.203700, 0.036000 
52.226300, -115.177000, 0.099000 
51.965500, -114.753600, 0.165000 
55.358300, -114.617200, 0.061000 
56.380600, -116.795000, 0.006000 
52.959300, -115.893800, 0.009000 
51.950100, -114.017700, 1.074000 
53.541700, -113.391700, 1.464000 
54.833300, -118.646700, 0.141000 
52.146300, -115.330000, 0.930000 
53.550500, -113.358900, 1.185000 
53.804200, -113.082400, 28.761000 
53.795900, -113.099600, 1.949000 
53.288500, -110.018300, 0.260000 
53.340200, -113.538100, 0.026000 
54.284800, -115.698000, 0.404000 
58.555500, -118.915900, 0.164000 
51.696900, -114.475000, 1.289000 
55.041500, -119.631000, 0.005000 
51.915300, -113.578100, 0.049000 
51.984500, -114.743800, 0.042000 
49.628100, -114.571900, 0.134000 
57.546300, -119.112600, 0.004000 
54.185400, -116.210400, 0.002000 
53.557500, -116.547200, 0.073000 
