52.308300, -113.550000, 0.247000 
50.747700, -114.494700, 0.240000 
53.570000, -113.611400, 0.002000 
53.795900, -113.099600, 9.529000 
54.952700, -119.195300, 0.100000 
51.191300, -113.940900, 0.786000 
53.804200, -113.082400, 10.073000 
54.179100, -115.806000, 11.660000 
53.048100, -113.921000, 0.500000 
53.541700, -113.391700, 0.643000 
52.553700, -111.694000, 1.300000 
52.385800, -113.595000, 181.060000 
54.524700, -116.794300, 11.600000 
55.725100, -119.399900, 0.100000 
54.596400, -110.395000, 0.400000 
50.982200, -113.974200, 0.001000 
51.534800, -114.203700, 1.485000 
53.733200, -113.175000, 0.146000 
53.250200, -115.555500, 0.060000 
51.915300, -113.578100, 0.100000 
51.526000, -113.880000, 0.100000 
54.284800, -115.698000, 0.100000 
54.427200, -116.884300, 2.910000 
55.993500, -113.480500, 0.416000 
54.185400, -116.210400, 7.790000 
58.555500, -118.915900, 0.100000 
