52.308300, -113.550000, 4.502000 
51.570800, -114.851700, 0.763000 
53.733200, -113.175000, 0.799000 
55.725100, -119.399900, 7.786000 
55.996700, -118.533600, 4.881000 
51.534800, -114.203700, 5.517000 
52.146300, -115.330000, 14.160000 
52.226300, -115.177000, 2.235000 
53.288500, -110.018300, 4.330000 
52.758100, -114.111600, 13.764000 
53.795900, -113.099600, 5.977000 
55.335900, -119.223000, 3.956000 
52.496000, -114.988000, 6.449000 
54.596400, -110.395000, 10.945000 
57.040500, -111.619200, 111.172000 
52.959300, -115.893800, 3.896000 
57.003300, -111.466100, 241.320000 
51.965500, -114.753600, 2.146000 
53.354600, -113.715000, 9.124000 
53.570000, -113.611400, 0.121000 
54.952700, -119.195300, 2.542000 
50.747700, -114.494700, 0.937000 
52.776100, -115.660700, 2.389000 
53.952700, -113.078000, 0.182000 
51.950100, -114.017700, 16.107000 
51.191300, -113.940900, 3.558000 
54.572300, -115.522900, 15.021000 
51.637200, -112.866000, 2.155000 
53.421300, -113.904400, 0.384000 
50.982200, -113.974200, 0.134000 
53.204500, -116.811200, 1.682000 
53.181200, -115.762500, 1.376000 
53.541700, -113.391700, 4.831000 
54.524700, -116.794300, 4.472000 
53.550500, -113.358900, 14.180000 
52.553700, -111.694000, 0.497000 
54.833300, -118.646700, 25.763000 
53.728270, -113.235520, 181.300000 
54.185400, -116.210400, 0.002000 
53.504000, -113.450200, 1.337000 
54.284800, -115.698000, 3.977000 
51.984500, -114.743800, 0.049000 
53.557500, -116.547200, 4.354000 
59.063100, -118.875700, 10.699000 
54.510900, -115.511700, 16.108000 
53.283800, -110.031900, 62.000000 
54.427200, -116.884300, 0.126000 
51.222500, -114.495600, 1.264000 
53.817200, -113.133600, 5.908000 
55.993500, -113.480500, 0.155000 
51.696900, -114.475000, 22.723000 
55.040000, -115.475800, 2.873000 
55.041500, -119.631000, 2.887000 
51.010160, -113.964210, 1.438000 
54.588800, -115.862500, 4.670000 
49.701943, -112.803037, 329.244000 
58.555500, -118.915900, 4.378000 
53.670500, -115.762200, 0.954000 
51.526000, -113.880000, 2.412000 
55.074200, -117.274200, 1.931000 
53.132300, -115.981700, 0.015000 
51.915300, -113.578100, 6.795000 
49.628100, -114.571900, 2.298000 
