52.959300, -115.893800, 0.231000 
51.965500, -114.753600, 0.686000 
52.758100, -114.111600, 2.032000 
53.795900, -113.099600, 0.123000 
54.596400, -110.395000, 2.410000 
50.747700, -114.494700, 0.147000 
57.040500, -111.619200, 54.864000 
51.570800, -114.851700, 0.303000 
53.354600, -113.715000, 1.212000 
53.048100, -113.921000, 1.300000 
57.003300, -111.466100, 54.610000 
52.226300, -115.177000, 0.405000 
54.572300, -115.522900, 3.651000 
52.146300, -115.330000, 1.900000 
54.524700, -116.794300, 0.891000 
55.996700, -118.533600, 0.478000 
53.541700, -113.391700, 1.838000 
52.776100, -115.660700, 0.325000 
51.950100, -114.017700, 3.369000 
53.550500, -113.358900, 5.538000 
49.305200, -114.000300, 1.712000 
51.637200, -112.866000, 0.119000 
51.534800, -114.203700, 0.386000 
53.421300, -113.904400, 0.234000 
54.952700, -119.195300, 0.978000 
54.833300, -118.646700, 1.160000 
55.335900, -119.223000, 1.527000 
55.725100, -119.399900, 1.579000 
53.288500, -110.018300, 1.120000 
53.670500, -115.762200, 0.414000 
58.555500, -118.915900, 0.752000 
53.132300, -115.981700, 0.600000 
51.376000, -113.949200, 0.050000 
53.817200, -113.133600, 0.035000 
55.993500, -113.480500, 0.017000 
55.041500, -119.631000, 1.061000 
51.984500, -114.743800, 0.387000 
54.284800, -115.698000, 0.254000 
49.628100, -114.571900, 0.872000 
53.557500, -116.547200, 0.355000 
54.510900, -115.511700, 10.113000 
51.926500, -114.542700, 0.148000 
51.696900, -114.475000, 0.653000 
51.078650, -114.017660, 4.400000 
59.063100, -118.875700, 3.439000 
54.427200, -116.884300, 0.292000 
51.526000, -113.880000, 0.072000 
