54.572300, -115.522900, 4.150000 
53.354600, -113.715000, 0.609000 
50.982200, -113.974200, 0.147000 
53.181200, -115.762500, 1.369000 
57.040500, -111.619200, 476.634000 
53.559400, -113.597500, 5.997000 
51.637200, -112.866000, 1.436000 
52.776100, -115.660700, 3.446000 
52.959300, -115.893800, 0.227000 
54.596400, -110.395000, 2.726000 
53.048100, -113.921000, 1.809000 
53.952700, -113.078000, 0.267000 
49.720100, -112.781900, 20.682000 
51.965500, -114.753600, 2.320000 
52.308300, -113.550000, 0.878000 
50.747700, -114.494700, 0.248000 
54.194400, -116.632200, 6.454000 
55.996700, -118.533600, 0.163000 
53.550500, -113.358900, 5.147000 
53.804200, -113.082400, 0.164000 
54.833300, -118.646700, 1.344000 
51.570800, -114.851700, 0.833000 
52.146300, -115.330000, 3.060000 
53.795900, -113.099600, 12.321000 
53.746900, -113.164500, 0.092000 
50.647500, -113.772000, 0.636000 
54.952700, -119.195300, 5.635000 
51.950100, -114.017700, 5.875000 
52.226300, -115.177000, 3.061000 
55.358300, -114.617200, 0.042000 
53.421300, -113.904400, 0.441000 
51.534800, -114.203700, 0.313000 
51.000100, -113.984300, 1.333000 
53.541700, -113.391700, 6.562000 
53.288500, -110.018300, 1.240000 
55.725100, -119.399900, 1.879000 
49.305200, -114.000300, 2.195000 
56.380600, -116.795000, 0.374000 
53.546800, -113.734800, 0.001000 
53.570000, -113.611400, 0.141000 
53.245000, -115.674300, 0.017000 
57.003300, -111.466100, 197.460000 
54.524700, -116.794300, 20.664000 
50.983000, -113.988400, 26.900000 
52.758100, -114.111600, 8.001000 
55.993500, -113.480500, 0.001000 
51.915300, -113.578100, 1.473000 
51.000700, -113.965670, 1.944000 
51.984500, -114.743800, 0.451000 
51.058900, -115.174500, 56.597000 
54.510900, -115.511700, 22.542000 
54.284800, -115.698000, 1.791000 
53.340200, -113.538100, 0.058000 
53.557500, -116.547200, 1.095000 
49.628100, -114.571900, 0.647000 
53.250200, -115.555500, 0.019000 
51.010160, -113.964210, 1.213000 
51.005290, -114.058570, 86.300000 
57.546300, -119.112600, 0.431000 
54.588800, -115.862500, 0.157000 
55.040000, -115.475800, 0.252000 
51.376000, -113.949200, 0.009000 
53.132300, -115.981700, 0.663000 
54.427200, -116.884300, 0.657000 
58.555500, -118.915900, 0.266000 
51.926500, -114.542700, 0.008000 
55.041500, -119.631000, 0.147000 
54.185400, -116.210400, 0.018000 
51.526000, -113.880000, 0.287000 
51.696900, -114.475000, 2.137000 
54.772900, -110.579000, 0.021000 
53.531993, -113.364925, 0.200000 
