50.080710, -110.727860, 171.220000 
53.541700, -113.391700, 0.006000 
50.747700, -114.494700, 0.210000 
53.048100, -113.921000, 1.530000 
51.191300, -113.940900, 4.000000 
55.725100, -119.399900, 0.155000 
53.204500, -116.811200, 1.000000 
53.733200, -113.175000, 1.240000 
53.571700, -113.349800, 11.600000 
53.572500, -113.360600, 65.627000 
53.227700, -114.988900, 56.639000 
54.572300, -115.522900, 2.020000 
53.952700, -113.078000, 0.270000 
55.269500, -114.598300, 21.512000 
50.982200, -113.974200, 3.848000 
52.553700, -111.694000, 0.160000 
53.593060, -116.390300, 46.500000 
50.845800, -113.586700, 0.100000 
53.570000, -113.611400, 10.468000 
54.596400, -110.395000, 0.380000 
55.335900, -119.223000, 1.302000 
51.000100, -113.984300, 0.761000 
56.377200, -117.175600, 468.371000 
53.582300, -113.588600, 91.885000 
53.413300, -117.570600, 276.910000 
51.534800, -114.203700, 0.170000 
54.833300, -118.646700, 1.193000 
54.952700, -119.195300, 0.220000 
53.841600, -113.097900, 300.970000 
54.923116, -112.861867, 113.000000 
54.194400, -116.632200, 1.083000 
50.086600, -110.716700, 447.069000 
55.996700, -118.533600, 0.778000 
53.181200, -115.762500, 0.935000 
53.343600, -113.526900, 1.131000 
55.071200, -118.691200, 67.037000 
50.805300, -110.034900, 5.060000 
53.421300, -113.904400, 0.440000 
53.506400, -113.368900, 1.630000 
53.531993, -113.364925, 6.249000 
55.074200, -117.274200, 1.302000 
55.040000, -115.475800, 0.211000 
51.000700, -113.965670, 4.930000 
51.010160, -113.964210, 1.571000 
58.555500, -118.915900, 0.565000 
55.041500, -119.631000, 1.073000 
51.696900, -114.475000, 1.090000 
53.571290, -113.355400, 1.265000 
51.915300, -113.578100, 0.386000 
53.504000, -113.450200, 2.467000 
54.284800, -115.698000, 0.323000 
59.063100, -118.875700, 1.442000 
53.495200, -113.444900, 9.800000 
53.319300, -113.518000, 5.900000 
53.340200, -113.538100, 0.142000 
51.526000, -113.880000, 0.053000 
