53.746900, -113.164500, 1.198000 
52.758100, -114.111600, 1.431000 
55.358300, -114.617200, 0.129000 
53.245000, -115.674300, 0.090000 
54.952700, -119.195300, 4.646000 
51.534800, -114.203700, 1.492000 
53.546800, -113.734800, 0.001000 
54.833300, -118.646700, 0.575000 
52.308300, -113.550000, 10.323000 
54.524700, -116.794300, 5.095000 
53.572500, -113.360600, 78.820000 
53.354600, -113.715000, 0.725000 
50.647500, -113.772000, 0.211000 
55.335900, -119.223000, 0.908000 
54.596400, -110.395000, 1.448000 
54.194400, -116.632200, 2.480000 
51.637200, -112.866000, 0.913000 
55.725100, -119.399900, 4.200000 
53.421300, -113.904400, 0.480000 
52.776100, -115.660700, 1.959000 
52.959300, -115.893800, 0.558000 
53.952700, -113.078000, 0.213000 
52.146300, -115.330000, 2.770000 
53.541700, -113.391700, 3.036000 
51.570800, -114.851700, 0.376000 
53.048100, -113.921000, 1.692000 
53.733200, -113.175000, 4.318000 
53.550500, -113.358900, 3.855000 
53.795900, -113.099600, 7.231000 
56.380600, -116.795000, 0.142000 
55.996700, -118.533600, 0.855000 
53.804200, -113.082400, 27.746000 
51.965500, -114.753600, 0.357000 
57.040500, -111.619200, 58.995000 
57.003300, -111.466100, 21.106000 
51.950100, -114.017700, 5.528000 
53.288500, -110.018300, 0.460000 
55.040000, -115.475800, 0.359000 
54.772900, -110.579000, 0.015000 
51.376000, -113.949200, 0.003000 
53.817200, -113.133600, 0.250000 
51.696900, -114.475000, 2.589000 
54.284800, -115.698000, 6.358000 
53.250200, -115.555500, 0.107000 
51.058900, -115.174500, 34.826000 
49.628100, -114.571900, 0.596000 
53.557500, -116.547200, 2.640000 
51.984500, -114.743800, 1.315000 
51.915300, -113.578100, 1.267000 
59.063100, -118.875700, 7.869000 
51.926500, -114.542700, 0.087000 
55.041500, -119.631000, 0.637000 
54.510900, -115.511700, 27.847000 
58.555500, -118.915900, 1.309000 
53.670500, -115.762200, 0.268000 
51.526000, -113.880000, 0.558000 
54.588800, -115.862500, 0.051000 
57.546300, -119.112600, 1.483000 
54.185400, -116.210400, 0.207000 
53.498700, -113.383100, 2.268000 
