52.776100, -115.660700, 8.080000 
55.335900, -119.223000, 1.566000 
57.040500, -111.619200, 20.491000 
51.219500, -114.645400, 8.340000 
54.833300, -118.646700, 3.300000 
52.146300, -115.330000, 417.900000 
54.194400, -116.632200, 221.000000 
51.570800, -114.851700, 351.130000 
52.226300, -115.177000, 37.550000 
51.191300, -113.940900, 228.900000 
50.747700, -114.494700, 29.390000 
49.305200, -114.000300, 443.600000 
51.039600, -114.559000, 409.000000 
53.204500, -116.811200, 273.750000 
55.725100, -119.399900, 29.899000 
53.733200, -113.486200, 0.226000 
52.758100, -114.111600, 20.630000 
57.003300, -111.466100, 25.440000 
54.185400, -116.210400, 118.700000 
51.526000, -113.880000, 64.400000 
51.400100, -114.034300, 70.150000 
54.427200, -116.884300, 184.800000 
53.557500, -116.547200, 0.063000 
53.132300, -115.981700, 29.307000 
55.489100, -119.750800, 0.036000 
55.481900, -119.059200, 0.075000 
55.074200, -117.274200, 13.166000 
49.628100, -114.571900, 4.468000 
