53.508500, -114.557100, 64.240000 
53.344000, -114.305000, 24.376000 
53.733200, -113.175000, 14.580000 
51.531700, -111.786100, 124.917000 
53.570000, -113.611400, 0.268000 
53.413300, -117.570600, 23.570000 
53.560000, -114.486200, 18.633000 
54.007100, -119.104000, 77.426000 
53.533000, -113.411500, 0.940000 
52.564700, -112.141400, 114.833000 
54.775000, -115.218600, 0.140000 
53.727300, -113.087100, 0.061000 
54.923116, -112.861867, 0.665000 
56.377200, -117.175600, 7.451000 
55.071200, -118.691200, 20.781000 
55.070600, -118.688800, 0.118000 
53.541700, -113.391700, 2.275000 
53.798900, -112.898400, 0.100000 
