55.071200, -118.691200, 12.358000 
52.564700, -112.141400, 22.640000 
54.007100, -119.104000, 0.650000 
53.718500, -113.183000, 0.100000 
53.413300, -117.570600, 14.390000 
53.344000, -114.305000, 8.500000 
56.377200, -117.175600, 3.516000 
53.560000, -114.486200, 14.552000 
57.003300, -111.466100, 435.070000 
53.448700, -114.449100, 14.821000 
53.841600, -113.097900, 18.400000 
53.508500, -114.557100, 38.367000 
51.039600, -114.559000, 148.000000 
57.040500, -111.619200, 839.556000 
53.721700, -113.191700, 9.586000 
