51.570800, -114.851700, 40.180000 
54.194400, -116.632200, 121.900000 
52.226300, -115.177000, 9.010000 
55.996700, -118.533600, 3.799000 
51.534800, -114.203700, 2.702000 
49.305200, -114.000300, 104.700000 
53.541700, -113.391700, 3.654000 
55.725100, -119.399900, 0.948000 
53.354600, -113.715000, 6.156000 
51.039600, -114.559000, 7.600000 
53.413300, -117.570600, 27.550000 
53.546800, -113.734800, 0.036000 
54.833300, -118.646700, 4.289000 
51.191300, -113.940900, 39.973000 
50.747700, -114.494700, 17.971000 
53.245000, -115.674300, 0.090000 
54.923116, -112.861867, 19.440000 
53.550500, -113.358900, 2.622000 
56.380600, -116.795000, 0.106000 
54.130900, -115.546700, 27.050000 
53.746900, -113.164500, 1.500000 
53.048100, -113.921000, 1.241000 
58.500000, -119.416700, 8.039000 
51.965500, -114.753600, 370.295000 
52.940400, -114.832300, 0.138000 
53.204500, -116.811200, 16.050000 
53.795900, -113.099600, 0.973000 
52.776100, -115.660700, 4.617000 
53.733200, -113.175000, 0.162000 
52.553700, -111.694000, 20.550000 
55.335900, -119.223000, 16.975000 
54.524700, -116.794300, 6.050000 
54.572300, -115.522900, 21.106000 
57.040500, -111.619200, 82.842000 
52.959300, -115.893800, 7.814000 
56.377200, -117.175600, 12.190000 
53.952700, -113.078000, 0.617000 
50.647500, -113.772000, 1.659000 
51.219500, -114.645400, 11.820000 
53.181200, -115.762500, 17.270000 
57.003300, -111.466100, 16.660000 
53.421300, -113.904400, 0.092000 
52.758100, -114.111600, 7.264000 
54.596400, -110.395000, 5.300000 
53.288500, -110.018300, 0.210000 
51.984500, -114.743800, 0.032000 
53.557500, -116.547200, 0.048000 
55.913200, -115.150400, 0.039000 
55.074200, -117.274200, 8.505000 
51.926500, -114.542700, 0.072000 
52.327100, -112.718300, 22.950000 
54.185400, -116.210400, 4.597000 
53.721800, -113.192700, 0.001000 
50.583700, -113.871100, 3.970000 
51.400100, -114.034300, 8.050000 
53.250200, -115.555500, 0.823000 
55.040000, -115.475800, 2.132000 
54.427200, -116.884300, 10.117000 
55.481900, -119.059200, 17.876000 
54.284800, -115.698000, 8.661000 
51.696900, -114.475000, 2.431000 
49.628100, -114.571900, 0.200000 
52.095600, -114.799300, 0.110000 
51.915300, -113.578100, 6.659000 
53.757500, -113.149900, 0.025000 
55.489100, -119.750800, 11.868000 
53.132300, -115.981700, 3.863000 
58.555500, -118.915900, 1.182000 
59.063100, -118.875700, 11.209000 
57.546300, -119.112600, 0.735000 
51.526000, -113.880000, 1.956000 
