53.048100, -113.921000, 0.591000 
52.146300, -115.330000, 0.240000 
53.550500, -113.358900, 1.767000 
53.421300, -113.904400, 0.204000 
53.288500, -110.018300, 0.150000 
54.572300, -115.522900, 1.640000 
51.637200, -112.866000, 0.043000 
57.040500, -111.619200, 53.152000 
52.758100, -114.111600, 0.143000 
52.776100, -115.660700, 0.147000 
51.965500, -114.753600, 0.391000 
52.226300, -115.177000, 0.099000 
57.003300, -111.466100, 35.030000 
53.795900, -113.099600, 2.193000 
56.380600, -116.795000, 0.006000 
51.950100, -114.017700, 2.515000 
51.534800, -114.203700, 0.309000 
52.959300, -115.893800, 0.043000 
51.570800, -114.851700, 0.083000 
54.833300, -118.646700, 0.424000 
53.541700, -113.391700, 1.753000 
54.510900, -115.511700, 2.832000 
51.696900, -114.475000, 0.347000 
49.628100, -114.571900, 0.139000 
53.557500, -116.547200, 0.002000 
54.284800, -115.698000, 0.038000 
51.526000, -113.880000, 0.046000 
