55.071200, -118.691200, 44.486000 
53.204500, -116.811200, 6.935000 
53.841600, -113.097900, 2092.740000 
53.718500, -113.183000, 0.100000 
53.413300, -117.570600, 30.490000 
54.923116, -112.861867, 56.010000 
49.789400, -112.126100, 36.900000 
54.194400, -116.632200, 2.937000 
54.144400, -115.691700, 0.158000 
53.721700, -113.191700, 353.027000 
52.322100, -113.516600, 49.474000 
50.846700, -113.581170, 12.900000 
56.377200, -117.175600, 95.669000 
50.086600, -110.716700, 2448.334000 
53.571700, -113.349800, 26.900000 
57.040500, -111.619200, 1097.398000 
52.033030, -113.938910, 65.993000 
50.845800, -113.586700, 1499.170000 
50.982200, -113.974200, 0.004000 
53.570000, -113.611400, 1.459000 
53.719000, -113.205600, 7.316000 
50.583700, -113.871100, 3.200000 
53.725400, -113.193000, 580.600000 
53.725000, -113.192800, 12.341000 
53.721800, -113.192700, 212.808000 
