53.795900, -113.099600, 0.000476 
54.775000, -115.218600, 0.015000 
53.448700, -114.449100, 0.101729 
53.508500, -114.557100, 0.282879 
53.344000, -114.305000, 0.104000 
57.003300, -111.466100, 0.004530 
51.531700, -111.786100, 0.075475 
53.560000, -114.486200, 0.053920 
52.564700, -112.141400, 0.101525 
56.377200, -117.175600, 0.009963 
53.541700, -113.391700, 0.001079 
53.529100, -113.387500, 0.009610 
53.550500, -113.358900, 0.000580 
57.040500, -111.619200, 0.027189 
51.058900, -115.174500, 0.006796 
