57.003300, -111.466100, 95.754000 
53.245000, -115.674300, 0.007000 
53.541700, -113.391700, 2.711000 
53.546800, -113.734800, 0.290000 
51.000100, -113.984300, 0.208000 
57.040500, -111.619200, 66.483000 
52.758100, -114.111600, 0.257000 
52.776100, -115.660700, 0.060000 
49.720100, -112.781900, 0.983000 
55.725100, -119.399900, 0.099000 
53.319500, -113.527900, 0.027000 
55.358300, -114.617200, 0.061000 
51.950100, -114.017700, 1.150000 
52.959300, -115.893800, 0.011000 
53.550500, -113.358900, 2.761000 
53.804200, -113.082400, 17.771000 
52.146300, -115.330000, 0.920000 
53.795900, -113.099600, 7.217000 
53.288500, -110.018300, 0.570000 
57.546300, -119.112600, 0.340000 
58.555500, -118.915900, 0.141000 
53.340200, -113.538100, 0.024000 
54.185400, -116.210400, 0.004000 
51.696900, -114.475000, 1.989000 
51.915300, -113.578100, 0.100000 
49.628100, -114.571900, 0.358000 
54.284800, -115.698000, 0.486000 
52.035300, -115.137700, 8.454000 
