51.000100, -113.984300, 0.454000 
53.733200, -113.175000, 0.354000 
52.758100, -114.111600, 0.010000 
54.833300, -118.646700, 7.920000 
53.550500, -113.358900, 0.276000 
55.725100, -119.399900, 0.615000 
54.952700, -119.195300, 0.154000 
53.048100, -113.921000, 0.330000 
52.776100, -115.660700, 0.010000 
51.191300, -113.940900, 1.363000 
51.637200, -112.866000, 0.110000 
52.959300, -115.893800, 0.110000 
53.319500, -113.527900, 0.076000 
54.179100, -115.806000, 3.866000 
52.496000, -114.988000, 1.430000 
58.500000, -119.416700, 0.130000 
54.572300, -115.522900, 0.780000 
52.385800, -113.595000, 253.010000 
52.553700, -111.694000, 1.768000 
54.596400, -110.395000, 3.524000 
54.524700, -116.794300, 11.600000 
50.647500, -113.772000, 0.050000 
53.795900, -113.099600, 5.287000 
50.982200, -113.974200, 0.001000 
53.541700, -113.391700, 0.976000 
55.996700, -118.533600, 9.600000 
53.804200, -113.082400, 0.004000 
51.534800, -114.203700, 0.900000 
51.696900, -114.475000, 0.100000 
54.427200, -116.884300, 5.598000 
49.476100, -112.652500, 0.023000 
51.526000, -113.880000, 0.100000 
51.915300, -113.578100, 0.100000 
