55.725100, -119.399900, 1.598000 
57.040500, -111.619200, 159.992000 
53.804200, -113.082400, 1.587000 
57.003300, -111.466100, 408.562000 
53.795900, -113.099600, 27.558000 
50.982200, -113.974200, 0.672000 
51.570800, -114.851700, 0.228000 
51.000100, -113.984300, 0.523000 
49.305200, -114.000300, 1.557000 
51.965500, -114.753600, 1.764000 
51.950100, -114.017700, 11.089000 
53.319500, -113.527900, 0.201000 
53.541700, -113.391700, 9.712000 
53.841600, -113.097900, 4.190000 
56.380600, -116.795000, 0.388000 
54.596400, -110.395000, 1.520000 
53.952700, -113.078000, 0.180000 
53.546800, -113.734800, 1.455000 
53.245000, -115.674300, 0.003000 
54.524700, -116.794300, 2.110000 
54.194400, -116.632200, 0.540000 
50.647500, -113.772000, 0.045000 
53.288500, -110.018300, 0.800000 
52.146300, -115.330000, 4.420000 
50.994200, -113.985700, 0.772000 
53.550500, -113.358900, 12.552000 
53.733200, -113.175000, 0.134000 
54.952700, -119.195300, 1.545000 
53.354600, -113.715000, 0.720000 
53.048100, -113.921000, 16.610000 
50.747700, -114.494700, 0.210000 
53.204500, -116.811200, 2.208000 
52.959300, -115.893800, 0.783000 
52.758100, -114.111600, 2.492000 
52.776100, -115.660700, 1.073000 
52.226300, -115.177000, 1.239000 
51.637200, -112.866000, 1.548000 
52.496000, -114.988000, 1.080000 
49.720100, -112.781900, 11.232000 
55.358300, -114.617200, 0.047000 
53.746900, -113.164500, 3.460000 
57.546300, -119.112600, 0.160000 
54.185400, -116.210400, 5.806000 
51.915300, -113.578100, 0.442000 
51.696900, -114.475000, 6.211000 
54.427200, -116.884300, 5.245000 
51.526000, -113.880000, 4.678000 
58.555500, -118.915900, 0.317000 
49.476100, -112.652500, 0.786000 
54.284800, -115.698000, 6.705000 
54.510900, -115.511700, 26.400000 
53.132300, -115.981700, 6.397000 
53.319300, -113.518000, 2.150000 
52.035300, -115.137700, 11.829000 
49.628100, -114.571900, 0.780000 
