54.596400, -110.395000, 1.340000 
53.288500, -110.018300, 0.580000 
51.950100, -114.017700, 2.579000 
52.146300, -115.330000, 1.950000 
52.758100, -114.111600, 1.918000 
53.795900, -113.099600, 0.183000 
50.747700, -114.494700, 0.140000 
53.550500, -113.358900, 1.853000 
50.647500, -113.772000, 0.020000 
52.959300, -115.893800, 0.281000 
53.048100, -113.921000, 1.190000 
52.226300, -115.177000, 0.361000 
57.003300, -111.466100, 366.797000 
51.570800, -114.851700, 0.119000 
54.524700, -116.794300, 0.920000 
51.965500, -114.753600, 0.650000 
55.725100, -119.399900, 0.780000 
52.553700, -111.694000, 1.186000 
53.541700, -113.391700, 2.837000 
53.354600, -113.715000, 1.210000 
49.305200, -114.000300, 1.656000 
51.637200, -112.866000, 0.071000 
57.040500, -111.619200, 13.966000 
54.952700, -119.195300, 2.085000 
58.555500, -118.915900, 0.052000 
54.284800, -115.698000, 0.249000 
51.696900, -114.475000, 0.702000 
51.526000, -113.880000, 0.092000 
49.628100, -114.571900, 1.329000 
51.078650, -114.017660, 2.111000 
