51.965500, -114.753600, 2.478000 
55.725100, -119.399900, 2.685000 
49.720100, -112.781900, 9.246000 
50.982200, -113.974200, 0.141000 
53.181200, -115.762500, 1.293000 
56.380600, -116.795000, 0.373000 
53.288500, -110.018300, 4.350000 
52.959300, -115.893800, 0.284000 
57.040500, -111.619200, 317.511000 
53.559400, -113.597500, 2.897000 
52.776100, -115.660700, 2.063000 
53.952700, -113.078000, 0.230000 
52.226300, -115.177000, 3.236000 
53.546800, -113.734800, 1.062000 
51.534800, -114.203700, 3.051000 
51.570800, -114.851700, 0.488000 
57.003300, -111.466100, 390.566000 
54.194400, -116.632200, 6.454000 
54.524700, -116.794300, 3.862000 
52.146300, -115.330000, 3.080000 
53.746900, -113.164500, 0.494000 
51.950100, -114.017700, 5.758000 
53.795900, -113.099600, 23.066000 
55.358300, -114.617200, 0.149000 
53.804200, -113.082400, 0.161000 
53.354600, -113.715000, 0.560000 
53.319500, -113.527900, 0.208000 
52.758100, -114.111600, 7.994000 
51.000100, -113.984300, 2.793000 
53.245000, -115.674300, 0.017000 
49.305200, -114.000300, 1.971000 
50.994200, -113.985700, 1.653000 
50.747700, -114.494700, 0.160000 
50.983000, -113.988400, 31.600000 
53.541700, -113.391700, 10.364000 
50.647500, -113.772000, 0.048000 
53.550500, -113.358900, 17.304000 
53.048100, -113.921000, 6.760000 
51.915300, -113.578100, 0.159000 
54.510900, -115.511700, 22.860000 
53.340200, -113.538100, 0.070000 
49.628100, -114.571900, 0.621000 
51.005290, -114.058570, 88.400000 
57.546300, -119.112600, 1.267000 
54.284800, -115.698000, 1.959000 
49.476100, -112.652500, 0.079000 
54.427200, -116.884300, 2.709000 
52.035300, -115.137700, 12.486000 
53.132300, -115.981700, 2.305000 
58.555500, -118.915900, 0.138000 
53.531993, -113.364925, 0.200000 
54.185400, -116.210400, 2.462000 
51.696900, -114.475000, 0.945000 
53.544350, -113.374010, 10.400000 
51.526000, -113.880000, 1.393000 
