55.725100, -119.399900, 0.376000 
53.204500, -116.811200, 1.000000 
54.130900, -115.546700, 0.500000 
53.048100, -113.921000, 1.470000 
52.308300, -113.550000, 0.279000 
51.191300, -113.940900, 2.000000 
50.747700, -114.494700, 0.290000 
51.965500, -114.753600, 0.014000 
53.319500, -113.527900, 0.487000 
54.952700, -119.195300, 0.320000 
53.571700, -113.349800, 21.552000 
52.553700, -111.694000, 0.900000 
54.572300, -115.522900, 0.350000 
56.377200, -117.175600, 735.930000 
50.994200, -113.985700, 4.125000 
52.496000, -114.988000, 0.600000 
50.982200, -113.974200, 6.975000 
50.845800, -113.586700, 0.100000 
53.570000, -113.611400, 28.034000 
50.647500, -113.772000, 0.500000 
53.572500, -113.360600, 77.300000 
53.733200, -113.175000, 0.466000 
51.000100, -113.984300, 1.126000 
52.226300, -115.177000, 0.010000 
53.582300, -113.588600, 138.054000 
53.841600, -113.097900, 46.690000 
53.413300, -117.570600, 243.394000 
54.923116, -112.861867, 95.070000 
53.181200, -115.762500, 0.935000 
55.071200, -118.691200, 79.200000 
50.805300, -110.034900, 4.452000 
52.758100, -114.111600, 0.010000 
54.194400, -116.632200, 0.983000 
50.086600, -110.716700, 316.545000 
53.343600, -113.526900, 0.896000 
58.555500, -118.915900, 0.378000 
53.531993, -113.364925, 3.710000 
51.696900, -114.475000, 1.248000 
54.510900, -115.511700, 1.170000 
49.476100, -112.652500, 0.384000 
51.915300, -113.578100, 0.318000 
54.284800, -115.698000, 0.129000 
53.725400, -113.193000, 761.100000 
53.340200, -113.538100, 0.166000 
51.526000, -113.880000, 0.040000 
