53.746900, -113.164500, 6.420000 
52.308300, -113.550000, 13.812000 
53.245000, -115.674300, 0.089000 
51.534800, -114.203700, 1.581000 
54.833300, -118.646700, 0.467000 
55.358300, -114.617200, 0.136000 
54.952700, -119.195300, 1.313000 
53.546800, -113.734800, 2.364000 
53.572500, -113.360600, 24.950000 
50.647500, -113.772000, 0.013000 
54.596400, -110.395000, 0.870000 
55.725100, -119.399900, 1.852000 
53.354600, -113.715000, 1.358000 
52.776100, -115.660700, 0.510000 
54.194400, -116.632200, 5.781000 
52.959300, -115.893800, 0.944000 
52.758100, -114.111600, 1.463000 
52.146300, -115.330000, 2.770000 
53.804200, -113.082400, 32.909000 
53.733200, -113.175000, 0.812000 
56.380600, -116.795000, 0.454000 
53.795900, -113.099600, 15.376000 
53.048100, -113.921000, 18.510000 
53.541700, -113.391700, 4.265000 
51.965500, -114.753600, 0.337000 
53.550500, -113.358900, 4.137000 
51.950100, -114.017700, 7.370000 
55.269500, -114.598300, 3.880000 
53.593060, -116.390300, 9.990000 
53.288500, -110.018300, 0.390000 
53.227700, -114.988900, 3.780000 
51.570800, -114.851700, 0.251000 
57.040500, -111.619200, 48.021000 
57.003300, -111.466100, 67.814000 
57.546300, -119.112600, 2.500000 
53.132300, -115.981700, 4.052000 
49.628100, -114.571900, 0.870000 
51.526000, -113.880000, 8.405000 
51.915300, -113.578100, 1.203000 
54.510900, -115.511700, 20.580000 
54.185400, -116.210400, 3.606000 
52.035300, -115.137700, 6.781000 
54.427200, -116.884300, 9.183000 
51.696900, -114.475000, 7.989000 
