54.194400, -116.632200, 221.000000 
52.146300, -115.330000, 207.000000 
50.747700, -114.494700, 17.000000 
57.003300, -111.466100, 20.898000 
51.570800, -114.851700, 266.691000 
52.226300, -115.177000, 34.230000 
51.191300, -113.940900, 217.175000 
53.204500, -116.811200, 365.000000 
55.725100, -119.399900, 30.436000 
51.039600, -114.559000, 215.000000 
49.305200, -114.000300, 87.830000 
57.040500, -111.619200, 23.022000 
49.628100, -114.571900, 33.100000 
54.427200, -116.884300, 79.000000 
54.185400, -116.210400, 1053.600000 
51.400100, -114.034300, 90.800000 
53.132300, -115.981700, 30.300000 
