53.413300, -117.570600, 14.692000 
51.531700, -111.786100, 383.800000 
53.718500, -113.183000, 0.100000 
55.071200, -118.691200, 12.890000 
53.344000, -114.305000, 159.040000 
52.564700, -112.141400, 293.400000 
56.377200, -117.175600, 7.490000 
51.039600, -114.559000, 65.000000 
53.448700, -114.449100, 160.000000 
53.508500, -114.557100, 400.000000 
57.040500, -111.619200, 786.700000 
52.758100, -114.111600, 3.862000 
53.841600, -113.097900, 29.290000 
53.721700, -113.191700, 4.420000 
53.550500, -113.358900, 0.010000 
53.560000, -114.486200, 166.000000 
57.003300, -111.466100, 308.336000 
52.226300, -115.177000, 0.010000 
