53.550500, -113.358900, 3.664000 
53.952700, -113.078000, 0.180000 
50.647500, -113.772000, 0.010000 
53.288500, -110.018300, 2.940000 
51.637200, -112.866000, 0.043000 
57.003300, -111.466100, 228.000000 
52.959300, -115.893800, 0.043000 
52.226300, -115.177000, 0.099000 
53.319500, -113.527900, 0.032000 
53.795900, -113.099600, 2.256000 
53.541700, -113.391700, 4.390000 
52.776100, -115.660700, 0.069000 
52.758100, -114.111600, 0.143000 
51.965500, -114.753600, 0.470000 
57.040500, -111.619200, 58.948000 
51.950100, -114.017700, 2.515000 
51.570800, -114.851700, 0.062000 
51.696900, -114.475000, 0.096000 
54.284800, -115.698000, 0.035000 
51.526000, -113.880000, 0.060000 
49.628100, -114.571900, 0.392000 
