53.560000, -114.486200, 142.000000 
56.377200, -117.175600, 127.130000 
50.845800, -113.586700, 1349.100000 
55.071200, -118.691200, 43.886000 
53.582300, -113.588600, 1.848000 
53.718500, -113.183000, 0.100000 
49.789400, -112.126100, 31.000000 
53.841600, -113.097900, 2318.020000 
54.923116, -112.861867, 40.125000 
53.721700, -113.191700, 501.630000 
54.194400, -116.632200, 3.061000 
54.144400, -115.691700, 0.158000 
50.086600, -110.716700, 2412.903000 
52.033030, -113.938910, 69.780000 
53.571700, -113.349800, 48.127000 
50.957800, -113.981800, 3.329000 
53.508500, -114.557100, 9.500000 
53.204500, -116.811200, 3.007000 
50.846700, -113.581170, 3.200000 
52.322100, -113.516600, 19.000000 
57.040500, -111.619200, 1430.600000 
53.725400, -113.193000, 689.100000 
53.394200, -113.570700, 0.152000 
53.725000, -113.192800, 36.444000 
53.721800, -113.192700, 303.840000 
