57.003300, -111.466100, 70.025400 
57.040500, -111.619200, 38.007000 
53.570000, -113.611400, 0.057000 
53.795900, -113.099600, 1.180000 
53.804200, -113.082400, 14.848000 
53.727300, -113.087100, 0.012900 
53.541700, -113.391700, 1.620000 
53.181200, -115.762500, 0.001600 
51.696900, -114.475000, 0.119000 
53.132300, -115.981700, 1.063000 
55.489100, -119.750800, 3.984000 
51.000700, -113.965670, 0.323500 
51.010160, -113.964210, 0.013500 
59.641800, -118.307800, 0.019300 
52.309150, -113.809970, 0.002400 
55.175000, -118.785400, 0.114900 
53.301700, -110.012600, 0.093800 
56.411700, -110.937600, 0.250000 
56.113500, -111.829300, 0.372900 
57.335400, -111.755600, 3.313000 
53.576900, -116.452400, 0.134300 
56.113140, -111.715340, 0.410700 
53.293090, -113.537600, 0.041400 
