50.080710, -110.727860, 0.006000 
50.982200, -113.974200, 0.001000 
53.570000, -113.611400, 0.003000 
53.795900, -113.099600, 0.131000 
53.804200, -113.082400, 0.406700 
53.541700, -113.391700, 0.400000 
53.181200, -115.762500, 0.000400 
51.526000, -113.880000, 0.100000 
51.400100, -114.034300, 0.365000 
51.000700, -113.965670, 0.568100 
52.228400, -114.397700, 9.597000 
57.351700, -111.522200, 0.361400 
53.737500, -113.149000, 0.213100 
52.942400, -113.511100, 19.383000 
55.175000, -118.785400, 0.000300 
53.576900, -116.452400, 0.063000 
53.293090, -113.537600, 0.275300 
