53.288500, -110.018300, 0.452000 
54.596400, -110.395000, 1.087800 
55.335900, -119.223000, 1.435000 
50.647500, -113.772000, 0.067000 
54.194400, -116.632200, 1.453000 
51.742300, -114.134500, 1.067000 
52.959300, -115.893800, 2.882000 
52.776100, -115.660700, 1.344000 
52.758100, -114.111600, 1.636000 
52.226300, -115.177000, 2.202000 
51.965500, -114.753600, 3.229300 
53.652000, -116.099200, 4.028400 
57.003300, -111.466100, 127.210900 
57.040500, -111.619200, 99.732000 
50.982200, -113.974200, 0.002000 
53.570000, -113.611400, 0.024000 
53.795900, -113.099600, 19.004000 
53.804200, -113.082400, 1.233000 
53.541700, -113.391700, 9.610000 
53.181200, -115.762500, 0.034700 
53.550500, -113.358900, 21.205900 
51.526000, -113.880000, 0.138100 
51.696900, -114.475000, 0.909000 
54.185400, -116.210400, 1.036000 
54.427200, -116.884300, 1.883000 
53.132300, -115.981700, 1.200000 
55.481900, -119.059200, 0.077000 
57.546300, -119.112600, 1.065000 
53.250200, -115.555500, 0.184700 
55.489100, -119.750800, 5.374000 
53.571290, -113.355400, 0.736000 
53.557500, -116.547200, 1.760000 
51.000700, -113.965670, 1.154800 
51.010160, -113.964210, 0.204800 
53.902300, -115.189300, 2.183000 
53.740700, -113.023100, 0.965000 
53.550690, -113.349600, 12.172300 
52.674300, -111.311600, 0.134000 
57.298900, -111.503300, 4.051000 
53.286400, -110.017800, 0.262000 
52.656700, -111.311900, 0.393000 
54.420500, -110.213100, 0.045000 
55.582700, -110.888800, 1.955000 
55.069600, -110.536100, 4.070000 
53.527200, -113.354800, 2.292800 
50.963600, -113.976680, 3.960500 
53.530040, -113.402010, 4.039400 
53.282300, -113.542000, 0.002000 
56.215000, -110.968100, 0.262000 
57.217500, -110.895000, 9.207500 
53.288900, -110.012000, 9.100000 
54.342700, -110.328700, 0.015900 
55.175000, -118.785400, 0.066700 
56.193600, -110.950600, 1.067000 
55.527900, -110.873800, 0.033400 
56.411700, -110.937600, 1.059000 
56.113500, -111.829300, 3.588700 
57.335400, -111.755600, 22.385000 
53.576900, -116.452400, 0.155200 
55.041500, -119.631000, 0.354000 
56.113140, -111.715340, 3.847100 
55.524545, -110.998753, 0.019400 
54.499810, -115.419150, 3.015000 
54.961270, -117.277780, 1.816000 
53.572140, -113.317020, 2.225000 
53.183180, -114.809290, 4.650000 
