54.596400, -110.395000, 0.097600 
55.335900, -119.223000, 1.584000 
50.647500, -113.772000, 0.015000 
53.746900, -113.164500, 3.998000 
52.959300, -115.893800, 2.144000 
52.758100, -114.111600, 3.854000 
52.226300, -115.177000, 2.011000 
57.003300, -111.466100, 86.931300 
57.040500, -111.619200, 64.730000 
53.795900, -113.099600, 1.390200 
53.541700, -113.391700, 1.260000 
51.526000, -113.880000, 0.150100 
51.696900, -114.475000, 0.223000 
54.427200, -116.884300, 1.010000 
53.132300, -115.981700, 1.652000 
51.078650, -114.017660, 2.950000 
55.489100, -119.750800, 0.263000 
53.557500, -116.547200, 0.176000 
53.902300, -115.189300, 1.037000 
52.674300, -111.311600, 0.051000 
57.298900, -111.503300, 8.191000 
56.193600, -110.950600, 0.003000 
55.527900, -110.873800, 0.057300 
56.113500, -111.829300, 1.864600 
57.335400, -111.755600, 171.146000 
55.041500, -119.631000, 0.004000 
56.113140, -111.715340, 2.053500 
55.524545, -110.998753, 0.031100 
