53.733200, -113.175000, 0.155000 
53.288500, -110.018300, 4.971000 
52.146300, -115.330000, 1.540500 
50.747700, -114.494700, 2.950000 
54.952700, -119.195300, 3.500900 
54.572300, -115.522900, 1.775000 
54.596400, -110.395000, 51.106200 
55.335900, -119.223000, 3.173000 
54.194400, -116.632200, 3.222000 
53.245000, -115.674300, 1.768000 
53.746900, -113.164500, 17.269000 
54.007100, -119.104000, 3.078100 
51.742300, -114.134500, 4.384000 
52.959300, -115.893800, 8.769000 
52.776100, -115.660700, 4.377000 
52.758100, -114.111600, 26.475000 
52.226300, -115.177000, 11.420000 
52.940400, -114.832300, 4.109000 
55.725100, -119.399900, 6.272200 
52.308300, -113.550000, 5.079000 
51.965500, -114.753600, 1.300800 
53.652000, -116.099200, 4.324900 
54.423300, -117.760400, 1.498000 
57.003300, -111.466100, 75.069800 
57.040500, -111.619200, 85.072000 
50.982200, -113.974200, 0.040000 
53.570000, -113.611400, 0.079000 
53.795900, -113.099600, 22.013600 
53.727300, -113.087100, 1.357000 
53.541700, -113.391700, 4.900000 
53.181200, -115.762500, 0.842400 
51.219500, -114.645400, 3.896600 
54.833300, -118.646700, 1.311000 
54.524700, -116.794300, 4.217600 
52.553700, -111.694000, 1.244500 
53.550500, -113.358900, 21.412700 
51.526000, -113.880000, 3.349800 
51.696900, -114.475000, 1.173000 
54.772900, -110.579000, 51.404300 
54.185400, -116.210400, 1.934000 
54.427200, -116.884300, 5.628000 
53.132300, -115.981700, 9.163000 
53.728270, -113.235520, 61.699000 
54.510900, -115.511700, 5.720000 
53.283800, -110.031900, 324.581000 
49.701943, -112.803037, 163.065400 
57.546300, -119.112600, 3.427000 
53.250200, -115.555500, 5.426400 
55.489100, -119.750800, 1.045000 
51.222500, -114.495600, 2.146600 
53.557500, -116.547200, 0.298000 
53.817200, -113.133600, 7.299000 
51.000700, -113.965670, 2.247100 
52.327100, -112.718300, 2.478000 
51.010160, -113.964210, 0.000200 
55.074200, -117.274200, 2.510000 
53.902300, -115.189300, 3.986000 
53.550690, -113.349600, 16.260500 
52.674300, -111.311600, 0.363000 
57.298900, -111.503300, 1.676000 
50.671900, -110.028900, 1.966000 
57.351700, -111.522200, 244.636500 
50.959200, -113.981200, 1.346400 
53.527200, -113.354800, 3.222700 
53.544400, -113.366200, 6.717300 
56.981400, -111.475800, 45.529000 
53.543100, -117.797900, 9.981000 
52.588100, -111.206100, 19.929800 
50.963600, -113.976680, 5.700700 
53.530040, -113.402010, 7.746300 
50.129400, -111.908400, 4.154400 
54.974300, -117.285800, 2.082000 
53.388600, -115.315800, 3.132000 
56.215000, -110.968100, 1.977000 
59.641800, -118.307800, 4.481400 
52.963700, -111.364700, 1.914700 
55.318300, -116.491800, 1.954000 
53.566800, -113.365000, 26.807000 
52.639900, -111.273500, 29.530000 
54.342700, -110.328700, 5.694300 
55.175000, -118.785400, 0.128700 
56.193600, -110.950600, 0.003000 
55.527900, -110.873800, 17.919700 
52.635200, -111.263900, 2.875000 
56.411700, -110.937600, 26.880000 
51.898100, -113.567200, 3.601500 
56.390700, -116.875400, 1.711000 
56.113500, -111.829300, 5.593900 
53.542800, -113.361400, 1.330700 
53.576900, -116.452400, 0.085500 
53.573700, -113.348400, 5.577000 
56.113140, -111.715340, 6.160600 
52.647440, -111.270000, 0.396900 
55.524545, -110.998753, 12.179400 
