55.996700, -118.533600, 370.628200 
53.539700, -113.409200, 221.000000 
52.829200, -110.859200, 3.539000 
56.377200, -117.175600, 1059.902000 
53.833100, -113.108900, 15.940000 
53.344000, -114.305000, 13380.000000 
53.733200, -113.175000, 1140.205000 
53.288500, -110.018300, 61.893000 
52.146300, -115.330000, 246.689700 
50.747700, -114.494700, 364.350000 
54.952700, -119.195300, 802.608900 
53.952700, -113.078000, 128.718000 
54.572300, -115.522900, 313.450000 
54.596400, -110.395000, 5525.242100 
55.335900, -119.223000, 29.064000 
50.647500, -113.772000, 49.779000 
54.194400, -116.632200, 673.460000 
53.245000, -115.674300, 563.490000 
53.746900, -113.164500, 45.250000 
54.144400, -115.691700, 54.000000 
49.789400, -112.126100, 80.316000 
54.179100, -115.806000, 38.564000 
52.564700, -112.141400, 10235.753300 
51.531700, -111.786100, 10818.739600 
54.007100, -119.104000, 1295.000000 
54.775000, -115.218600, 26.100000 
51.742300, -114.134500, 445.330000 
52.496000, -114.988000, 311.346300 
50.675600, -110.025000, 22.817000 
53.529100, -113.387500, 69.615000 
52.322100, -113.516600, 36.597000 
52.959300, -115.893800, 583.220000 
52.463000, -114.346500, 311.100000 
51.637200, -112.866000, 196.424000 
52.776100, -115.660700, 325.500000 
52.758100, -114.111600, 699.250000 
52.226300, -115.177000, 660.170000 
58.500000, -119.416700, 45.239900 
53.089200, -116.805900, 104.039000 
52.940400, -114.832300, 227.020000 
55.725100, -119.399900, 238.130000 
52.308300, -113.550000, 2247.436000 
50.080710, -110.727860, 1440.700000 
53.733200, -113.486200, 7.610000 
49.305200, -114.000300, 280.137000 
51.039600, -114.559000, 133.972000 
51.965500, -114.753600, 204.554000 
56.380600, -116.795000, 136.449000 
53.721700, -113.191700, 1901.796000 
53.841600, -113.097900, 1291.920000 
53.652000, -116.099200, 57.890000 
54.423300, -117.760400, 556.720000 
57.003300, -111.466100, 10489.592000 
57.040500, -111.619200, 13577.661000 
53.508500, -114.557100, 18680.400000 
53.448700, -114.449100, 11827.330000 
52.385800, -113.595000, 11.463400 
51.181625, -114.472100, 3.410000 
51.022770, -114.027660, 57.494900 
52.033030, -113.938910, 19.801000 
53.227700, -114.988900, 29.100000 
53.593060, -116.390300, 84.452000 
51.570800, -114.851700, 43.910000 
55.070600, -118.688800, 0.712000 
50.846700, -113.581170, 294.770000 
55.071200, -118.691200, 867.672000 
53.795900, -113.099600, 1010.600000 
53.804200, -113.082400, 318.831000 
53.413300, -117.570600, 714.105000 
50.845800, -113.586700, 1223.000000 
53.727300, -113.087100, 1.300000 
53.541700, -113.391700, 1283.100000 
53.181200, -115.762500, 788.281300 
51.219500, -114.645400, 541.800000 
50.805300, -110.034900, 1278.764000 
54.833300, -118.646700, 53.100000 
54.524700, -116.794300, 707.400000 
52.553700, -111.694000, 73.100000 
54.130900, -115.546700, 129.010000 
53.204500, -116.811200, 64.858900 
51.086700, -114.008800, 13.000000 
50.086600, -110.716700, 2439.487000 
53.550500, -113.358900, 1713.801000 
51.526000, -113.880000, 46.922300 
51.696900, -114.475000, 1909.203000 
55.248100, -114.514000, 77.170000 
53.531993, -113.364925, 210.100000 
54.772900, -110.579000, 1659.200000 
54.185400, -116.210400, 203.360000 
51.400100, -114.034300, 557.347400 
53.757500, -113.149900, 54.827000 
51.984500, -114.743800, 90.945000 
51.926500, -114.542700, 76.924000 
54.427200, -116.884300, 825.760000 
53.132300, -115.981700, 47.550000 
52.035300, -115.137700, 632.568000 
53.728270, -113.235520, 9.117000 
54.510900, -115.511700, 97.560000 
53.283800, -110.031900, 46.629700 
50.061200, -110.723000, 0.687000 
55.481900, -119.059200, 32.719000 
51.789600, -114.702800, 30.972900 
54.238200, -115.379700, 185.500000 
53.725400, -113.193000, 501.260000 
49.758379, -112.452561, 78.300000 
53.505652, -113.412963, 41.299000 
49.628100, -114.571900, 20.650000 
57.546300, -119.112600, 122.260000 
55.040000, -115.475800, 144.850000 
50.597600, -111.881800, 41.000000 
50.583700, -113.871100, 102.338200 
55.489100, -119.750800, 397.428000 
53.581600, -113.599100, 1118.511000 
55.876700, -119.301100, 211.241000 
51.222500, -114.495600, 1405.300000 
53.557500, -116.547200, 659.549000 
59.063100, -118.875700, 131.595000 
51.058900, -115.174500, 4022.800000 
52.327100, -112.718300, 638.990000 
56.904200, -117.633600, 1.500000 
53.670500, -115.762200, 229.953000 
53.723500, -113.173800, 115.922000 
50.058200, -110.728200, 817.740000 
54.133300, -115.366600, 48.615800 
55.074200, -117.274200, 252.594000 
54.394900, -116.809000, 7.612000 
58.194700, -116.350400, 26.013600 
55.199400, -116.221900, 188.985000 
55.993500, -113.480500, 283.601000 
53.799100, -113.080700, 261.238000 
58.518800, -117.119500, 340.000000 
54.139800, -115.689100, 17.000000 
54.587200, -112.803100, 2.700000 
49.693900, -112.096200, 21.780000 
53.902300, -115.189300, 75.910000 
53.740700, -113.023100, 1544.034000 
52.212400, -113.843700, 44.570200 
52.228400, -114.397700, 189.103000 
51.189400, -113.937800, 235.648000 
52.766100, -114.285600, 39.746400 
53.593600, -113.335600, 55.260000 
57.298900, -111.503300, 556.800000 
53.345800, -111.251900, 4.640000 
50.040920, -110.721904, 210.894000 
50.664700, -113.784200, 12.780000 
50.443600, -110.882500, 123.920000 
49.801900, -113.104700, 18.110000 
49.677359, -112.862698, 7.046000 
53.608100, -111.264400, 8.630000 
53.622800, -115.869400, 6.720000 
50.269600, -112.893800, 216.668000 
53.652200, -113.716400, 14.260000 
52.308300, -113.550000, 510.576000 
58.447100, -119.238300, 207.716700 
55.338500, -119.219200, 39.368200 
58.460300, -115.238300, 85.538000 
54.939600, -117.182500, 23.581900 
53.402700, -117.599300, 70.455000 
50.577200, -111.178100, 70.981000 
52.869000, -115.101000, 171.762000 
50.671900, -110.028900, 61.476000 
52.904700, -115.324700, 38.543000 
55.582700, -110.888800, 426.876000 
53.091100, -111.768600, 35.164000 
55.069600, -110.536100, 803.510000 
53.373100, -116.086000, 178.846000 
51.006900, -113.192800, 341.628000 
57.351700, -111.522200, 1043.300000 
53.519600, -113.529000, 232.309000 
51.024500, -114.025000, 36.700000 
54.407700, -110.277800, 16.950000 
52.315900, -113.850000, 55.440000 
50.847000, -113.591000, 171.000000 
53.819400, -113.141900, 129.000000 
54.043500, -117.420000, 206.330700 
49.975700, -114.130000, 182.717100 
52.058000, -114.908000, 166.819400 
52.983100, -112.189800, 103.751800 
54.829600, -118.647000, 139.415000 
54.402000, -112.553000, 32.837900 
53.960200, -116.460000, 25.977900 
54.483500, -118.100000, 272.229600 
53.099500, -115.364200, 21.306400 
57.188000, -118.248900, 178.373300 
51.360600, -111.745900, 44.736700 
55.450900, -113.923000, 98.024300 
50.697800, -111.531000, 46.070000 
55.814900, -119.365000, 24.065700 
51.943400, -114.736000, 323.348600 
54.094600, -112.306000, 163.841900 
53.470500, -116.496100, 87.700100 
50.693800, -114.330000, 175.641400 
52.355300, -115.332000, 102.700600 
52.755200, -110.747000, 31.097100 
51.444300, -114.527000, 172.908300 
53.244500, -116.238000, 215.450200 
51.130700, -114.009000, 6.640000 
51.068200, -115.136400, 400.832000 
53.862700, -110.639000, 27.000000 
52.479300, -115.206900, 150.806000 
53.431000, -117.540600, 0.762000 
53.010600, -112.810000, 0.705000 
52.255700, -113.886000, 1.494000 
53.645100, -114.130200, 1.822000 
51.407800, -113.668300, 184.105700 
50.963300, -112.288300, 229.106400 
50.676800, -110.018000, 43.074100 
50.701100, -111.095600, 46.395400 
53.066500, -117.404800, 82.040000 
56.981400, -111.475800, 38.057400 
54.293100, -116.188300, 212.742000 
53.826700, -113.603300, 100.563000 
53.039700, -111.220000, 81.148000 
55.866700, -119.596700, 105.752000 
54.839400, -118.658900, 65.158000 
54.285600, -115.711100, 52.549000 
51.065300, -115.221100, 52.092000 
53.501040, -113.489732, 179.698600 
52.375200, -114.921600, 25.527200 
55.969400, -117.575600, 48.095000 
53.691700, -113.614400, 22.041000 
52.046500, -114.588800, 113.420000 
52.002900, -114.597700, 19.820000 
51.813700, -114.536800, 158.770000 
53.006800, -110.995000, 50.717000 
50.194700, -110.479700, 38.228000 
50.187500, -110.476900, 47.964000 
50.205800, -110.476900, 43.095000 
53.152300, -111.076600, 31.741000 
52.843200, -111.722800, 227.471000 
53.607000, -112.592700, 95.660000 
53.537900, -111.785100, 88.670000 
53.635900, -112.019200, 106.788000 
55.931200, -112.047000, 53.611000 
51.213400, -110.336100, 31.447000 
52.322800, -114.020800, 59.340000 
51.649800, -110.187200, 41.000000 
52.926800, -111.889500, 34.345000 
51.770100, -111.422000, 163.450000 
51.791700, -111.536400, 141.913000 
52.555700, -111.805300, 78.400000 
56.036800, -113.782500, 153.400000 
52.402900, -111.736200, 142.800000 
55.644000, -114.659700, 84.960000 
55.858700, -113.841400, 46.490000 
54.897200, -117.708800, 365.684000 
54.218200, -110.712000, 71.622000 
54.101800, -114.292500, 124.790000 
55.247500, -116.641600, 182.948000 
54.359600, -116.152900, 38.713000 
54.229000, -110.348600, 39.575000 
54.210700, -110.241900, 29.062000 
54.025400, -110.681200, 32.298000 
54.056020, -110.357560, 40.233000 
54.113300, -110.564600, 31.281000 
54.221800, -110.584200, 65.538000 
54.105400, -113.442700, 29.767000 
53.883400, -110.041100, 20.990000 
50.242200, -113.617100, 38.663000 
50.231100, -113.519600, 29.207000 
50.151100, -113.562100, 21.076000 
53.155900, -112.326700, 168.336000 
56.091500, -111.817800, 91.451000 
55.991165, -112.032320, 41.233000 
55.869500, -112.001200, 33.727000 
55.924000, -111.896500, 68.446000 
55.873200, -112.145400, 30.257000 
52.923200, -115.107500, 107.082000 
52.779800, -113.629900, 164.016000 
52.774000, -113.520700, 25.086000 
52.719300, -113.617900, 106.770000 
53.345100, -114.743600, 50.061000 
52.872000, -113.629900, 88.387000 
52.868400, -113.666300, 73.073000 
52.104500, -113.077400, 92.868000 
52.592000, -113.967900, 100.566000 
52.322800, -114.020800, 213.315000 
52.373700, -114.076000, 60.576000 
55.985900, -119.955800, 30.600000 
54.138100, -111.908300, 151.652000 
53.890700, -117.354000, 169.181000 
53.643300, -111.426700, 57.049000 
55.728600, -119.775000, 35.678000 
55.713100, -119.600800, 41.748000 
55.641700, -119.635000, 41.669000 
53.850600, -112.190600, 37.642000 
55.396400, -119.599700, 130.658000 
50.100300, -111.988100, 30.362000 
53.956700, -111.172600, 92.996000 
53.796100, -111.941900, 214.395000 
53.766900, -112.203100, 100.661000 
52.621200, -114.827900, 115.767000 
54.494400, -115.957600, 47.461000 
53.927000, -114.376900, 21.917000 
54.338200, -114.060400, 45.127000 
55.913200, -114.482200, 18.253000 
54.078900, -113.346000, 35.520000 
54.443600, -112.583200, 141.290000 
54.068900, -112.184200, 44.175000 
53.908900, -113.172500, 61.504000 
55.116400, -116.712300, 65.336000 
52.544800, -110.713600, 54.317000 
58.943200, -118.916800, 34.129000 
59.067000, -118.875900, 185.805000 
58.975900, -119.118700, 33.503000 
59.165100, -118.725800, 33.959000 
59.117900, -118.654500, 63.440000 
58.997900, -118.797500, 127.351000 
59.005100, -119.033200, 70.054000 
59.095900, -118.576100, 67.115000 
52.746800, -112.988000, 20.679000 
52.588400, -113.161800, 79.710000 
52.144400, -115.535000, 24.527000 
52.180900, -112.647600, 90.719000 
52.198500, -112.638000, 105.050000 
52.166400, -112.658600, 90.119000 
52.549700, -112.579400, 77.100000 
51.893700, -114.400400, 374.283000 
52.402900, -114.707700, 185.801000 
52.480900, -114.870200, 191.299000 
52.199300, -114.564900, 44.075000 
52.319300, -111.477600, 219.285000 
52.235700, -111.788100, 44.050000 
52.220900, -111.937300, 137.092000 
51.955400, -111.845300, 255.102000 
52.326500, -111.128600, 94.447000 
51.977300, -111.173400, 122.422000 
52.064500, -111.298700, 85.175000 
52.446500, -111.272700, 19.003000 
52.333700, -111.357300, 46.807000 
52.515700, -113.173800, 507.122000 
52.450100, -113.167900, 84.529000 
49.871100, -112.913700, 86.191000 
52.490000, -113.034400, 21.258000 
52.366500, -113.191800, 100.777000 
52.515700, -113.366300, 28.413000 
51.748200, -113.592100, 27.180000 
52.104400, -110.695000, 139.802000 
52.028200, -110.564700, 53.621000 
51.977300, -110.486900, 20.309000 
52.264500, -110.570500, 109.285000 
54.294500, -114.887800, 30.049000 
50.737400, -112.084900, 235.505000 
50.542200, -112.204700, 32.573000 
54.162500, -112.841800, 26.048000 
50.704300, -111.155300, 40.807000 
50.518700, -111.910900, 40.324000 
50.838700, -111.520100, 85.700000 
50.977000, -111.683100, 35.626000 
51.300700, -112.042600, 32.443000 
57.299000, -118.228900, 128.447000 
52.166500, -113.256300, 21.915000 
54.796400, -117.658000, 37.966000 
52.286500, -114.123200, 22.751000 
54.785300, -117.658000, 172.483000 
52.457600, -114.419100, 77.590000 
57.200800, -118.819200, 27.128000 
55.891100, -119.798600, 26.497000 
55.494700, -119.289500, 29.071000 
51.488700, -113.153900, 345.016000 
53.719800, -113.596300, 40.586000 
53.416800, -113.917700, 107.932000 
53.179500, -111.779500, 19.590000 
53.821500, -113.490400, 107.071200 
56.964500, -117.007100, 22.463300 
55.938600, -117.239400, 41.258200 
56.582500, -118.118100, 90.662000 
57.153300, -118.334500, 54.920000 
56.818900, -118.570000, 40.681000 
54.127000, -110.486500, 66.514000 
51.333400, -110.667500, 49.718000 
51.959000, -110.767500, 122.802000 
51.977300, -110.988300, 27.293000 
56.982800, -118.305800, 142.798000 
51.773700, -114.222900, 128.170000 
50.987900, -111.741500, 43.511000 
51.425100, -110.513800, 41.137000 
56.691400, -118.771700, 73.567000 
56.069400, -119.877200, 63.834000 
56.069400, -118.247000, 84.100000 
51.413400, -111.766500, 57.446000 
51.254200, -110.402700, 29.137000 
50.220300, -112.444200, 108.394000 
49.521900, -112.859000, 133.950000 
51.620900, -114.483500, 61.454000 
51.911800, -114.512900, 70.645000 
52.068200, -114.546800, 30.808000 
51.919000, -114.394600, 269.812000 
51.897200, -115.040200, 234.384000 
51.948100, -115.081600, 84.915000 
52.093600, -115.143800, 65.639000 
52.104400, -115.161600, 40.791000 
52.064400, -115.131800, 173.962000 
51.828100, -114.980700, 74.547000 
53.035800, -115.965300, 52.706000 
53.912600, -116.745100, 115.883000 
54.029000, -116.769800, 44.198000 
54.319700, -116.718100, 26.425000 
54.287000, -117.069000, 95.773000 
54.207000, -117.169300, 163.524000 
54.385300, -116.975100, 72.453000 
54.345300, -116.880900, 30.758000 
57.193700, -118.199700, 27.400000 
57.338900, -118.460000, 134.885000 
54.436200, -111.205100, 108.917000 
55.694100, -113.599400, 67.625000 
55.520400, -113.781100, 68.931000 
55.509300, -114.146900, 96.443000 
55.585600, -117.891600, 627.522000 
53.159500, -114.902800, 44.390000 
54.647200, -119.332000, 96.750000 
54.836400, -119.145800, 41.496000 
54.796400, -119.439200, 43.545000 
54.872800, -119.361100, 33.205000 
54.829200, -119.490000, 32.154000 
54.800000, -119.775600, 146.272000 
54.607200, -119.332000, 114.664000 
54.796400, -119.719700, 104.053000 
54.720000, -119.110600, 386.543000 
52.544800, -114.545200, 112.992000 
52.184500, -114.737900, 48.836000 
53.103200, -115.363400, 23.569000 
52.814000, -114.786000, 234.612000 
52.140800, -115.060200, 22.547000 
52.708400, -115.428900, 82.779000 
53.101200, -114.761900, 101.467000 
51.649800, -114.501300, 43.328000 
53.257600, -115.507800, 33.806000 
53.909800, -115.787800, 36.571000 
53.828700, -115.943000, 48.608000 
53.366700, -116.022500, 66.763000 
53.326800, -116.168000, 79.563000 
53.534300, -116.333900, 22.886000 
49.616400, -112.472000, 19.859000 
49.958300, -113.556600, 61.564000 
53.035900, -111.403600, 36.596000 
53.777900, -115.769200, 79.654000 
54.130700, -115.765300, 62.908000 
54.887200, -119.828100, 31.042000 
55.061900, -119.388100, 23.052000 
55.061900, -119.337000, 20.961000 
55.032800, -119.745000, 21.787000 
55.018300, -119.413600, 20.785000 
55.047200, -119.828100, 21.951000 
55.032800, -119.623900, 21.331000 
55.010800, -119.865000, 45.730000 
54.901900, -119.891700, 20.022000 
57.742220, -119.995050, 56.798000 
57.480800, -119.160100, 64.646000 
57.418900, -119.561200, 77.765000 
51.065100, -114.130500, 56.749900 
51.180450, -113.937280, 61.522000 
53.013900, -116.258600, 234.462000 
52.703800, -114.572500, 53.458000 
50.901600, -110.480800, 88.947000 
51.500600, -113.804400, 21.749000 
50.805800, -111.507500, 111.706000 
52.064400, -114.271400, 189.056000 
52.020800, -110.891900, 31.147000 
51.027000, -114.018600, 0.698200 
52.122900, -113.847000, 90.962000 
54.130600, -119.218900, 28.488000 
54.439300, -119.655000, 44.288000 
54.459900, -119.717000, 74.440000 
54.152600, -110.931500, 21.777000 
56.538600, -119.950600, 126.457000 
51.213300, -111.355600, 44.082000 
54.894400, -111.813900, 228.824000 
55.069400, -113.313900, 154.048000 
53.499300, -116.805300, 633.728000 
51.082500, -111.915600, 56.471000 
54.527200, -112.926100, 40.874000 
51.620800, -112.069400, 131.070000 
54.734400, -112.638900, 98.582000 
53.440800, -111.000500, 22.277000 
55.026700, -112.185100, 42.176000 
53.686900, -116.776400, 25.229000 
57.004500, -113.188600, 378.078000 
52.755600, -111.282200, 73.081000 
54.763600, -114.302800, 60.064000 
52.334100, -113.674200, 87.758000 
57.485900, -113.793100, 118.882000 
50.863600, -111.847200, 82.978000 
51.300800, -112.041700, 97.686000 
55.186400, -111.439100, 118.735000 
51.449700, -111.571700, 171.660000 
54.257200, -112.373600, 119.383000 
54.345300, -112.905000, 57.094000 
54.855000, -118.521900, 134.972000 
50.940600, -111.880600, 151.709000 
54.447400, -117.523700, 230.489000 
50.867800, -111.796900, 73.364000 
53.415200, -110.857100, 52.920000 
56.135000, -113.028300, 53.068000 
51.943400, -112.077500, 45.474000 
54.708900, -113.448100, 82.459000 
54.548100, -117.411400, 148.825000 
56.134800, -113.201300, 104.764000 
52.599200, -113.973100, 49.753000 
55.597300, -111.770600, 81.083000 
51.961400, -112.370000, 59.823000 
55.121400, -114.159100, 37.181000 
53.997000, -111.569200, 204.649000 
50.698800, -111.458000, 42.240000 
54.130600, -115.231400, 130.532000 
54.685600, -117.414400, 227.352000 
54.612500, -118.214300, 460.011000 
53.215900, -116.497000, 160.057000 
54.102500, -112.310200, 142.339000 
54.627000, -117.464200, 137.295000 
50.101700, -111.307800, 63.402000 
50.828700, -111.791400, 24.132000 
55.631500, -112.189600, 234.671000 
50.989600, -112.067900, 72.816000 
55.891800, -111.717900, 76.867000 
54.510600, -117.501800, 145.030000 
52.155600, -113.529700, 164.329000 
54.352500, -111.150000, 109.876000 
54.702500, -112.900400, 155.822000 
53.770600, -117.601400, 292.125000 
54.209200, -113.773700, 78.112000 
54.760400, -113.959500, 82.232000 
52.941900, -114.043400, 83.783000 
53.583000, -116.842000, 85.590000 
54.803600, -110.347500, 22.332000 
55.152800, -112.974700, 39.670000 
54.949200, -112.304700, 60.576000 
54.528700, -117.464200, 235.398000 
56.199000, -110.675100, 25.802000 
56.302200, -112.309400, 129.762000 
55.093800, -113.623700, 75.638000 
50.047200, -113.556900, 142.401000 
49.098600, -111.476400, 69.719000 
55.823000, -110.792300, 129.825000 
56.083300, -112.515100, 50.548000 
51.733100, -111.640300, 58.058000 
52.958300, -111.238400, 67.934000 
50.511400, -111.289400, 202.983000 
56.622700, -119.946500, 360.990000 
54.294400, -111.306700, 84.656000 
50.191900, -111.301800, 145.913000 
54.745300, -112.126900, 41.560000 
54.206700, -116.766700, 205.240000 
53.706600, -117.241000, 12.260000 
52.613900, -112.805800, 41.106000 
52.544700, -112.902200, 83.768000 
51.691800, -112.224000, 190.033000 
53.197300, -114.098200, 83.590000 
54.896300, -118.487000, 46.043000 
55.993100, -119.771100, 114.627000 
55.265600, -114.601400, 138.749000 
54.037600, -116.698500, 93.680000 
53.388600, -115.315800, 106.060000 
55.146800, -114.517100, 25.359000 
54.541800, -117.884100, 130.500000 
54.350500, -116.766800, 131.836000 
54.520000, -116.810900, 39.062000 
50.006500, -114.146000, 31.762000 
50.397600, -113.925500, 50.616000 
50.677900, -113.715700, 23.242000 
56.556900, -119.363900, 34.574000 
52.304700, -116.206100, 85.110000 
53.706600, -115.976300, 45.867000 
50.521800, -113.913200, 48.045000 
50.653300, -111.166100, 271.950000 
50.576700, -112.630300, 84.715000 
50.704200, -111.160300, 85.367000 
50.158400, -112.136500, 30.758000 
52.926700, -113.998900, 32.342000 
51.024500, -111.642800, 62.568000 
51.552500, -111.490600, 207.633000 
51.176900, -112.055300, 90.900000 
51.915100, -113.373700, 44.363000 
52.358000, -114.324100, 53.619000 
52.091000, -112.761500, 40.498000 
51.684400, -111.851300, 22.393000 
51.637100, -112.865800, 24.065000 
52.743400, -114.113400, 64.656000 
52.851400, -114.046900, 69.042000 
51.137900, -111.577600, 45.232000 
51.507100, -111.886500, 34.541000 
55.781200, -114.307200, 83.378000 
52.193500, -112.771900, 50.862000 
53.825000, -115.556700, 123.537000 
53.216900, -116.358700, 36.896000 
55.245100, -119.689000, 23.772000 
54.772300, -116.680400, 15.672000 
56.215000, -110.968100, 20.187000 
52.260500, -113.816600, 30.990000 
52.366300, -114.963000, 347.596000 
55.666900, -117.761600, 25.393000 
55.651800, -111.084400, 71.343000 
55.432800, -118.041700, 22.300000 
52.829600, -113.910900, 63.424000 
56.930900, -115.252200, 55.272000 
55.883900, -117.462000, 20.149000 
49.729200, -114.427200, 38.502000 
54.661700, -119.034700, 166.716000 
55.800300, -117.813800, 36.849000 
55.145600, -114.118900, 50.824000 
54.738100, -119.837500, 77.819000 
54.388400, -110.949300, 69.998000 
54.665300, -119.129700, 161.435000 
53.193400, -110.863100, 29.880000 
52.221100, -112.418700, 55.941000 
53.210800, -110.201900, 54.180000 
56.369360, -117.824655, 59.283000 
56.731500, -115.611500, 100.484000 
52.279300, -112.581700, 76.967000 
53.941338, -118.745430, 28.927000 
52.370000, -115.061700, 34.005000 
54.858100, -119.235000, 64.015000 
54.348900, -119.463300, 422.022000 
55.586800, -119.433800, 39.116000 
52.399300, -115.020500, 150.405000 
49.445600, -111.970900, 83.103000 
57.418900, -119.675000, 139.803000 
54.552500, -111.305300, 21.374000 
57.374300, -119.234900, 45.221000 
57.303800, -114.973000, 52.514000 
53.756800, -110.101300, 39.346000 
54.033400, -117.756900, 80.624000 
54.965100, -119.306800, 70.780000 
56.091600, -111.039700, 158.635000 
52.140800, -112.157200, 79.646000 
56.347100, -119.190500, 22.275000 
55.954200, -117.710800, 56.963000 
55.895000, -118.317500, 22.650000 
50.707600, -110.485200, 29.610000 
50.202700, -110.661300, 138.791000 
50.336700, -110.135000, 183.967000 
50.294200, -110.593500, 31.200000 
50.191100, -110.259400, 98.730000 
53.337800, -111.243900, 330.599000 
53.562800, -112.328500, 65.500000 
53.391400, -111.213900, 46.501000 
52.719200, -111.500600, 64.770000 
52.090700, -112.766700, 110.980000 
55.862200, -119.720300, 25.802000 
56.098600, -119.288100, 99.026000 
55.945800, -119.805300, 31.329000 
52.268400, -113.351800, 124.005000 
50.955100, -112.697800, 26.185000 
50.995000, -112.801700, 41.558000 
50.965900, -113.030200, 29.562000 
51.013400, -112.907600, 21.239000 
51.122600, -113.164300, 21.544000 
51.217000, -113.977700, 29.126000 
51.006200, -113.176000, 36.662000 
51.020700, -112.948400, 106.528000 
50.278300, -111.468400, 200.193700 
50.289400, -112.007500, 222.900800 
50.656800, -111.410100, 90.976700 
50.671500, -111.695300, 130.950300 
50.998700, -112.464500, 72.829500 
51.126200, -112.359500, 306.244300 
51.304300, -112.653700, 43.309600 
51.275400, -112.906500, 73.919000 
51.402400, -112.918100, 286.369000 
51.060700, -112.412000, 21.291100 
51.147800, -112.621100, 198.584300 
51.129700, -114.767900, 85.534500 
51.151500, -112.703700, 37.694200 
51.322600, -112.542000, 54.852600 
51.406200, -112.347600, 25.211000 
51.420600, -113.052500, 101.993000 
50.675000, -111.762200, 69.800900 
50.802300, -111.902000, 233.819600 
50.795100, -112.017800, 659.392400 
50.893400, -112.174000, 168.852100 
50.842300, -112.463400, 184.308200 
50.915100, -112.451700, 735.901200 
50.627900, -111.965600, 128.398600 
50.700700, -112.110300, 66.831800 
50.707900, -112.353400, 61.354800 
50.711500, -112.394000, 356.997800 
50.755100, -111.786200, 63.472400 
50.809500, -111.693700, 58.393500 
50.867900, -111.936700, 100.902900 
50.860700, -112.035100, 75.860700 
50.864300, -112.353400, 74.579500 
50.977000, -112.242800, 102.842400 
50.889400, -113.406800, 112.979000 
51.264300, -113.205200, 29.072000 
51.380700, -113.229600, 91.117000 
51.402600, -113.247400, 22.195000 
50.984300, -113.444300, 50.044000 
51.075100, -113.409300, 111.895000 
51.078700, -113.537700, 41.648000 
51.177000, -113.438500, 183.809000 
51.264300, -113.403500, 99.054000 
51.319000, -113.511800, 114.925000 
57.840900, -117.867800, 131.382000 
58.081200, -117.635600, 324.575000 
58.248400, -117.455300, 180.813000 
58.441200, -117.244700, 56.190000 
57.808400, -118.093900, 89.511000 
56.222300, -112.706800, 56.760000 
54.854500, -111.802000, 85.322000 
54.949300, -110.622600, 32.487500 
55.047300, -110.577800, 44.262000 
55.218400, -111.316200, 26.309700 
55.294800, -110.795100, 38.680800 
55.305700, -113.715500, 38.701000 
57.266800, -114.892000, 192.234000 
57.542900, -112.226600, 25.317500 
51.409800, -113.094600, 33.937000 
50.740700, -112.324500, 36.443100 
52.708400, -114.446600, 1131.565000 
52.777600, -114.234300, 789.595000 
52.792000, -114.204100, 27.179000 
52.807000, -114.258600, 75.814000 
52.912000, -114.064600, 341.925000 
50.096700, -111.110000, 31.654900 
50.165800, -111.052800, 82.585300 
50.187600, -111.167000, 41.557200 
50.223900, -110.761900, 103.519600 
50.223900, -110.899700, 35.776600 
50.224000, -110.037500, 175.818200 
50.398600, -110.503300, 531.000200 
50.573100, -111.177500, 317.291400 
50.700700, -110.478000, 323.814000 
50.700600, -110.772500, 110.236000 
55.363900, -119.760600, 33.963000 
52.217300, -112.307300, 58.700000 
56.095100, -113.448600, 73.323600 
50.700700, -111.022200, 68.374600 
50.314700, -111.968400, 31.478900 
50.631500, -111.022200, 56.380800 
52.642900, -113.191800, 20.318000 
54.223000, -113.478600, 74.100000 
53.254000, -113.048200, 122.867000 
51.239700, -115.564600, 24.324000 
50.784300, -113.667400, 41.170000 
50.755100, -112.162300, 66.485000 
51.766200, -111.963700, 83.605000 
52.020900, -112.402800, 37.007000 
50.922300, -112.003700, 85.854000 
55.619600, -119.503300, 64.718000 
53.837900, -113.933100, 96.466000 
55.771100, -119.828100, 41.343000 
50.591500, -111.780300, 80.054000 
50.325800, -110.255600, 88.449000 
50.078300, -110.419700, 23.231000 
53.188700, -115.642200, 302.000000 
51.439000, -112.054500, 58.113000 
51.522600, -113.018200, 102.940000 
51.359000, -112.360100, 113.215000 
51.784500, -113.402700, 69.762000 
51.531300, -113.276300, 121.358000 
51.642600, -113.337700, 44.480000 
50.817000, -113.100200, 135.652000 
50.835100, -112.799000, 52.934000 
51.038600, -111.864000, 67.582000 
51.046200, -112.044500, 23.634000 
49.958300, -111.030000, 24.491000 
50.456800, -110.181600, 34.242000 
50.565900, -110.210200, 92.060000 
50.755100, -110.310200, 21.756000 
53.937900, -116.900400, 32.279800 
53.228700, -115.104400, 70.930000 
54.323400, -115.677500, 99.230000 
54.276200, -115.690000, 4.273000 
54.287000, -115.715300, 13.158000 
51.726200, -114.436000, 181.682000 
51.697300, -114.536800, 121.840000 
54.509700, -110.909900, 145.858000 
52.640400, -113.252100, 62.811000 
52.435700, -113.390400, 567.488000 
55.433300, -116.483200, 75.188000 
52.727800, -113.270100, 67.787000 
52.359300, -114.785700, 111.917000 
51.366200, -112.771200, 30.705000 
51.093400, -112.820100, 111.043500 
52.275700, -114.218800, 25.842400 
52.017300, -113.148800, 48.711900 
51.271400, -112.829200, 28.076600 
51.962900, -113.734300, 24.445800 
51.635400, -112.792600, 48.506100 
51.871800, -112.887600, 65.545000 
51.751800, -113.864600, 36.179700 
52.522800, -116.380000, 37.808800 
52.475700, -111.441400, 24.192900 
52.439300, -110.316400, 81.374900 
51.737300, -112.561700, 68.124100 
54.560100, -113.841100, 23.320600 
55.087300, -113.141000, 33.938800 
54.352600, -110.517800, 23.738500 
56.613100, -112.849000, 317.141000 
58.110400, -118.115600, 89.992300 
56.233200, -113.896400, 106.962000 
55.293900, -112.897500, 20.243700 
55.542000, -113.430800, 51.937900 
55.585700, -112.963500, 38.201200 
55.625700, -114.374200, 31.187200 
55.785900, -112.982900, 26.895800 
56.098700, -111.824500, 21.561800 
55.385700, -113.001600, 98.322000 
49.521900, -112.139500, 23.054900 
49.569200, -112.149200, 33.377700 
50.711900, -111.057400, 61.410000 
54.436100, -118.743800, 46.868300 
53.428700, -116.722200, 23.602500 
54.003300, -118.246500, 28.566100 
52.319200, -115.580000, 21.627000 
53.635900, -116.931800, 47.614500 
52.493600, -115.935000, 106.001500 
50.427600, -112.462300, 42.798500 
50.616800, -112.845300, 27.862400 
50.675000, -113.087500, 37.821000 
53.068700, -110.572200, 22.269500 
50.522300, -111.652300, 229.553000 
52.286500, -114.970800, 24.702000 
56.313200, -111.636200, 112.440000 
50.675000, -113.452200, 114.865000 
54.268900, -111.143600, 221.808000 
57.877200, -119.740900, 133.966000 
49.652800, -111.231900, 20.531000 
52.024500, -112.778700, 19.094000 
52.111800, -112.731200, 58.979000 
53.561500, -116.577900, 46.412500 
53.523200, -114.879200, 42.640000 
56.560600, -119.031700, 50.310000 
53.392300, -115.316900, 61.700000 
53.392300, -115.310800, 13.250000 
52.042900, -114.588800, 395.200000 
53.974300, -114.923900, 25.550000 
52.439300, -114.304600, 129.610000 
52.759300, -115.531900, 139.880000 
49.816400, -112.070100, 33.100000 
52.522900, -111.634000, 26.500000 
49.791100, -112.557000, 20.600000 
49.761900, -113.394800, 16.600000 
50.693200, -113.672900, 68.642000 
51.388100, -110.772500, 51.700000 
51.209800, -113.141000, 20.100000 
52.362900, -113.534900, 38.800000 
50.223900, -113.513800, 9.352000 
50.627800, -111.287500, 145.360000 
50.693100, -111.322200, 196.160000 
53.897900, -116.067500, 102.450000 
53.607000, -116.469400, 56.416000 
52.130100, -110.116900, 3.439000 
54.963600, -117.670700, 326.369400 
52.344800, -114.262400, 36.563100 
52.279300, -114.129100, 25.188300 
52.966800, -111.131600, 56.881000 
50.165900, -110.089100, 84.446000 
52.250100, -115.042200, 44.680000 
54.454400, -119.091700, 64.807000 
53.512300, -115.611900, 100.564000 
54.538100, -119.066400, 26.342000 
55.847500, -111.358600, 21.900000 
54.669000, -110.275600, 41.250000 
55.996800, -110.822600, 44.602000 
59.641800, -118.307800, 93.520000 
54.418100, -116.362000, 167.861000 
54.232500, -116.611500, 133.776000 
54.363300, -116.624000, 74.105000 
54.792900, -115.521700, 371.880000 
53.872500, -116.085000, 49.046000 
53.828700, -115.943300, 305.302000 
54.647300, -115.495800, 15.410000 
58.081200, -117.828800, 84.259000 
51.970000, -110.629400, 109.291000 
55.710300, -116.604200, 38.285000 
55.651200, -116.386000, 131.666000 
51.868200, -110.139700, 120.922000 
53.090400, -115.245000, 69.245000 
53.023200, -114.850900, 45.670000 
53.254000, -114.437900, 283.206000 
52.848900, -114.620300, 83.410000 
53.035900, -110.994100, 78.263000 
52.890400, -114.865000, 124.942000 
55.683900, -119.393300, 73.140000 
55.830300, -116.673400, 43.884000 
52.941600, -114.418200, 111.000000 
59.601800, -117.409700, 56.327000 
56.458600, -119.914300, 67.721000 
52.646500, -111.092500, 57.598000 
58.683300, -118.670000, 144.528000 
58.073200, -118.762000, 160.912000 
52.836500, -110.790500, 26.185000 
58.305400, -118.888000, 136.437000 
50.337100, -111.513600, 31.099000 
53.479400, -115.130800, 80.576000 
52.446500, -114.671600, 120.643000 
51.762600, -110.139700, 409.940000 
52.650400, -115.080800, 259.982000 
51.865400, -110.585600, 65.319000 
57.320900, -118.063600, 72.487000 
53.173900, -114.884600, 135.082000 
57.851600, -119.158100, 239.589000 
50.395000, -110.353900, 52.884800 
50.307500, -110.502500, 179.808300 
50.362200, -110.509100, 27.587800 
50.282400, -110.468900, 107.673300 
50.507600, -110.325200, 51.130500 
50.453200, -110.204700, 28.084500 
50.318700, -111.261700, 210.580500 
50.340400, -111.302000, 209.185600 
50.267600, -111.330600, 328.291500 
53.134000, -115.678900, 152.725000 
53.148700, -115.746100, 87.002000 
52.541200, -115.170800, 32.565000 
52.439300, -115.044700, 33.671600 
52.512000, -115.044700, 84.067700 
52.464700, -115.007500, 52.504200 
52.526400, -115.916900, 33.252300 
52.461400, -114.346900, 117.906800 
52.570100, -114.533200, 48.801900 
53.064700, -116.436900, 120.755100 
52.850300, -116.465800, 112.580300 
53.039400, -116.406400, 335.564100 
53.163100, -117.017800, 140.876500 
52.806800, -114.640400, 53.980500 
52.712000, -114.573800, 83.638700 
57.042500, -111.905000, 126.025700 
51.824000, -110.948800, 73.017000 
52.359400, -113.971400, 41.880000 
53.752300, -117.099300, 142.518000 
57.066200, -118.031700, 24.603000 
50.758700, -111.641500, 149.060000 
51.581600, -113.840400, 40.773000 
50.736800, -113.325700, 156.046000 
52.119200, -115.215400, 127.381000 
55.603900, -119.347800, 97.151000 
54.370800, -116.874800, 210.937000 
52.028200, -114.809600, 33.187000 
52.843100, -115.604700, 164.042000 
52.479300, -114.178200, 102.373000 
52.260900, -114.946900, 20.835000 
50.013100, -112.393100, 44.974000 
51.719000, -112.390100, 74.844000 
52.766800, -114.489100, 50.200000 
53.097500, -113.193900, 25.620000 
54.760100, -113.815800, 160.000000 
54.654500, -114.092500, 8.000000 
54.763700, -113.938300, 20.000000 
52.730400, -114.112900, 74.554000 
58.368300, -118.990000, 275.220000 
58.059200, -118.287500, 88.936000 
57.971400, -118.584100, 40.290000 
50.889400, -114.761800, 324.837000 
51.198900, -114.820200, 26.457000 
51.118600, -114.732700, 21.018700 
49.229200, -114.029100, 41.920700 
49.488900, -113.955100, 433.643000 
52.088200, -115.689400, 91.689000 
51.135900, -114.144900, 134.524000 
51.599900, -115.356900, 141.630000 
51.815100, -115.296600, 150.335000 
51.668100, -115.170400, 41.512000 
53.690700, -115.717500, 40.186000 
52.042800, -114.958800, 226.153000 
53.272300, -114.725300, 27.823000 
52.584800, -112.500100, 33.090000 
49.881900, -112.735100, 51.046000 
53.879800, -113.627400, 28.301000 
52.621200, -112.211500, 73.312000 
53.279500, -111.587000, 690.805000 
53.195900, -111.911200, 101.984000 
53.363200, -111.879500, 15.799000 
52.024500, -112.916300, 59.306000 
52.591900, -112.192500, 19.465000 
52.701200, -112.259500, 328.466000 
55.640300, -119.627000, 43.295600 
54.421700, -117.784300, 44.085000 
53.734200, -118.395600, 377.870000 
53.712300, -116.148900, 29.862000 
52.766700, -116.393000, 340.151200 
54.476300, -119.173900, 59.114000 
54.359700, -119.138900, 24.892000 
55.460400, -112.213500, 65.968000 
56.095100, -118.758700, 159.160000 
55.458300, -119.573900, 23.640000 
55.611700, -112.611600, 140.991000 
54.461800, -111.780100, 177.026000 
54.189000, -112.109800, 75.633000 
53.854300, -117.391200, 185.518000 
56.051400, -119.589200, 62.184000 
56.440600, -119.775700, 60.249000 
55.411100, -118.885600, 177.874000 
54.359700, -118.756300, 283.850700 
54.265300, -116.342000, 258.992000 
54.221800, -116.197900, 21.614000 
53.923400, -116.775900, 26.283000 
53.799800, -116.092200, 169.372000 
54.034500, -117.180900, 91.128000 
54.178700, -117.328400, 224.294000 
53.711900, -117.052500, 41.133000 
53.918400, -117.297000, 82.224000 
54.600800, -116.039000, 51.344000 
56.223300, -119.570800, 259.389000 
52.989300, -114.157900, 107.959000 
55.571800, -112.549600, 91.874000 
55.349000, -112.184100, 75.834000 
53.006700, -116.852800, 81.076300 
53.323600, -116.995400, 88.987500 
52.682300, -114.392900, 43.186000 
52.958200, -114.679900, 51.418000 
52.874300, -110.162700, 85.761000 
55.028400, -112.266100, 31.807000 
53.117300, -110.803900, 39.278000 
52.657700, -110.200000, 20.706000 
55.266800, -112.567900, 158.701000 
56.364200, -119.934300, 163.756000 
55.341700, -118.914200, 101.435000 
55.338100, -118.536700, 214.038000 
50.013100, -112.611500, 167.564000 
50.302500, -112.390600, 26.780000 
50.060300, -112.299800, 24.505000 
50.214700, -112.367800, 68.108000 
56.851800, -115.208100, 63.426000 
52.788400, -112.489800, 132.550000 
52.031800, -112.629500, 118.320000 
55.070800, -118.695000, 48.000000 
55.194800, -111.486700, 49.494700 
53.170400, -115.177800, 23.600000 
55.736000, -119.076000, 25.571000 
53.847000, -114.619400, 34.815000 
53.484800, -115.607600, 153.169000 
53.385100, -115.612800, 223.344000 
53.290400, -115.831900, 98.805000 
52.180900, -113.083200, 124.655000 
55.058700, -111.895500, 34.069000 
55.382000, -111.760100, 160.880000 
55.120000, -111.688300, 38.163000 
55.491170, -116.186500, 20.233000 
54.359800, -110.285900, 21.701000 
54.348990, -110.766800, 52.143000 
55.174800, -112.281000, 42.624000 
54.367200, -110.503100, 30.666000 
54.224660, -110.514600, 60.077000 
54.162360, -115.733900, 216.171000 
54.109000, -117.137900, 20.274000 
53.745000, -114.220600, 27.452000 
52.162900, -114.851300, 31.480000 
50.176700, -110.442700, 95.531000 
55.072800, -116.975700, 57.521000 
52.759300, -114.107100, 226.112000 
51.828200, -111.774200, 282.404100 
52.333700, -112.806800, 25.429500 
51.711800, -110.862200, 34.889800 
51.642600, -110.560200, 35.524000 
51.689800, -110.761600, 34.697500 
53.017600, -114.370700, 35.365000 
56.218700, -116.251300, 68.121800 
56.070600, -119.960500, 57.626000 
54.145400, -115.815500, 113.747000 
54.061800, -117.447300, 28.126000 
54.105400, -117.526500, 451.740000 
54.858100, -119.770600, 28.645000 
51.828200, -114.347400, 201.071000 
54.225300, -118.305200, 81.672000 
53.952600, -117.559000, 169.168000 
56.007600, -113.343900, 28.233000 
50.096700, -113.596300, 24.424000 
55.950000, -110.601900, 110.013000 
52.333700, -112.885200, 64.082000 
52.337300, -112.885200, 29.743000 
54.690800, -118.491000, 28.433000 
56.007600, -113.402800, 107.944000 
54.054200, -118.308700, 230.806000 
53.697900, -117.153700, 33.732000 
53.977900, -116.751200, 139.710000 
50.744200, -110.130000, 28.331000 
50.896900, -110.633600, 44.956000 
50.824200, -110.859400, 48.278000 
50.084400, -110.607000, 367.040000 
49.988300, -110.914000, 28.952000 
50.022400, -110.743000, 57.085000 
50.093100, -110.732800, 281.363000 
50.136700, -110.732800, 27.709000 
50.533100, -112.444200, 157.059000 
53.590480, -116.172680, 63.801000 
50.784300, -110.836900, 62.805000 
51.195100, -112.102800, 21.000000 
51.009610, -110.752190, 80.434000 
50.187500, -112.153400, 33.050000 
51.984500, -112.784800, 50.716000 
52.050000, -110.420600, 68.927000 
51.580900, -112.977000, 24.219000 
51.599000, -113.029900, 53.648000 
51.624500, -112.952600, 142.844000 
51.700900, -112.852000, 85.144000 
51.515400, -112.953400, 24.550000 
52.555700, -114.449100, 80.762000 
52.515700, -114.449100, 24.474000 
52.512000, -114.394900, 20.234000 
52.541200, -114.322700, 31.113000 
52.537600, -114.292700, 32.233000 
55.251100, -119.426100, 21.675000 
52.759300, -114.125200, 185.548000 
50.712300, -111.062700, 60.884000 
52.543100, -114.280500, 31.096000 
52.384800, -114.382900, 52.633000 
52.803100, -115.665500, 21.678000 
52.468400, -114.328800, 23.757000 
51.395400, -111.331700, 22.452000 
52.028200, -113.572700, 52.170000 
51.973700, -113.572700, 34.698000 
51.930100, -113.538800, 83.994000 
52.035400, -113.614300, 87.850000 
55.367500, -119.220300, 44.585000 
52.915900, -114.006000, 33.225000 
52.944800, -114.264600, 34.288000 
51.559000, -112.612600, 75.511000 
51.795400, -113.456000, 33.155000 
51.813700, -113.621800, 123.062000 
54.956400, -119.783300, 67.444000 
54.174300, -110.555300, 24.071000 
53.039400, -110.895300, 50.941000 
53.779500, -118.486200, 44.241000 
56.271846, -111.498890, 233.428000 
56.888200, -114.536100, 37.777000 
55.523900, -119.380300, 127.545000 
54.312600, -113.263200, 31.077000 
50.675000, -110.031700, 59.559000 
53.186800, -115.156400, 26.625800 
53.767000, -117.497000, 649.260000 
52.492800, -115.295100, 83.502000 
50.097100, -112.361800, 29.666000 
54.445300, -118.607600, 70.534000 
53.578344, -115.855642, 162.679000 
55.134700, -119.143100, 24.784000 
51.428200, -113.458800, 21.916000 
52.857600, -115.513900, 68.887000 
51.286200, -113.200200, 22.828000 
52.035400, -113.453200, 93.101000 
51.049800, -113.659900, 37.650000 
51.879000, -112.792600, 32.240000 
51.784500, -113.532900, 33.603000 
53.857900, -113.397400, 103.515900 
51.449800, -113.164900, 30.629000 
51.049800, -112.126200, 25.869000 
51.359000, -112.418700, 33.934000 
51.559000, -113.282700, 66.034000 
51.668100, -113.615000, 105.126000 
52.210100, -114.302100, 20.097700 
52.177300, -114.296300, 53.669400 
52.213700, -114.308200, 144.644000 
54.730800, -118.592200, 63.778000 
51.569700, -114.985200, 35.095300 
50.576800, -113.071200, 25.061800 
50.555100, -112.623100, 22.272900 
52.890400, -114.246600, 25.933000 
56.506100, -119.432000, 100.816000 
52.942400, -113.511100, 136.808000 
52.086500, -112.754800, 22.000000 
52.199300, -114.475200, 25.210600 
51.900900, -111.608400, 103.250000 
51.624500, -111.863100, 120.960000 
52.290100, -112.963800, 26.673000 
54.243300, -116.899800, 57.134000 
51.741700, -112.469200, 61.881000 
54.101800, -116.799500, 77.532000 
53.484800, -115.607600, 33.742000 
52.973900, -116.872200, 87.737800 
54.166900, -118.486900, 139.431000 
56.121200, -115.994600, 35.705000 
50.831400, -110.865000, 20.884000 
52.060900, -113.888800, 100.942000 
54.668900, -117.651600, 216.897000 
51.086100, -114.767700, 23.235600 
52.340900, -114.280400, 20.406000 
53.374300, -111.809800, 59.306000 
53.363200, -112.039500, 74.133000 
51.671700, -112.507500, 39.189000 
52.039300, -112.987700, 39.992000 
53.134000, -111.850100, 195.540000 
52.282900, -113.113200, 42.622000 
57.217500, -110.895000, 1902.010400 
52.661200, -110.496900, 23.531000 
50.556100, -114.236300, 31.204000 
54.301700, -118.649900, 210.806000 
56.666700, -111.345100, 425.000000 
56.055100, -115.366500, 28.965000 
52.039300, -111.376500, 26.022000 
53.486800, -114.330700, 27.809000 
52.875700, -111.422500, 22.516000 
54.506800, -116.789100, 99.550000 
51.176500, -114.194900, 44.818400 
50.184300, -110.508300, 65.571000 
52.224800, -113.025700, 23.925000 
53.558600, -113.368000, 218.040000 
55.835800, -114.697100, 81.156000 
55.725100, -119.399500, 284.807200 
51.948100, -113.711300, 40.260000 
51.727500, -113.819000, 26.830000 
52.401200, -113.100700, 33.631000 
52.604900, -113.196300, 22.557000 
53.885300, -117.178700, 345.677000 
58.716000, -119.708200, 74.214000 
52.112000, -112.648500, 21.459000 
57.382700, -118.979400, 80.640000 
53.154100, -116.460300, 32.741000 
55.965300, -119.935100, 20.228000 
54.903200, -115.205800, 63.836000 
52.776000, -112.909800, 59.754800 
50.993800, -113.990000, 24.302000 
54.786900, -119.942200, 23.930000 
55.201500, -119.881400, 88.206000 
54.394600, -113.504300, 46.338000 
50.086100, -110.485500, 68.789000 
52.725100, -113.169500, 18.980000 
52.761600, -113.133400, 7.350000 
53.477900, -116.124000, 88.605000 
55.434200, -114.550000, 41.041000 
58.494400, -118.673600, 41.901000 
57.211800, -118.010800, 46.243000 
53.137900, -110.617800, 22.975000 
53.145100, -110.623800, 23.069000 
53.134300, -110.587100, 23.376000 
53.134300, -110.635900, 22.692000 
53.156000, -110.660300, 22.880000 
53.145100, -110.642200, 21.593000 
53.155900, -110.598100, 22.814000 
53.156000, -110.638400, 29.040000 
53.156000, -110.615800, 22.880000 
53.156900, -110.605500, 22.880000 
53.134300, -110.642200, 22.880000 
53.834000, -117.912400, 104.591000 
51.484500, -110.414400, 79.927000 
55.733200, -118.998900, 160.944300 
53.914400, -117.573700, 915.296000 
53.987100, -117.351500, 1332.730000 
53.539800, -113.397000, 1.600000 
50.571300, -112.146100, 73.422800 
51.411700, -113.285800, 123.877000 
50.442900, -111.857300, 89.579200 
51.280800, -112.818900, 33.245900 
55.460700, -119.982500, 34.463000 
52.648500, -114.376400, 36.250000 
52.734900, -114.347100, 107.339000 
52.081000, -113.597900, 73.522000 
53.783400, -112.339300, 22.202000 
51.557200, -113.402600, 27.878000 
50.683000, -111.548000, 139.589000 
52.841500, -116.035500, 92.361000 
50.624800, -111.588500, 20.071000 
52.867000, -116.253100, 63.319200 
51.993700, -113.123700, 39.292500 
51.865500, -112.954700, 39.885400 
52.095600, -113.147400, 28.689400 
54.199700, -119.263700, 20.167400 
49.119100, -113.761500, 408.799000 
55.193600, -113.035100, 35.032000 
50.723300, -112.789100, 33.113000 
50.326300, -110.328500, 101.862900 
50.468200, -110.322500, 81.924200 
53.194200, -116.624900, 22.422300 
53.023200, -116.899000, 202.034100 
53.430200, -117.118100, 53.687900 
52.936200, -116.748600, 45.564100 
53.125000, -116.881000, 121.198400 
52.968900, -116.688300, 244.794600 
52.867000, -116.549200, 130.733100 
52.910700, -116.645900, 27.998400 
53.026800, -116.679700, 31.384200 
53.143200, -116.923400, 52.793900 
53.114200, -115.698700, 84.153000 
50.155700, -114.453300, 94.174800 
54.423700, -119.349700, 70.494000 
50.887900, -110.385200, 92.068000 
52.765200, -114.335000, 56.959000 
54.830200, -118.652600, 34.810100 
50.486700, -112.917000, 97.720000 
52.546700, -115.260600, 41.825000 
53.477400, -117.026300, 29.169000 
53.703000, -117.234900, 104.789000 
58.781600, -118.602700, 187.006000 
53.332400, -111.451000, 24.478000 
53.245100, -111.596700, 46.446000 
53.326800, -111.488800, 18.492000 
53.303300, -111.451000, 66.720000 
53.230500, -111.863900, 42.997000 
53.376000, -111.830200, 42.997000 
52.063200, -112.629000, 8.850000 
52.503000, -113.435200, 55.140000 
52.481500, -113.419000, 117.130000 
56.486500, -114.120400, 88.955000 
54.452300, -114.874300, 33.893000 
54.353900, -114.811100, 23.285000 
53.928900, -111.623300, 99.598000 
52.764900, -114.957500, 294.727000 
52.941200, -118.043000, 216.074000 
58.695200, -114.005000, 49.554000 
57.546100, -119.106200, 124.102000 
57.066400, -118.029400, 67.245000 
55.714000, -115.898300, 88.520000 
53.175900, -115.271100, 149.071000 
55.160200, -118.818400, 210.653300 
51.778000, -113.101500, 21.577000 
50.187900, -112.225200, 71.053000 
53.559400, -113.347200, 234.700000 
56.850000, -119.836900, 76.866000 
54.148900, -118.794300, 31.729900 
53.571500, -117.045300, 640.177000 
53.778400, -116.536100, 39.142500 
55.392400, -119.134800, 13.374000 
56.473900, -119.722200, 31.285000 
55.160300, -116.162000, 20.430000 
52.352200, -113.222800, 33.940000 
52.352100, -112.683000, 15.598000 
51.570600, -113.688200, 52.170000 
51.680100, -113.935100, 46.280000 
51.723600, -113.616200, 31.790000 
51.770800, -113.622100, 287.540000 
59.072200, -118.502300, 23.043000 
52.408900, -114.417900, 22.924000 
54.883900, -112.614800, 71.243000 
55.698600, -119.715100, 25.912000 
54.113900, -114.654900, 61.650000 
52.361000, -113.819400, 2.139000 
52.549200, -113.840800, 2.231000 
49.720000, -113.500300, 6.194000 
53.599500, -111.416200, 3.161000 
54.728000, -113.211400, 72.697000 
52.639100, -113.102700, 68.244000 
54.714300, -118.670000, 32.037000 
52.337500, -113.042500, 84.484000 
54.430700, -118.651400, 21.340000 
53.484900, -116.921800, 22.776000 
49.011900, -111.466800, 27.591000 
51.597800, -110.472400, 54.381000 
53.666400, -117.259600, 93.726000 
55.819800, -119.132600, 23.609000 
52.757900, -113.786100, 70.410000 
52.921600, -113.828400, 102.655000 
52.097500, -112.501900, 22.082000 
52.162900, -112.573300, 30.476000 
56.000000, -119.000000, 33.455000 
52.111900, -112.311300, 58.954000 
52.867000, -114.045900, 70.127000 
52.630400, -114.346500, 52.501000 
54.040000, -114.130000, 2.900000 
54.455100, -111.092200, 21.737000 
56.482100, -117.963100, 74.483000 
52.295900, -115.146700, 26.600000 
52.530400, -112.934800, 21.846000 
52.240800, -114.909200, 21.918000 
51.923800, -112.550100, 47.520000 
50.973600, -112.711700, 10.070000 
53.936200, -113.499600, 1.100000 
53.753700, -114.443000, 5.170000 
51.625300, -111.195200, 56.050000 
51.600900, -111.231500, 119.370000 
51.872400, -112.841200, 22.058000 
50.866100, -113.650500, 33.221000 
56.584400, -119.410600, 79.987000 
50.393200, -113.828900, 55.950000 
50.698800, -113.558500, 24.175000 
51.557200, -113.110700, 33.819000 
53.652500, -115.989400, 72.845000 
52.525000, -115.173800, 23.790000 
52.419400, -115.029800, 26.987000 
51.716900, -112.761700, 35.763000 
51.578500, -112.916200, 38.986000 
51.712500, -112.896000, 24.000000 
51.526700, -112.959600, 30.637000 
53.735600, -115.701500, 56.541000 
53.721200, -115.769900, 24.138000 
55.028500, -119.991300, 20.422000 
55.128700, -119.714600, 31.535000 
54.986900, -119.719600, 22.220000 
55.017200, -119.840600, 23.377000 
52.459500, -114.304600, 35.154000 
52.681500, -113.121100, 36.250000 
56.620800, -119.463600, 49.645000 
54.740600, -113.931600, 1.000000 
52.441300, -115.281800, 171.624000 
54.723500, -113.921900, 5.000000 
54.055700, -117.243900, 609.800000 
53.761100, -117.349200, 601.279000 
53.655600, -117.081700, 1731.590000 
52.581500, -113.048400, 30.004000 
50.854000, -112.580900, 24.645100 
50.501000, -112.223700, 49.296100 
51.727200, -113.196900, 52.358000 
51.068800, -112.961500, 20.104000 
55.311000, -119.932400, 35.171000 
51.319600, -113.717600, 25.345000 
54.171000, -118.334400, 94.663000 
50.964000, -112.866300, 22.058000 
50.485300, -111.171600, 92.931200 
50.448100, -110.574400, 103.348000 
51.989100, -113.452300, 104.082000 
50.626000, -111.626900, 57.068000 
55.071100, -119.032100, 40.709000 
53.596200, -113.332100, 58.500000 
50.221100, -113.501200, 25.684000 
52.583200, -114.946100, 112.271000 
54.342700, -110.328700, 396.447400 
54.769600, -111.904600, 22.794000 
54.128600, -116.928000, 29.128000 
53.325100, -111.681700, 35.810000 
53.266900, -111.912400, 117.790000 
53.477900, -111.936300, 185.858000 
53.528800, -111.964900, 23.969000 
53.858600, -112.279100, 23.977000 
54.197700, -116.761000, 592.429000 
54.573200, -114.116600, 44.157000 
55.743000, -114.147400, 89.935000 
56.528200, -114.071600, 53.785000 
56.524400, -113.464600, 207.309000 
53.812800, -110.003500, 26.110000 
49.904200, -111.332400, 76.340000 
54.248700, -115.685800, 0.403000 
54.285000, -115.698200, 380.930000 
51.774500, -113.090500, 0.011000 
51.673600, -113.123000, 52.928000 
52.881600, -116.573400, 164.297100 
51.760400, -114.105100, 7.382000 
51.862400, -114.128700, 28.155000 
51.618300, -114.075000, 60.480000 
51.669000, -113.208600, 14.118000 
51.727700, -114.087300, 91.279000 
51.742300, -114.122900, 10.594000 
51.465100, -113.559100, 30.137000 
51.465100, -113.512200, 12.477000 
51.730800, -113.155500, 123.962000 
51.694400, -113.214400, 85.620000 
53.036000, -116.221100, 118.556800 
53.196100, -116.948000, 44.358300 
50.247400, -110.510300, 30.179100 
53.768300, -116.915400, 262.978000 
53.761100, -117.367500, 159.562000 
52.124700, -113.677200, 27.900000 
52.223000, -113.659300, 19.900000 
51.787100, -113.335700, 26.600000 
51.547300, -115.065400, 85.162000 
51.487000, -112.516100, 21.966000 
53.034200, -115.290800, 76.136000 
52.277500, -112.862900, 22.833000 
53.870300, -117.088800, 29.451000 
51.651800, -112.723100, 28.649000 
54.387300, -114.753100, 51.804000 
51.848200, -113.758200, 77.291000 
54.623400, -118.192200, 32.917000 
54.525100, -116.796200, 48.628000 
54.125100, -116.816700, 485.664000 
52.641400, -115.125800, 43.260000 
52.583000, -113.734000, 41.999000 
54.096300, -115.736600, 24.278000 
52.579300, -113.513500, 20.000000 
52.868700, -113.142400, 26.000000 
51.157600, -114.191600, 1.333000 
53.678600, -113.804600, 6.120000 
53.007200, -117.327200, 1.908000 
55.998000, -118.532200, 986.353000 
54.863300, -119.001700, 313.861000 
54.352100, -119.460100, 30.103000 
54.029600, -110.788100, 119.315000 
52.148200, -112.786300, 24.489000 
52.410100, -112.969700, 29.862000 
51.814300, -113.763000, 47.040000 
52.253700, -113.024300, 24.318000 
49.958600, -113.543700, 93.456000 
51.767000, -113.703800, 31.730000 
51.887800, -114.647300, 95.840000 
51.924200, -114.789000, 48.468000 
54.735000, -119.046500, 35.442000 
55.844600, -111.091400, 59.707000 
54.416700, -118.735900, 47.134000 
54.736300, -119.010500, 31.132000 
52.830800, -115.141000, 82.641000 
53.106900, -115.936400, 25.886000 
54.154200, -117.560400, 56.546000 
52.335800, -114.346500, 33.458000 
53.194200, -115.333000, 39.304000 
52.773600, -115.590400, 23.294000 
55.000700, -119.237900, 46.971000 
54.752100, -119.602200, 92.319000 
55.026500, -119.139400, 31.132000 
53.032100, -111.245100, 33.748000 
56.193600, -110.950600, 251.240000 
53.348000, -115.995300, 103.881000 
51.043300, -111.414800, 30.295000 
52.908200, -115.080000, 32.839000 
53.778700, -116.000600, 29.271000 
54.665400, -119.026200, 80.112000 
54.608900, -119.016700, 25.555000 
53.913800, -115.868900, 26.970000 
54.786900, -119.383000, 41.631000 
54.146800, -116.685600, 25.129000 
54.670700, -119.218300, 72.195000 
50.348300, -112.905400, 21.393000 
54.715300, -119.505100, 39.152000 
54.712300, -119.655600, 31.132000 
53.085700, -116.114600, 24.478000 
54.758000, -119.580200, 25.159000 
52.954900, -115.013400, 21.197000 
52.400900, -114.406300, 21.307000 
54.643700, -119.376800, 52.465000 
54.803700, -118.976400, 20.974000 
55.052400, -119.453000, 33.387000 
54.833700, -119.425700, 99.049000 
52.552400, -112.880800, 19.160000 
52.342200, -112.764800, 16.470000 
50.395500, -112.521600, 41.223000 
52.674300, -113.985300, 268.157000 
53.272400, -110.593500, 23.726000 
52.146000, -112.248400, 64.764000 
54.428700, -110.987500, 81.685000 
54.497000, -111.021700, 40.531000 
51.912900, -113.627900, 52.460000 
55.559700, -110.908100, 36.436000 
54.506100, -111.058000, 21.955000 
52.365200, -114.958000, 21.734000 
55.527900, -110.873800, 424.064000 
54.226800, -118.628100, 100.991000 
52.494100, -113.324500, 27.722000 
52.613600, -114.451100, 29.858000 
51.348700, -113.658600, 51.358000 
51.348700, -113.031900, 32.799000 
51.396700, -113.016600, 21.091000 
51.308800, -113.341700, 73.290000 
52.053800, -113.251900, 22.359000 
55.692200, -119.529200, 37.897000 
52.372100, -115.060000, 31.859000 
55.666400, -110.714000, 107.957500 
56.411700, -110.937600, 1793.401000 
54.856700, -119.333400, 25.209000 
53.623400, -116.858600, 86.971000 
53.019700, -112.193800, 203.174000 
55.233400, -115.069700, 129.480000 
51.786500, -113.399100, 175.619000 
55.234400, -115.069100, 44.256000 
52.112000, -112.984200, 0.122000 
53.280400, -114.773900, 82.353000 
51.857400, -114.986700, 59.147000 
52.013800, -110.150800, 123.011000 
53.280300, -114.773800, 47.681000 
53.193900, -115.291900, 296.028000 
57.884300, -118.604400, 127.784000 
53.054200, -114.935400, 264.511000 
55.775800, -119.122000, 50.618000 
56.285900, -116.153100, 39.446000 
53.026800, -116.009000, 27.983000 
50.741200, -112.189000, 52.946000 
51.970400, -114.303000, 64.131000 
57.187100, -117.994000, 118.433000 
52.697300, -111.200700, 210.185000 
52.047700, -113.673500, 223.744000 
53.256100, -114.437200, 48.642000 
57.666100, -119.185500, 103.789000 
52.594100, -114.879300, 359.620000 
51.898100, -113.567200, 45.256300 
50.235000, -110.391000, 98.064400 
54.198900, -119.052900, 145.432100 
53.110600, -115.210500, 36.011000 
56.173100, -116.199000, 44.250000 
54.323000, -110.250000, 59.791800 
51.118200, -114.555800, 21.583300 
54.656560, -119.915230, 80.186000 
50.155000, -110.665200, 155.917000 
52.047700, -112.638200, 21.880000 
54.324500, -119.815800, 32.504000 
52.436100, -112.234300, 52.422400 
54.247600, -114.958600, 30.544000 
53.579500, -116.138000, 271.173000 
57.486000, -113.793600, 109.088000 
56.039100, -114.139200, 51.505000 
53.975700, -117.287500, 105.108000 
53.862200, -111.637100, 93.502000 
55.397800, -119.592300, 32.892000 
51.716800, -114.642400, 55.112000 
51.691300, -114.477100, 21.330000 
55.640500, -117.119300, 53.300000 
55.489500, -118.325200, 53.737000 
52.299900, -113.046100, 21.709000 
52.144900, -113.180500, 30.191000 
57.197200, -118.822400, 41.637000 
56.299100, -116.798300, 29.563700 
53.190400, -115.223500, 57.992800 
55.335100, -118.482400, 34.895000 
55.923900, -119.976500, 26.141000 
57.357200, -119.466900, 62.188000 
52.608600, -114.724200, 82.399000 
52.255300, -115.039900, 68.219000 
53.957400, -116.720600, 208.976000 
51.854600, -113.119900, 35.000000 
53.499200, -116.805300, 43.323000 
55.645600, -119.436200, 36.541000 
53.870700, -111.379700, 31.855000 
53.540300, -111.784400, 21.581000 
50.289900, -113.394900, 25.220000 
56.113500, -111.829300, 101.000300 
51.650800, -113.008000, 31.113000 
53.048700, -115.077200, 43.691000 
52.042900, -113.579100, 32.254000 
52.758000, -114.107400, 467.724000 
51.984700, -113.311200, 31.110000 
53.075900, -111.488800, 21.489000 
53.106500, -111.564300, 24.437000 
54.986500, -119.647300, 32.354000 
53.166800, -111.659400, 21.047000 
51.959900, -113.562700, 31.113000 
52.950900, -115.104400, 93.727000 
53.239800, -116.530500, 22.317000 
54.054300, -117.165300, 22.562000 
54.856100, -119.688000, 20.720000 
54.724800, -119.092900, 38.129000 
52.983900, -115.025700, 71.692000 
51.687800, -112.990000, 20.400000 
50.028400, -113.624100, 57.746000 
55.286400, -119.178100, 37.389000 
54.771500, -119.694900, 29.982000 
54.699800, -119.048100, 20.720000 
54.033000, -117.758100, 37.186000 
51.934500, -113.332500, 62.227000 
52.390400, -114.376400, 26.443000 
53.450100, -116.033600, 101.602000 
51.879900, -113.362300, 62.227000 
52.530400, -112.910800, 47.260000 
52.399400, -112.868800, 129.570000 
52.490300, -112.964700, 21.920000 
52.754200, -113.127400, 47.900000 
50.442800, -111.519600, 60.805000 
53.608500, -115.435600, 34.667000 
53.870200, -116.828800, 29.397000 
52.568700, -114.796200, 212.228000 
54.061900, -117.748000, 27.223000 
52.261800, -113.086100, 22.442000 
51.999300, -112.603300, 29.010000 
54.302500, -118.644200, 88.071000 
49.951400, -112.708700, 21.464000 
52.017400, -113.424300, 23.835000 
54.062900, -117.782600, 40.372000 
53.436500, -115.989600, 32.324000 
54.830600, -119.662600, 145.870000 
52.302950, -112.081110, 25.965000 
56.063500, -118.088400, 63.532000 
55.562400, -117.052700, 33.315000 
55.751100, -117.145700, 41.395000 
55.346900, -114.030900, 61.312000 
53.081400, -115.570800, 60.451000 
54.148900, -113.988200, 26.151200 
55.281300, -114.425500, 21.328700 
58.439800, -119.154600, 38.443500 
50.861800, -114.767700, 36.324600 
55.748500, -112.560200, 43.989000 
55.022900, -118.573300, 85.423000 
53.713400, -110.746600, 169.099000 
52.968900, -115.872200, 1.240000 
53.044900, -115.985100, 730.270000 
53.314600, -114.750600, 27.740600 
51.468700, -112.533400, 60.430000 
52.732500, -115.225500, 162.090000 
53.935700, -116.042300, 79.674000 
54.274200, -115.673200, 0.294000 
51.814500, -113.456700, 14.630000 
52.137500, -113.150800, 40.434000 
52.397600, -114.352400, 80.248000 
54.541100, -118.179200, 223.867000 
54.241500, -117.291600, 51.044300 
53.957500, -117.076600, 308.080000 
53.855600, -116.983600, 443.830000 
54.154200, -117.222800, 39.084000 
53.943100, -118.746600, 23.590000 
49.499600, -111.012000, 32.275000 
52.707000, -115.443100, 80.691000 
53.728000, -114.630900, 53.300000 
54.248500, -114.730000, 60.633000 
51.074900, -114.138700, 57.002000 
57.286600, -111.599500, 360.671000 
57.335400, -111.755600, 1606.332000 
55.554100, -119.755400, 96.979000 
54.120600, -116.996700, 22.109000 
53.138800, -114.649700, 20.529000 
51.629100, -114.243600, 134.906000 
52.341400, -113.276800, 108.415000 
58.768400, -111.098300, 124.975000 
53.892600, -113.388500, 109.841100 
55.889400, -119.958400, 128.042000 
52.563100, -115.077200, 214.470000 
54.493400, -119.890600, 149.630000 
55.177200, -114.244100, 73.778000 
50.048800, -112.035200, 29.226000 
53.587400, -113.364700, 126.700000 
56.115700, -119.262100, 42.060000 
50.079800, -110.790300, 1.466000 
51.075900, -111.455700, 36.980000 
52.925800, -115.104400, 33.313000 
52.530100, -114.511100, 49.241000 
54.133900, -115.759500, 27.594000 
52.674300, -114.185900, 25.475000 
54.015600, -116.965100, 63.060000 
53.110600, -116.223100, 39.279000 
54.200500, -117.369000, 42.504000 
54.229400, -117.589200, 95.092000 
52.968900, -115.872400, 23.282000 
54.883700, -119.542700, 35.065000 
54.759400, -119.606800, 33.313000 
54.714400, -119.791700, 24.281000 
55.340500, -119.218500, 47.742500 
53.659800, -116.650500, 381.104000 
53.190600, -115.528900, 26.444000 
53.982800, -116.734200, 33.911000 
54.462100, -110.820700, 23.389000 
54.517800, -110.817900, 29.561000 
54.515500, -111.014800, 24.117000 
54.502900, -110.909700, 24.593000 
54.520300, -111.053800, 20.622000 
54.516600, -111.047600, 28.740000 
52.563000, -112.952700, 57.783000 
52.139300, -112.941700, 30.897000 
52.032600, -113.030700, 101.950000 
52.015800, -113.028500, 24.721000 
51.980200, -113.005700, 51.107000 
51.181500, -113.008000, 21.530000 
50.854000, -112.275400, 27.180000 
55.765000, -119.574200, 44.757000 
51.399400, -114.004900, 46.078000 
51.531100, -113.276200, 30.739000 
51.637700, -113.430800, 47.547000 
51.642400, -113.334300, 221.194000 
54.006600, -119.105500, 2509.395000 
55.056600, -118.766200, 118.993000 
51.165500, -114.222000, 39.309600 
53.728400, -115.602500, 121.128000 
51.465100, -112.516000, 44.810000 
51.530200, -112.136700, 126.720000 
51.266400, -111.044600, 25.915000 
54.743500, -119.073300, 42.982000 
54.702200, -118.777800, 39.567000 
54.760400, -118.889100, 24.359000 
52.626700, -114.603400, 23.009000 
51.815600, -112.455500, 122.080000 
54.503700, -115.487800, 36.950000 
51.902400, -114.341300, 25.187000 
51.491800, -113.542600, 14.498000 
52.887100, -111.020600, 30.807000 
53.066600, -115.533500, 95.456000 
52.888600, -113.788000, 22.570000 
52.618800, -112.147700, 34.835000 
51.993100, -113.045100, 28.171000 
54.189400, -117.367300, 57.642000 
55.604800, -119.341100, 37.145000 
51.581700, -113.838000, 25.305000 
54.445700, -117.688400, 51.252000 
52.757100, -113.932900, 242.682000 
56.584100, -118.286700, 93.730000 
53.944600, -116.674600, 72.525000 
54.567900, -111.092800, 24.412000 
51.219100, -114.640500, 169.671000 
54.745800, -119.467890, 121.360000 
51.396470, -114.028139, 129.700000 
54.038800, -116.618400, 33.881000 
54.055670, -117.187925, 27.496000 
55.192400, -118.947700, 87.337000 
53.580400, -112.049500, 107.596000 
51.855153, -114.748583, 103.131000 
52.703757, -114.572462, 22.390000 
54.197750, -116.910539, 23.904000 
54.110410, -117.529300, 22.317000 
51.032990, -111.437700, 25.844000 
54.527530, -119.910600, 21.366000 
55.117900, -119.894000, 84.786000 
54.972450, -119.529200, 23.518000 
55.041500, -119.631000, 337.772000 
52.732520, -115.225400, 96.737000 
53.131335, -116.188861, 45.969000 
52.874260, -115.425100, 66.115000 
53.868754, -116.914044, 71.698000 
53.900650, -116.744400, 63.818000 
55.405830, -119.200200, 36.727000 
53.195910, -111.799700, 34.787000 
54.728860, -119.659100, 25.419000 
54.676526, -119.574341, 22.576000 
52.689440, -115.030300, 79.303000 
52.790730, -115.243600, 21.858000 
54.771977, -111.822075, 78.079000 
51.946060, -114.859300, 31.224000 
52.142190, -113.000000, 40.088000 
51.840630, -113.468600, 58.213000 
57.509008, -119.054471, 43.083000 
52.012583, -112.983617, 122.736000 
51.300325, -112.043097, 51.192000 
51.596650, -114.532050, 92.596000 
55.666382, -110.714044, 281.039200 
53.026800, -114.766900, 126.260000 
54.786900, -119.383000, 31.132000 
53.343377, -115.997169, 24.514000 
53.226456, -114.033728, 341.200000 
54.469100, -110.930300, 20.041000 
56.293250, -116.794830, 24.612500 
53.830130, -116.723440, 105.110000 
49.699123, -111.540920, 42.927000 
52.436100, -113.378300, 117.920000 
54.196180, -119.137859, 23.850000 
55.767572, -119.774656, 174.901000 
56.147110, -116.294328, 20.513200 
51.465640, -114.467560, 137.054000 
52.162940, -110.621170, 56.270000 
50.882910, -114.777600, 47.390300 
53.443180, -117.655400, 338.796200 
52.366700, -113.134300, 4.498700 
55.815390, -111.444400, 206.788000 
51.766786, -113.134431, 31.783000 
54.141715, -118.504595, 266.363000 
52.726153, -114.417716, 36.852000 
54.204974, -116.760593, 27.180000 
52.371370, -114.442909, 49.510000 
51.790374, -113.092236, 51.573000 
52.271051, -112.399743, 25.320000 
56.113140, -111.715340, 131.856300 
54.253534, -118.001306, 24.264000 
54.641371, -110.968585, 37.150000 
52.258050, -113.880800, 1.381000 
52.927361, -114.477101, 58.000000 
52.947309, -114.385134, 28.320000 
53.162257, -114.205282, 140.330000 
53.136072, -114.159051, 20.000000 
54.019300, -117.819900, 170.121000 
51.880360, -115.232800, 149.483000 
54.797890, -119.637270, 74.590000 
54.246230, -116.892311, 65.922000 
54.300534, -117.003449, 33.511000 
54.738100, -118.991200, 75.011000 
54.015728, -116.890570, 38.879000 
53.911382, -116.671420, 43.508000 
54.062895, -117.082694, 684.318000 
55.485800, -113.641100, 51.104000 
52.424682, -114.206755, 19.890000 
52.608595, -114.186396, 78.674000 
52.752828, -114.445700, 71.227000 
55.288764, -114.588331, 122.945000 
49.952697, -111.097089, 27.973000 
53.116573, -115.489755, 38.508000 
52.553348, -114.523110, 49.042000 
53.687266, -116.211255, 22.294000 
52.634469, -114.522986, 41.428000 
52.546452, -114.643702, 72.721000 
56.486175, -119.967377, 69.623000 
51.891500, -114.642450, 22.695000 
52.488579, -114.778143, 200.183000 
56.623483, -118.557190, 26.316000 
53.713587, -116.143920, 80.271000 
56.088404, -119.934247, 26.389000 
57.338567, -118.658395, 329.687000 
55.493589, -118.975282, 47.706000 
52.793459, -114.230068, 222.229000 
53.746585, -110.261976, 24.356000 
54.612765, -118.214339, 41.455000 
55.631636, -112.189239, 63.747000 
55.630764, -112.191911, 57.247000 
56.051760, -119.583178, 74.340000 
52.909513, -114.093382, 88.263000 
57.363681, -119.753423, 71.878000 
55.720587, -119.616397, 34.325000 
54.412662, -112.252014, 25.076000 
54.674098, -118.459589, 37.160000 
54.940390, -119.251449, 21.234000 
54.184783, -118.080993, 91.898000 
53.109794, -115.747428, 20.703000 
53.081496, -112.431468, 35.893000 
52.957981, -112.426050, 39.803000 
54.134553, -117.531910, 33.860000 
54.723108, -119.104521, 40.625000 
55.524545, -110.998753, 211.213500 
55.351198, -110.631166, 274.973000 
54.033822, -117.757794, 26.639000 
55.691822, -111.279327, 28.145000 
54.848695, -119.224243, 64.791000 
50.667301, -113.651204, 22.048000 
51.607863, -113.521976, 40.221000 
54.445833, -119.164444, 29.971000 
54.099661, -117.772711, 65.860000 
51.358561, -113.823515, 131.841000 
52.662147, -114.634438, 71.757000 
52.490065, -114.488440, 135.687000 
50.105628, -112.238941, 53.200000 
54.570956, -118.836631, 25.793000 
50.063145, -112.278020, 32.532000 
58.374668, -119.039580, 78.797000 
58.233454, -118.781691, 105.748000 
56.507560, -117.972114, 98.462000 
58.366290, -118.989315, 49.161000 
54.490657, -118.597906, 57.018000 
52.243654, -114.734790, 81.811000 
51.982174, -113.674234, 32.787000 
51.495178, -113.799627, 236.444000 
50.583659, -113.295243, 88.297000 
54.519973, -116.877773, 40.287000 
54.259221, -116.721046, 27.554000 
54.419719, -116.355264, 32.509000 
54.355860, -118.556360, 80.545000 
55.404330, -119.482020, 16.431000 
55.670280, -119.514970, 27.260000 
55.692060, -119.526920, 24.951000 
55.692060, -119.526920, 49.627000 
57.163300, -110.583600, 47.339000 
58.338020, -118.534110, 64.510000 
52.732440, -116.512950, 80.349900 
52.446700, -110.433960, 53.907000 
56.391780, -112.897800, 28.500000 
55.575890, -118.811700, 262.580000 
53.134160, -110.532510, 27.665000 
53.137820, -110.544690, 45.562000 
53.206260, -114.983810, 99.585000 
53.776065, -116.797230, 44.650000 
52.359370, -111.123630, 6.610000 
52.954130, -111.676010, 23.933000 
52.968780, -111.663940, 23.348000 
54.132250, -116.992020, 105.916000 
53.982920, -116.989870, 99.858000 
56.568280, -118.449240, 73.487000 
55.234190, -115.081850, 22.250000 
55.622580, -112.654920, 79.314000 
54.168660, -118.059720, 402.907000 
54.350029, -117.942696, 200.780000 
55.423120, -119.330370, 22.051000 
55.306810, -119.522630, 107.836000 
52.517730, -114.106930, 62.437000 
52.426770, -114.220820, 34.294000 
52.470520, -114.250870, 34.823000 
54.415870, -114.174330, 181.940000 
52.182455, -114.393500, 25.183000 
53.821760, -116.734490, 120.850000 
53.819806, -112.916951, 34.359000 
54.077740, -116.179690, 33.851000 
54.386810, -118.771920, 692.924000 
54.317560, -119.259270, 33.569000 
54.481680, -118.985290, 37.506000 
54.361360, -118.753140, 130.769000 
54.390420, -118.965610, 41.078000 
53.956000, -116.763100, 42.534000 
53.306830, -116.935880, 337.923100 
53.401901, -115.569198, 176.888000 
55.670280, -119.514970, 27.260000 
55.602130, -119.378720, 27.260000 
53.151622, -110.647409, 23.069000 
54.670697, -119.218295, 94.905000 
53.951414, -112.383785, 67.087000 
56.306500, -116.844200, 21.930700 
54.359240, -116.152510, 28.281000 
53.969410, -110.454161, 55.436000 
52.078420, -111.011630, 22.790000 
53.044946, -115.546408, 21.544000 
55.217470, -118.903140, 40.596000 
53.939894, -113.208105, 21.360000 
53.869970, -116.167710, 93.342000 
53.812059, -116.723263, 65.223000 
52.997501, -113.913630, 63.949000 
52.517679, -114.634245, 45.903000 
57.266383, -118.667671, 48.318000 
57.419015, -118.938552, 21.676000 
57.419015, -118.938552, 42.553000 
54.172320, -110.611700, 25.174000 
54.989532, -111.489825, 23.369000 
50.104260, -110.868890, 66.136000 
50.009687, -110.849152, 41.215000 
50.690438, -111.554005, 254.094000 
54.536250, -117.113600, 112.347000 
52.083390, -112.854780, 45.720000 
54.011450, -110.608540, 17.920000 
50.795750, -112.015780, 24.167100 
56.880790, -112.242730, 73.112000 
51.316430, -114.391420, 28.750000 
52.446728, -113.624256, 73.910000 
56.283490, -116.798360, 24.346700 
56.289130, -116.823160, 39.866400 
56.859111, -113.577912, 434.742000 
53.382590, -117.466800, 87.075400 
54.263150, -118.578200, 28.335400 
53.987690, -117.652840, 24.221500 
53.797400, -117.293400, 22.470700 
53.599280, -117.942550, 28.093300 
56.622730, -119.507900, 80.513000 
52.352860, -115.181300, 23.947000 
54.943379, -118.829867, 66.151500 
54.265390, -117.005590, 30.570000 
52.330580, -113.288770, 250.110000 
52.514590, -113.358370, 22.425000 
52.188380, -112.852230, 28.980000 
52.795350, -112.584180, 27.010000 
52.022960, -112.604990, 47.300000 
52.724660, -113.122030, 48.080000 
55.671290, -119.514940, 55.118000 
52.947820, -114.087760, 76.959000 
54.467920, -118.166840, 37.710000 
56.279290, -116.605280, 68.450600 
52.191270, -114.579020, 38.259000 
50.073770, -112.808190, 48.284000 
56.175587, -116.257752, 32.390000 
52.517690, -114.280770, 43.800000 
54.524920, -117.469700, 321.810000 
52.752090, -110.752600, 40.943000 
54.601600, -116.625730, 14.176000 
54.448860, -116.909320, 77.600000 
54.379460, -117.285770, 7.125000 
53.123882, -115.666519, 122.472000 
52.674290, -114.294930, 61.049000 
53.546600, -116.043910, 114.756000 
53.812070, -116.457270, 120.055000 
54.086940, -115.771233, 20.230000 
53.683240, -116.390300, 72.025000 
53.670110, -116.535340, 311.874000 
53.241460, -115.449220, 53.818000 
53.279420, -111.586510, 118.872000 
50.537450, -112.029380, 49.379700 
52.141088, -112.906649, 24.292000 
51.815810, -113.128040, 21.520000 
51.049223, -112.880320, 33.138000 
51.823010, -112.830730, 20.136000 
52.767100, -115.361560, 68.003000 
52.906530, -115.176399, 20.598000 
52.048494, -112.825300, 27.353000 
54.692574, -119.161664, 29.027000 
58.374633, -119.047460, 64.076000 
53.446430, -116.545029, 86.911000 
54.448884, -118.594666, 645.717000 
55.527319, -119.563866, 190.306000 
58.100334, -117.818842, 363.717000 
54.567542, -111.974868, 66.521000 
54.362358, -118.753710, 107.165100 
52.574322, -112.854996, 22.917000 
51.962779, -112.567417, 46.850000 
52.541024, -115.267181, 102.205000 
54.176000, -116.137269, 36.375000 
52.512003, -115.042176, 23.498000 
52.748152, -115.255659, 22.000000 
52.938251, -111.188467, 75.743000 
55.807850, -119.686950, 72.300000 
50.057310, -112.504930, 66.534000 
52.590516, -114.586282, 119.761000 
54.930076, -118.952751, 28.306000 
52.141055, -112.156684, 24.733000 
54.635871, -119.441900, 67.318000 
51.284655, -113.800898, 22.245000 
53.840501, -116.824054, 68.161000 
53.946600, -116.804100, 103.721000 
55.681934, -119.527076, 106.108000 
55.813207, -114.797634, 22.992100 
55.774377, -113.770251, 97.686000 
54.786666, -117.649590, 30.286000 
