54.596400, -110.395000, 0.789800 
55.335900, -119.223000, 2.113000 
50.647500, -113.772000, 0.008000 
54.194400, -116.632200, 1.320000 
51.742300, -114.134500, 0.993000 
52.959300, -115.893800, 1.955000 
49.720100, -112.781900, 2.391000 
51.965500, -114.753600, 3.665200 
53.652000, -116.099200, 2.092300 
57.003300, -111.466100, 188.461800 
57.040500, -111.619200, 265.094000 
53.570000, -113.611400, 0.011000 
53.795900, -113.099600, 1.773000 
53.804200, -113.082400, 0.199000 
50.983000, -113.988400, 13.440000 
53.541700, -113.391700, 12.130000 
53.181200, -115.762500, 0.012600 
53.550500, -113.358900, 19.008600 
51.526000, -113.880000, 0.033600 
51.696900, -114.475000, 0.373000 
54.427200, -116.884300, 2.136000 
51.005290, -114.058570, 8.000000 
53.250200, -115.555500, 0.420000 
53.557500, -116.547200, 0.314000 
51.000700, -113.965670, 2.453300 
51.010160, -113.964210, 0.057000 
50.543800, -111.795000, 0.003000 
53.902300, -115.189300, 1.881000 
52.674300, -111.311600, 0.205000 
57.298900, -111.503300, 1.979000 
53.286400, -110.017800, 0.013000 
52.656700, -111.311900, 0.019000 
54.420500, -110.213100, 0.002000 
53.530040, -113.402010, 1.231000 
53.282300, -113.542000, 0.001000 
56.215000, -110.968100, 0.080000 
53.504050, -113.374400, 5.100000 
57.217500, -110.895000, 3.531000 
53.288900, -110.012000, 11.520000 
52.309150, -113.809970, 0.012000 
55.175000, -118.785400, 0.432900 
53.301700, -110.012600, 0.394700 
55.527900, -110.873800, 0.059400 
56.411700, -110.937600, 0.499000 
51.898100, -113.567200, 0.028600 
56.113500, -111.829300, 3.107700 
57.335400, -111.755600, 11.291000 
53.576900, -116.452400, 0.562200 
55.041500, -119.631000, 0.154000 
56.113140, -111.715340, 3.422600 
52.647440, -111.270000, 0.001900 
55.524545, -110.998753, 0.037200 
53.293090, -113.537600, 0.260200 
54.961270, -117.277780, 0.552000 
53.183180, -114.809290, 1.404000 
