53.288500, -110.018300, 0.000500 
52.146300, -115.330000, 15.239500 
50.747700, -114.494700, 27.934000 
54.194400, -116.632200, 107.500000 
53.746900, -113.164500, 5.135000 
51.742300, -114.134500, 5.591000 
52.758100, -114.111600, 2.014000 
52.940400, -114.832300, 8.859000 
55.725100, -119.399900, 9.969800 
49.305200, -114.000300, 356.154700 
51.039600, -114.559000, 50.852900 
51.965500, -114.753600, 78.830000 
57.003300, -111.466100, 49.082400 
57.040500, -111.619200, 45.078000 
51.570800, -114.851700, 58.115300 
53.181200, -115.762500, 11.668300 
53.204500, -116.811200, 118.400000 
51.526000, -113.880000, 7.442400 
54.427200, -116.884300, 111.861000 
53.132300, -115.981700, 2.568000 
53.557500, -116.547200, 56.783000 
52.228400, -114.397700, 3.701000 
