53.582300, -113.588600, 1.230000 
54.596400, -110.395000, 6.956000 
53.841600, -113.097900, 0.934000 
50.982200, -113.974200, 0.001000 
53.570000, -113.611400, 0.002000 
53.593060, -116.390300, 52.270000 
53.795900, -113.099600, 0.746000 
53.804200, -113.082400, 0.006000 
50.845800, -113.586700, 3.337000 
50.086600, -110.716700, 7.728000 
51.400100, -114.034300, 2.363500 
54.238200, -115.379700, 103.800000 
53.725400, -113.193000, 0.213000 
55.029800, -118.744000, 7.174400 
50.583700, -113.871100, 44.600000 
51.010160, -113.964210, 0.000800 
53.740700, -113.023100, 12.665000 
53.501040, -113.489732, 13.247900 
53.282300, -113.542000, 0.004000 
53.737500, -113.149000, 0.008000 
52.942400, -113.511100, 0.087000 
53.745100, -113.235600, 0.174700 
56.113500, -111.829300, 1.923800 
57.335400, -111.755600, 21.673000 
56.113140, -111.715340, 2.220900 
53.293090, -113.537600, 0.015500 
