55.996700, -118.533600, 342.276600 
53.539700, -113.409200, 187.100000 
52.829200, -110.859200, 2.973000 
56.377200, -117.175600, 4536.282200 
53.833100, -113.108900, 13.320000 
53.344000, -114.305000, 3128.510000 
53.733200, -113.175000, 1161.224300 
53.288500, -110.018300, 66.843000 
52.146300, -115.330000, 157.385300 
50.747700, -114.494700, 111.410000 
54.952700, -119.195300, 118.369500 
53.952700, -113.078000, 190.629000 
54.572300, -115.522900, 76.670000 
54.596400, -110.395000, 2351.263000 
55.335900, -119.223000, 40.977000 
50.647500, -113.772000, 42.206000 
54.194400, -116.632200, 217.730000 
53.245000, -115.674300, 82.260000 
53.746900, -113.164500, 30.060000 
53.718500, -113.183000, 0.055000 
54.144400, -115.691700, 45.000000 
49.789400, -112.126100, 369.363000 
54.179100, -115.806000, 17.901000 
52.564700, -112.141400, 604.832200 
51.531700, -111.786100, 628.356800 
54.007100, -119.104000, 198.010000 
51.742300, -114.134500, 74.800000 
52.496000, -114.988000, 59.786400 
53.529100, -113.387500, 656.289000 
53.571700, -113.349800, 59.313800 
52.959300, -115.893800, 102.740000 
52.463000, -114.346500, 59.950000 
51.637200, -112.866000, 304.309000 
52.776100, -115.660700, 80.430000 
52.758100, -114.111600, 600.530000 
52.226300, -115.177000, 208.210000 
58.500000, -119.416700, 60.866300 
52.940400, -114.832300, 64.410000 
55.725100, -119.399900, 46.065300 
52.308300, -113.550000, 351.684000 
50.080710, -110.727860, 222.812000 
53.733200, -113.486200, 32.170000 
49.305200, -114.000300, 276.183000 
51.039600, -114.559000, 180.102000 
51.965500, -114.753600, 173.121000 
56.380600, -116.795000, 164.876000 
53.721700, -113.191700, 212.668000 
53.841600, -113.097900, 441.807000 
53.652000, -116.099200, 52.021200 
54.423300, -117.760400, 86.650000 
57.003300, -111.466100, 5408.205300 
57.040500, -111.619200, 5581.121000 
53.508500, -114.557100, 1507.877000 
53.448700, -114.449100, 1281.343000 
52.385800, -113.595000, 78.678000 
51.181625, -114.472100, 3.950000 
52.033030, -113.938910, 147.384000 
53.227700, -114.988900, 128.200000 
53.593060, -116.390300, 632.700000 
51.570800, -114.851700, 38.840000 
55.071200, -118.691200, 671.724000 
53.795900, -113.099600, 1200.137000 
53.804200, -113.082400, 218.477000 
53.413300, -117.570600, 836.423700 
50.845800, -113.586700, 413.850000 
53.727300, -113.087100, 1.100000 
53.541700, -113.391700, 1658.604000 
53.181200, -115.762500, 1246.370100 
51.219500, -114.645400, 410.725500 
50.805300, -110.034900, 308.549000 
54.833300, -118.646700, 62.760700 
54.524700, -116.794300, 165.308200 
52.553700, -111.694000, 63.800200 
53.204500, -116.811200, 61.839400 
51.086700, -114.008800, 6.000000 
50.086600, -110.716700, 846.524000 
53.550500, -113.358900, 1021.371800 
51.526000, -113.880000, 129.998600 
51.696900, -114.475000, 397.162000 
55.248100, -114.514000, 263.870000 
53.531993, -113.364925, 99.550000 
54.772900, -110.579000, 2430.894700 
54.185400, -116.210400, 48.510000 
51.400100, -114.034300, 127.687400 
53.757500, -113.149900, 46.618000 
51.984500, -114.743800, 152.611000 
54.427200, -116.884300, 218.470000 
53.132300, -115.981700, 40.910000 
52.035300, -115.137700, 603.223000 
53.728270, -113.235520, 11.262000 
54.510900, -115.511700, 22.680000 
53.283800, -110.031900, 23.901500 
50.061200, -110.723000, 0.736000 
55.481900, -119.059200, 35.073000 
51.789600, -114.702800, 8.752800 
54.238200, -115.379700, 89.900000 
53.725400, -113.193000, 616.100000 
55.029800, -118.744000, 141.929500 
49.758379, -112.452561, 30.050000 
57.546300, -119.112600, 71.440000 
55.040000, -115.475800, 269.820000 
50.597600, -111.881800, 31.000000 
50.583700, -113.871100, 50.690000 
53.250200, -115.555500, 23.925300 
55.489100, -119.750800, 351.501000 
53.581600, -113.599100, 1131.171000 
55.876700, -119.301100, 220.775000 
51.222500, -114.495600, 307.087900 
53.557500, -116.547200, 167.691000 
59.063100, -118.875700, 118.685300 
53.817200, -113.133600, 52.847000 
51.058900, -115.174500, 400.000000 
53.574500, -113.310300, 0.500000 
52.327100, -112.718300, 187.690000 
56.904200, -117.633600, 195.000000 
53.670500, -115.762200, 354.190000 
53.723500, -113.173800, 86.791000 
50.058200, -110.728200, 89.921000 
54.133300, -115.366600, 103.861000 
53.099900, -115.316800, 247.800000 
55.074200, -117.274200, 42.965000 
55.268600, -114.584700, 615.095000 
54.394900, -116.809000, 239.145000 
58.194700, -116.350400, 3192.274700 
55.199400, -116.221900, 370.039000 
55.993500, -113.480500, 99.019000 
53.799100, -113.080700, 134.022000 
58.518800, -117.119500, 41505.000000 
54.139800, -115.689100, 14.000000 
54.587200, -112.803100, 2.300000 
53.902300, -115.189300, 52.660000 
53.740700, -113.023100, 1577.484000 
52.212400, -113.843700, 258.805000 
52.228400, -114.397700, 221.793000 
51.189400, -113.937800, 179.549000 
53.593600, -113.335600, 67.760000 
57.298900, -111.503300, 674.260000 
53.345800, -111.251900, 5.730000 
50.040920, -110.721904, 54.846000 
50.664700, -113.784200, 22.540000 
50.443600, -110.882500, 89.364000 
49.801900, -113.104700, 67.930000 
53.622800, -115.869400, 8.020000 
50.269600, -112.893800, 306.645000 
53.652200, -113.716400, 16.160000 
52.308300, -113.550000, 4819.846000 
58.447100, -119.238300, 60.466800 
53.402700, -117.599300, 147.942000 
50.577200, -111.178100, 59.204000 
52.869000, -115.101000, 353.902000 
50.671900, -110.028900, 51.331000 
52.904700, -115.324700, 88.459000 
55.582700, -110.888800, 726.744000 
53.091100, -111.768600, 86.756000 
55.069600, -110.536100, 1507.990000 
53.373100, -116.086000, 384.560000 
51.006900, -113.192800, 92.582000 
57.351700, -111.522200, 101.800000 
51.028800, -114.044800, 24.994000 
53.519600, -113.529000, 156.014000 
51.024500, -114.025000, 32.200000 
52.315900, -113.850000, 20.530000 
50.847000, -113.591000, 72.000000 
53.819400, -113.141900, 45.000000 
54.043500, -117.420000, 66.020100 
49.975700, -114.130000, 97.983700 
52.058000, -114.908000, 43.132100 
52.983100, -112.189800, 26.938800 
54.829600, -118.647000, 36.267900 
54.402000, -112.553000, 34.519100 
54.483500, -118.100000, 71.141700 
57.188000, -118.248900, 104.131900 
55.450900, -113.923000, 48.154300 
51.943400, -114.736000, 83.791600 
54.094600, -112.306000, 42.345000 
50.693800, -114.330000, 45.225900 
52.355300, -115.332000, 26.692400 
52.755200, -110.747000, 20.648000 
51.444300, -114.527000, 44.507900 
53.244500, -116.238000, 81.835600 
51.130700, -114.009000, 11.330000 
51.015020, -114.026480, 79.850000 
51.068200, -115.136400, 50.229000 
53.862700, -110.639000, 22.000000 
52.479300, -115.206900, 47.003000 
53.431000, -117.540600, 2.315000 
53.010600, -112.810000, 3.566000 
52.255700, -113.886000, 7.471000 
53.645100, -114.130200, 4.354000 
53.584100, -113.614400, 108.278000 
51.407800, -113.668300, 48.170500 
50.963300, -112.288300, 59.194700 
54.293100, -116.188300, 129.495000 
53.826700, -113.603300, 61.417000 
53.039700, -111.220000, 49.234000 
55.866700, -119.596700, 27.400000 
53.559040, -113.693580, 47.393000 
51.168600, -114.210900, 42.249400 
50.991500, -114.030100, 25.776300 
53.659500, -113.478300, 38.672000 
51.065300, -115.221100, 32.065000 
53.501040, -113.489732, 72.582600 
53.006800, -110.995000, 27.890000 
50.187500, -110.476900, 29.326000 
52.843200, -111.722800, 131.989000 
53.607000, -112.592700, 82.987000 
53.537900, -111.785100, 69.588000 
53.635900, -112.019200, 138.094000 
55.931200, -112.047000, 37.112000 
54.658200, -111.622300, 73.573000 
51.213400, -110.336100, 29.836000 
52.322800, -114.020800, 33.186000 
51.649800, -110.187200, 29.457000 
51.770100, -111.422000, 83.834000 
51.791700, -111.536400, 134.537000 
56.036800, -113.782500, 122.373000 
52.402900, -111.736200, 220.419000 
55.644000, -114.659700, 321.231000 
55.858700, -113.841400, 24.591000 
54.897200, -117.708800, 268.645000 
54.218200, -110.712000, 31.389000 
54.101800, -114.292500, 175.079000 
55.247500, -116.641600, 60.134000 
54.359600, -116.152900, 27.056000 
54.229000, -110.348600, 30.697000 
54.210700, -110.241900, 25.644000 
54.025400, -110.681200, 28.319000 
54.056020, -110.357560, 20.621000 
54.113300, -110.564600, 42.180000 
54.221800, -110.584200, 20.172000 
54.479800, -110.332600, 27.849000 
53.883400, -110.041100, 42.576000 
50.471500, -111.606500, 68.156000 
50.242200, -113.617100, 63.562000 
53.155900, -112.326700, 124.766000 
56.091500, -111.817800, 37.950000 
55.991165, -112.032320, 59.530000 
55.924000, -111.896500, 128.639000 
52.923200, -115.107500, 352.345000 
52.779800, -113.629900, 108.514000 
53.345100, -114.743600, 77.191000 
52.872000, -113.629900, 21.012000 
52.868400, -113.666300, 47.764000 
52.104500, -113.077400, 57.965000 
52.592000, -113.967900, 55.460000 
52.322800, -114.020800, 119.455000 
52.373700, -114.076000, 70.021000 
58.568700, -119.201500, 26.895000 
55.985900, -119.955800, 99.875000 
54.138100, -111.908300, 128.185000 
53.890700, -117.354000, 180.060000 
55.728600, -119.775000, 55.012000 
55.396400, -119.599700, 92.910000 
53.796100, -111.941900, 24.830000 
50.129400, -111.908400, 51.049900 
54.494400, -115.957600, 21.234000 
53.927000, -114.376900, 20.644000 
54.338200, -114.060400, 17.255000 
52.544800, -110.713600, 91.429000 
58.943200, -118.916800, 67.362000 
59.067000, -118.875900, 29.679000 
59.005100, -119.033200, 118.012000 
52.632000, -112.945400, 116.813000 
52.746800, -112.988000, 21.204000 
52.588400, -113.161800, 64.960000 
52.144400, -115.535000, 41.315000 
52.180900, -112.647600, 149.929000 
52.166400, -112.658600, 51.165000 
52.549700, -112.579400, 84.920000 
51.893700, -114.400400, 148.703000 
52.480900, -114.870200, 98.964000 
52.199300, -114.564900, 26.189000 
52.319300, -111.477600, 90.939000 
52.235700, -111.788100, 79.001000 
52.220900, -111.937300, 54.824000 
51.955400, -111.845300, 86.296000 
52.515700, -113.173800, 381.486000 
52.450100, -113.167900, 21.219000 
49.871100, -112.913700, 16.588000 
52.366500, -113.191800, 20.998000 
52.104400, -110.695000, 331.305000 
52.028200, -110.564700, 12.438000 
52.264500, -110.570500, 77.086000 
54.162500, -112.841800, 35.028000 
50.704300, -111.155300, 62.239000 
50.518700, -111.910900, 26.536000 
50.838700, -111.520100, 132.470000 
50.977000, -111.683100, 55.072000 
51.300700, -112.042600, 50.165000 
57.299000, -118.228900, 103.808000 
52.166500, -113.256300, 176.704000 
54.796400, -117.658000, 25.374000 
52.286500, -114.123200, 27.400000 
54.785300, -117.658000, 275.398000 
52.457600, -114.419100, 55.061000 
57.200800, -118.819200, 26.061000 
55.494700, -119.289500, 45.044000 
54.290800, -116.918700, 63.963000 
51.488700, -113.153900, 293.726000 
53.416800, -113.917700, 66.880000 
53.179500, -111.779500, 18.860000 
53.821500, -113.490400, 189.614400 
56.964500, -117.007100, 215.634100 
53.861500, -114.756100, 21.993000 
51.333400, -110.667500, 76.773000 
51.773700, -114.222900, 22.437000 
50.987900, -111.741500, 22.000000 
51.425100, -110.513800, 63.552000 
51.254200, -110.402700, 44.949000 
51.911800, -114.512900, 118.890000 
52.068200, -114.546800, 51.474000 
51.919000, -114.394600, 260.254000 
51.897200, -115.040200, 19.285000 
52.093600, -115.143800, 110.377000 
52.104400, -115.161600, 68.556000 
53.035800, -115.965300, 88.880000 
54.319700, -116.718100, 44.480000 
54.385300, -116.975100, 122.266000 
54.345300, -116.880900, 51.782000 
57.193700, -118.199700, 157.569000 
54.436200, -111.205100, 99.419000 
55.520400, -113.781100, 115.816000 
55.509300, -114.146900, 20.016000 
55.585600, -117.891600, 130.386000 
53.159500, -114.902800, 9.050000 
54.647200, -119.332000, 65.658000 
54.836400, -119.145800, 64.163000 
54.796400, -119.439200, 28.636000 
54.872800, -119.361100, 57.088000 
54.829200, -119.490000, 49.719000 
54.607200, -119.332000, 143.455000 
54.720000, -119.110600, 569.801000 
55.494700, -119.412800, 10.590000 
52.544800, -114.545200, 186.046000 
52.184500, -114.737900, 39.847000 
53.103200, -115.363400, 214.590000 
52.814000, -114.786000, 164.545000 
52.140800, -115.060200, 34.863000 
52.708400, -115.428900, 228.754000 
53.101200, -114.761900, 56.814000 
53.257600, -115.507800, 90.084000 
53.909800, -115.787800, 53.585000 
53.828700, -115.943000, 32.460000 
53.366700, -116.022500, 114.510000 
53.326800, -116.168000, 123.025000 
53.534300, -116.333900, 60.985000 
49.616400, -112.472000, 34.994000 
49.958300, -113.556600, 122.445000 
53.035900, -111.403600, 23.306000 
53.777900, -115.769200, 53.065000 
54.130700, -115.765300, 41.735000 
54.887200, -119.828100, 41.056000 
55.010800, -119.865000, 25.565000 
54.985600, -119.828100, 104.505000 
57.742220, -119.995050, 52.341000 
57.724400, -119.980900, 52.341000 
57.418900, -119.561200, 53.859000 
51.065100, -114.130500, 34.048700 
51.180450, -113.937280, 76.491000 
53.013900, -116.258600, 32.798000 
52.703800, -114.572500, 38.660000 
52.064400, -114.271400, 54.667000 
54.130600, -119.218900, 42.733000 
54.439300, -119.655000, 74.549000 
54.459900, -119.717000, 115.103000 
55.069400, -113.313900, 44.922000 
53.499300, -116.805300, 107.113000 
50.718600, -111.322200, 31.510000 
57.004500, -113.188600, 36.917000 
52.334100, -113.674200, 32.021000 
51.449700, -111.571700, 37.190000 
54.257200, -112.373600, 39.460000 
54.447400, -117.523700, 138.611000 
56.135000, -113.028300, 82.994000 
56.134800, -113.201300, 129.916000 
55.121400, -114.159100, 31.292000 
53.997000, -111.569200, 177.040000 
54.685600, -117.414400, 49.567000 
54.612500, -118.214300, 131.560000 
53.215900, -116.497000, 62.401000 
55.631500, -112.189600, 99.919000 
55.891800, -111.717900, 22.081000 
50.567300, -111.213500, 34.535000 
54.510600, -117.501800, 21.040000 
52.155600, -113.529700, 29.291000 
53.770600, -117.601400, 71.320000 
54.760400, -113.959500, 26.070000 
53.583000, -116.842000, 131.460000 
54.949200, -112.304700, 29.026000 
54.528700, -117.464200, 20.557000 
56.199000, -110.675100, 28.399000 
55.093800, -113.623700, 31.645000 
50.511400, -111.289400, 50.719000 
56.622700, -119.946500, 48.332000 
54.206700, -116.766700, 14.860000 
54.159000, -116.757000, 19.140000 
52.613900, -112.805800, 25.473000 
51.691800, -112.224000, 24.522000 
53.197300, -114.098200, 55.490000 
54.896300, -118.487000, 77.391000 
54.037600, -116.698500, 62.409000 
53.388600, -115.315800, 22.810000 
54.541800, -117.884100, 22.402000 
50.973000, -113.852900, 30.761000 
50.006500, -114.146000, 20.993000 
50.635800, -113.633400, 20.717000 
50.397600, -113.925500, 131.631000 
50.677900, -113.715700, 39.122000 
56.556900, -119.363900, 28.557000 
53.706600, -115.976300, 97.510000 
50.521800, -113.913200, 74.289000 
50.653300, -111.166100, 34.260000 
50.576700, -112.630300, 120.890000 
50.158400, -112.136500, 33.460000 
52.926700, -113.998900, 50.008000 
51.024500, -111.642800, 85.416000 
51.552500, -111.490600, 138.323000 
51.176900, -112.055300, 140.101000 
51.915100, -113.373700, 29.970000 
52.358000, -114.324100, 66.544000 
52.091000, -112.761500, 27.582000 
52.743400, -114.113400, 40.119000 
52.337200, -115.123200, 22.710000 
52.851400, -114.046900, 66.555000 
51.137900, -111.577600, 70.149000 
51.507100, -111.886500, 53.410000 
55.781200, -114.307200, 128.923000 
52.265500, -114.517800, 140.671000 
53.825000, -115.556700, 191.020000 
53.216900, -116.358700, 126.533000 
55.245100, -119.689000, 36.758000 
57.066100, -114.777500, 19.841000 
53.967700, -110.122400, 25.022000 
50.201900, -112.391700, 21.065000 
52.260500, -113.816600, 25.257000 
52.366300, -114.963000, 154.293000 
55.432800, -118.041700, 172.748000 
56.930900, -115.252200, 77.379000 
55.883900, -117.462000, 34.894000 
49.729200, -114.427200, 41.478000 
54.661700, -119.034700, 261.139000 
55.800300, -117.813800, 47.654000 
54.738100, -119.837500, 121.945000 
54.388400, -110.949300, 61.910000 
54.665300, -119.129700, 284.287000 
53.193400, -110.863100, 48.057000 
52.279300, -112.581700, 130.127000 
54.858100, -119.235000, 71.505000 
54.348900, -119.463300, 98.363000 
53.403100, -110.403600, 22.985000 
56.300000, -119.097900, 27.359000 
54.033400, -117.756900, 63.487000 
54.965100, -119.306800, 26.658000 
52.140800, -112.157200, 28.036000 
56.347100, -119.190500, 38.045000 
55.895000, -118.317500, 40.000000 
50.202700, -110.661300, 33.592000 
50.294200, -110.593500, 33.083000 
50.191100, -110.259400, 33.663000 
53.337800, -111.243900, 34.899000 
52.090700, -112.766700, 16.220000 
55.862200, -119.720300, 20.327000 
56.098600, -119.288100, 82.258000 
55.945800, -119.805300, 146.019000 
55.943900, -119.923100, 20.494000 
52.268400, -113.351800, 68.231000 
50.995000, -112.801700, 39.190000 
50.965900, -113.030200, 27.910000 
51.122600, -113.164300, 20.698000 
51.217000, -113.977700, 27.563000 
51.006200, -113.176000, 34.806000 
51.020700, -112.948400, 94.101000 
50.278300, -111.468400, 140.785500 
50.289400, -112.007500, 149.776900 
50.485900, -111.451200, 50.407800 
50.656800, -111.410100, 118.810000 
50.671500, -111.695300, 173.840500 
50.998700, -112.464500, 52.454300 
51.126200, -112.359500, 232.709500 
51.304300, -112.653700, 49.632900 
51.275400, -112.906500, 66.423000 
51.402400, -112.918100, 25.907000 
51.060700, -112.412000, 21.477000 
51.147800, -112.621100, 307.062000 
51.129700, -114.767900, 94.871100 
51.151500, -112.703700, 58.284800 
51.322600, -112.542000, 52.171700 
51.307900, -112.712600, 30.316600 
51.420600, -113.052500, 46.288000 
50.675000, -111.762200, 71.606900 
50.802300, -111.902000, 167.361400 
50.795100, -112.017800, 431.923200 
50.893400, -112.174000, 131.535900 
50.842300, -112.463400, 126.110900 
50.915100, -112.451700, 509.140800 
50.627900, -111.965600, 141.031700 
50.700700, -112.110300, 82.372100 
50.707900, -112.353400, 94.870200 
50.711500, -112.394000, 552.750300 
50.755100, -111.786200, 96.767600 
50.809500, -111.693700, 66.811300 
50.867900, -111.936700, 142.553200 
50.860700, -112.035100, 117.280800 
50.864300, -112.353400, 49.044700 
50.977000, -112.242800, 146.662900 
50.889400, -113.406800, 146.895000 
51.264300, -113.205200, 27.523000 
51.380700, -113.229600, 127.793000 
50.984300, -113.444300, 65.679000 
51.075100, -113.409300, 166.323000 
51.078700, -113.537700, 39.429000 
51.177000, -113.438500, 83.419000 
51.264300, -113.403500, 66.986000 
51.319000, -113.511800, 62.375000 
51.359000, -113.352900, 37.843000 
55.520300, -119.315300, 31.174000 
58.164800, -117.427500, 23.288000 
58.081200, -117.635600, 219.170000 
58.441200, -117.244700, 86.772000 
56.222300, -112.706800, 90.737500 
54.854500, -111.802000, 32.834000 
54.949300, -110.622600, 23.475000 
54.970900, -110.750100, 20.549300 
55.047300, -110.577800, 114.374500 
55.294800, -110.795100, 44.637100 
51.409800, -113.094600, 27.172000 
50.740700, -112.324500, 26.764800 
52.708400, -114.446600, 45.800000 
52.777600, -114.234300, 31.717000 
50.096700, -111.110000, 48.893500 
50.165800, -110.841900, 184.243600 
50.165800, -111.052800, 127.607100 
50.187500, -111.052800, 23.194400 
50.165800, -111.189800, 25.893000 
50.187600, -111.167000, 64.207100 
50.223900, -110.761900, 575.256500 
50.223900, -110.899700, 91.842000 
50.224000, -110.037500, 281.067900 
50.398600, -110.503300, 318.680000 
50.573100, -111.177500, 250.379900 
50.700700, -110.478000, 294.241900 
50.700600, -110.772500, 95.227500 
55.363900, -119.760600, 42.259000 
55.443900, -119.522500, 20.678000 
52.701200, -115.392500, 21.230000 
52.217300, -112.307300, 90.000000 
56.095100, -113.448600, 101.030900 
50.700700, -111.022200, 52.029400 
50.314700, -111.968400, 54.977200 
50.631500, -111.022200, 39.606700 
52.642900, -113.191800, 31.417000 
52.701200, -113.266000, 20.417000 
52.606500, -115.014400, 30.173000 
54.223000, -113.478600, 70.250000 
53.254000, -113.048200, 189.225000 
51.239700, -115.564600, 37.144000 
50.784300, -113.667400, 63.644000 
50.755100, -112.162300, 30.050000 
51.766200, -111.963700, 127.090000 
52.020900, -112.402800, 57.222000 
50.922300, -112.003700, 118.003000 
55.619600, -119.503300, 100.071000 
53.837900, -113.933100, 162.297000 
55.771100, -119.828100, 69.746000 
50.591500, -111.780300, 52.702000 
53.188700, -115.642200, 38.640000 
51.439000, -112.054500, 27.960000 
51.522600, -113.018200, 86.788000 
51.359000, -112.360100, 127.096000 
51.784500, -113.402700, 107.132000 
51.531300, -113.276300, 196.885000 
51.642600, -113.337700, 57.059000 
50.817000, -113.100200, 114.823000 
50.707900, -113.221600, 20.553000 
50.835100, -112.799000, 65.825000 
51.038600, -111.864000, 83.597000 
50.456800, -110.181600, 45.210000 
50.565900, -110.210200, 73.240000 
53.937900, -116.900400, 28.755600 
53.228700, -115.104400, 112.572000 
54.323400, -115.677500, 18.680000 
51.726200, -114.436000, 27.944000 
52.640400, -113.252100, 234.525000 
52.435700, -113.390400, 383.483000 
55.433300, -116.483200, 146.389000 
52.727800, -113.270100, 57.490000 
52.359300, -114.785700, 29.913000 
51.366200, -112.771200, 20.376900 
51.093400, -112.820100, 75.429500 
52.275700, -114.218800, 22.282600 
52.017300, -113.148800, 32.293400 
51.635400, -112.792600, 33.012700 
51.871800, -112.887600, 43.327500 
51.751800, -113.864600, 24.492000 
52.522800, -116.380000, 25.834800 
52.439300, -110.316400, 119.580400 
51.737300, -112.561700, 45.495900 
55.087300, -113.141000, 22.442500 
56.613100, -112.849000, 25.903000 
58.110400, -118.115600, 59.695000 
56.233200, -113.896400, 70.738700 
55.542000, -113.430800, 34.338400 
55.585700, -112.963500, 25.121700 
55.625700, -114.374200, 20.584000 
55.385700, -113.001600, 64.684800 
50.711900, -111.057400, 55.310000 
54.436100, -118.743800, 33.378900 
53.428700, -116.722200, 23.393100 
53.635900, -116.931800, 33.698200 
52.493600, -115.935000, 57.547100 
50.427600, -112.462300, 28.145000 
50.675000, -113.087500, 24.899900 
50.522300, -111.652300, 34.660000 
58.568700, -119.061500, 24.093000 
56.313200, -111.636200, 165.790000 
54.268900, -111.143600, 33.274000 
57.877200, -119.740900, 153.868000 
49.652800, -111.231900, 34.710000 
52.111800, -112.731200, 91.197000 
53.561500, -116.577900, 2528.457000 
53.392300, -115.316900, 48.960000 
52.042900, -114.588800, 90.690000 
52.543100, -114.280500, 19.450000 
52.759300, -115.531900, 108.440000 
49.816400, -112.070100, 177.819000 
52.522900, -111.634000, 355.627000 
49.791100, -112.557000, 134.943000 
49.761900, -113.394800, 107.200000 
50.693200, -113.672900, 100.847000 
51.388100, -110.772500, 80.700000 
51.209800, -113.141000, 31.100000 
52.362900, -113.534900, 60.500000 
50.627800, -111.287500, 18.407000 
52.130100, -110.116900, 2.889000 
52.326500, -114.515200, 29.264000 
54.963600, -117.670700, 157.126000 
52.966800, -111.131600, 87.889000 
50.165900, -110.089100, 135.620000 
52.559300, -115.213000, 20.719000 
54.538100, -119.066400, 20.338000 
55.996800, -110.822600, 30.905000 
59.641800, -118.307800, 46.718600 
54.418100, -116.362000, 33.638000 
54.330800, -116.367000, 20.810000 
54.792900, -115.521700, 61.230000 
54.647300, -115.495800, 12.520000 
58.081200, -117.828800, 45.567000 
55.710300, -116.604200, 59.193000 
53.090400, -115.245000, 114.361000 
53.254000, -114.437900, 23.603000 
59.601800, -117.409700, 56.662000 
53.010400, -110.731400, 23.635000 
51.762600, -110.139700, 45.497000 
52.650400, -115.080800, 43.306000 
53.173900, -114.884600, 209.553000 
50.307500, -110.502500, 47.232300 
50.282400, -110.468900, 42.590300 
50.453200, -110.204700, 47.180900 
50.318700, -111.261700, 25.063000 
50.340400, -111.302000, 116.313300 
50.267600, -111.330600, 116.160700 
53.134000, -115.678900, 39.187000 
53.148700, -115.746100, 24.166000 
52.541200, -115.170800, 54.584900 
52.439300, -115.044700, 56.655400 
52.461400, -114.346900, 197.373400 
52.570100, -114.533200, 82.110800 
53.064700, -116.436900, 50.620200 
53.039400, -116.406400, 40.205500 
53.163100, -117.017800, 235.601700 
53.021100, -116.363600, 23.778600 
52.806800, -114.640400, 90.860700 
57.042500, -111.905000, 279.674300 
53.752300, -117.099300, 366.422000 
57.066200, -118.031700, 23.292000 
50.311200, -110.296600, 22.645000 
51.581600, -113.840400, 55.205000 
50.736800, -113.325700, 43.047000 
55.603900, -119.347800, 48.393000 
54.370800, -116.874800, 20.733000 
52.843100, -115.604700, 276.118000 
52.260900, -114.946900, 25.330000 
50.013100, -112.393100, 66.514000 
51.719000, -112.390100, 125.978000 
52.766800, -114.489100, 34.700000 
54.385300, -118.624900, 23.887000 
54.760100, -113.815800, 117.900000 
54.654500, -114.092500, 0.424000 
54.763700, -113.938300, 0.924000 
58.368300, -118.990000, 100.967000 
58.059200, -118.287500, 88.985000 
57.971400, -118.584100, 23.152000 
50.889400, -114.761800, 977.140000 
49.488900, -113.955100, 33.778000 
52.088200, -115.689400, 154.188000 
51.135900, -114.144900, 34.862000 
51.599900, -115.356900, 234.183000 
53.272300, -114.725300, 37.827000 
52.300900, -112.886300, 17.992000 
53.879800, -113.627400, 2.493000 
52.621200, -112.211500, 72.639000 
53.279500, -111.587000, 1162.689000 
53.363200, -111.879500, 26.581000 
52.024500, -112.916300, 99.827000 
52.701200, -112.259500, 25.525000 
55.640300, -119.627000, 75.476700 
53.734200, -118.395600, 32.880000 
53.712300, -116.148900, 49.198000 
52.766700, -116.393000, 311.342900 
54.476300, -119.173900, 99.503000 
54.359700, -119.138900, 40.569000 
55.458300, -119.573900, 30.851000 
53.854300, -117.391200, 291.722000 
55.432800, -119.606100, 24.382000 
55.411100, -118.885600, 25.793000 
54.359700, -118.756300, 34.839700 
54.265300, -116.342000, 212.848000 
54.221800, -116.197900, 36.383000 
53.923400, -116.775900, 40.395000 
54.079700, -118.342700, 29.188000 
54.034500, -117.180900, 140.907000 
54.178700, -117.328400, 932.355000 
53.711900, -117.052500, 66.008000 
53.918400, -117.297000, 67.621000 
52.989300, -114.157900, 147.950000 
52.682300, -114.392900, 43.161000 
52.958200, -114.679900, 72.909000 
52.874300, -110.162700, 36.731000 
53.117300, -110.803900, 60.603000 
56.364200, -119.934300, 33.420000 
55.341700, -118.914200, 21.650000 
55.338100, -118.536700, 22.865000 
50.013100, -112.611500, 264.803000 
52.788400, -112.489800, 15.240000 
52.031800, -112.629500, 19.630000 
55.194800, -111.486700, 24.357700 
53.970700, -115.744200, 21.352000 
53.170400, -115.177800, 23.600000 
53.847000, -114.619400, 20.384000 
53.484800, -115.607600, 254.842000 
53.385100, -115.612800, 373.346000 
53.290400, -115.831900, 165.744000 
52.180900, -113.083200, 208.429000 
55.491170, -116.186500, 108.645000 
55.174800, -112.281000, 65.838000 
54.162360, -115.733900, 676.629000 
52.937600, -114.270700, 23.351000 
56.218700, -116.251300, 38.264700 
54.105400, -117.526500, 670.327000 
54.225300, -118.305200, 91.489000 
53.952600, -117.559000, 111.425000 
56.007600, -113.343900, 41.214000 
52.601300, -115.221600, 21.732000 
52.395700, -113.047700, 23.239000 
56.007600, -113.402800, 145.293000 
54.054200, -118.308700, 119.759000 
53.977900, -116.751200, 25.640000 
50.744200, -110.130000, 47.630000 
50.896900, -110.633600, 75.590000 
50.824200, -110.859400, 81.212000 
49.972800, -110.755600, 24.923000 
50.084400, -110.607000, 28.797000 
49.988300, -110.914000, 48.709000 
50.022400, -110.743000, 96.060000 
51.020600, -111.402200, 29.961000 
50.093100, -110.732800, 195.794000 
50.136700, -110.732800, 46.616000 
50.533100, -112.444200, 108.750000 
53.590480, -116.172680, 37.941000 
50.111100, -113.482500, 38.347000 
51.162600, -112.021200, 20.700000 
51.195100, -112.102800, 32.471000 
50.187500, -112.153400, 20.324000 
52.159300, -112.749000, 21.667000 
51.984500, -112.784800, 85.378000 
52.050000, -110.420600, 37.485000 
51.580900, -112.977000, 37.449000 
51.599000, -113.029900, 82.953000 
51.624500, -112.952600, 220.759000 
51.700900, -112.852000, 131.533000 
51.515400, -112.953400, 21.807000 
52.555700, -114.449100, 43.772000 
52.515700, -114.449100, 37.843000 
52.512000, -114.394900, 95.430000 
52.541200, -114.322700, 20.461000 
52.490100, -114.232400, 28.358000 
52.537600, -114.292700, 96.018000 
55.251100, -119.426100, 33.516000 
52.759300, -114.125200, 160.092000 
52.543100, -114.280500, 48.083000 
52.384800, -114.382900, 39.386000 
52.803100, -115.665500, 33.520000 
52.468400, -114.328800, 36.735000 
51.395400, -111.331700, 34.716000 
52.748400, -115.513900, 24.634000 
52.028200, -113.572700, 72.234000 
51.973700, -113.572700, 53.652000 
51.930100, -113.538800, 129.746000 
52.035400, -113.614300, 60.514000 
55.367500, -119.220300, 29.320000 
52.915900, -114.006000, 51.374000 
52.944800, -114.264600, 53.019000 
51.813700, -113.621800, 57.187000 
54.956400, -119.783300, 180.364000 
56.271846, -111.498890, 6037.432000 
54.807300, -115.413300, 30.824000 
53.186800, -115.156400, 25.071100 
53.767000, -117.497000, 459.085000 
54.372300, -118.521700, 32.642000 
54.445300, -118.607600, 81.938000 
55.072900, -110.705300, 25.517200 
53.578344, -115.855642, 47.820000 
55.134700, -119.143100, 31.758000 
52.857600, -115.513900, 175.483000 
51.286200, -113.200200, 21.612000 
52.035400, -113.453200, 42.252000 
51.049800, -113.659900, 35.611000 
51.879000, -112.792600, 28.342000 
51.784500, -113.532900, 31.800000 
53.857900, -113.397400, 77.384100 
54.279800, -117.012600, 21.686000 
53.272300, -113.072700, 28.112000 
51.359000, -112.418700, 46.948000 
51.559000, -113.282700, 35.789000 
51.668100, -113.615000, 56.977000 
54.796400, -119.082000, 25.523000 
52.213700, -114.308200, 116.889000 
54.730800, -118.592200, 35.184000 
51.569700, -114.985200, 25.169000 
58.011900, -119.480700, 55.846000 
52.890400, -114.246600, 40.056000 
56.506100, -119.432000, 53.445000 
50.995300, -113.973800, 0.010000 
52.942400, -113.511100, 102.595500 
52.086500, -112.754800, 34.300000 
51.624500, -111.863100, 41.600000 
52.671900, -114.615300, 20.851200 
54.166900, -118.486900, 113.896000 
51.489800, -112.888700, 30.529000 
50.831400, -110.865000, 32.338000 
51.053400, -111.689000, 20.560000 
49.907500, -112.227600, 21.832000 
54.668900, -117.651600, 31.393000 
53.374300, -111.809800, 99.827000 
53.363200, -112.039500, 124.784000 
51.671700, -112.507500, 65.965000 
52.039300, -112.987700, 67.316000 
53.134000, -111.850100, 329.057000 
57.217500, -110.895000, 1942.107200 
50.556100, -114.236300, 20.828000 
54.301700, -118.649900, 155.868000 
53.890700, -117.465900, 32.897000 
56.666700, -111.345100, 164.000000 
56.055100, -115.366500, 48.291000 
52.039300, -111.376500, 43.147000 
53.486800, -114.330700, 46.683500 
52.875700, -111.422500, 35.694000 
52.144900, -111.752000, 29.025000 
50.184300, -110.508300, 35.539000 
53.558600, -113.368000, 69.050000 
55.835800, -114.697100, 104.794000 
55.725100, -119.399500, 62.971200 
51.948100, -113.711300, 67.770000 
51.727500, -113.819000, 152.060000 
52.604900, -113.196300, 24.669000 
53.885300, -117.178700, 203.077000 
57.382700, -118.979400, 119.619000 
53.154100, -116.460300, 50.608000 
53.221000, -114.668000, 28.757000 
54.903200, -115.205800, 22.790000 
50.993800, -113.990000, 20.414000 
55.201500, -119.881400, 136.390000 
52.725100, -113.169500, 33.550000 
52.761600, -113.133400, 4.950000 
53.477900, -116.124000, 23.071000 
55.434200, -114.550000, 68.978000 
57.211800, -118.010800, 77.816000 
53.137900, -110.617800, 23.650000 
53.145100, -110.623800, 23.729000 
53.134300, -110.587100, 23.987000 
53.134300, -110.635900, 23.412000 
53.156000, -110.660300, 23.571000 
53.145100, -110.642200, 22.248000 
53.155900, -110.598100, 23.515000 
53.156000, -110.638400, 24.108000 
53.156000, -110.615800, 23.571000 
53.156900, -110.605500, 23.571000 
53.134300, -110.642200, 23.571000 
55.733200, -118.998900, 133.647600 
53.914400, -117.573700, 649.344000 
53.987100, -117.351500, 495.092000 
53.539800, -113.397000, 1.400000 
50.571300, -112.146100, 113.494300 
51.411700, -113.285800, 59.584000 
50.442900, -111.857300, 122.133100 
51.280800, -112.818900, 24.911500 
55.460700, -119.982500, 25.134000 
54.172300, -118.334400, 23.860000 
52.081000, -113.597900, 39.848000 
53.783400, -112.339300, 34.329000 
51.557200, -113.402600, 35.687000 
50.683000, -111.548000, 29.777000 
52.841500, -116.035500, 115.893000 
50.624800, -111.588500, 30.275000 
52.867000, -116.253100, 42.105000 
51.993700, -113.123700, 26.820800 
51.865500, -112.954700, 26.229200 
52.095600, -113.147400, 20.280000 
54.412200, -110.336100, 25.127000 
49.119100, -113.761500, 198.397000 
53.550000, -113.466700, 47.406300 
51.364000, -110.285900, 33.235000 
50.723300, -112.789100, 26.162000 
50.326300, -110.328500, 66.650500 
52.867000, -116.549200, 27.482900 
53.143200, -116.923400, 88.807600 
50.155700, -114.453300, 92.360700 
54.423700, -119.349700, 37.218000 
50.486700, -112.917000, 150.921000 
52.546700, -115.260600, 64.571000 
52.401200, -114.591500, 22.933000 
53.477400, -117.026300, 45.102000 
53.703000, -117.234900, 161.962000 
58.781600, -118.602700, 22.803000 
53.332400, -111.451000, 41.202000 
53.608800, -113.005500, 17.992000 
53.332400, -111.548200, 18.488000 
53.245100, -111.596700, 78.180000 
53.303300, -111.451000, 112.306000 
53.230500, -111.863900, 72.375000 
53.376000, -111.830200, 72.375000 
52.585700, -116.036700, 25.574100 
52.063200, -112.629000, 5.960000 
52.503000, -113.435200, 16.530000 
52.481500, -113.419000, 8.030000 
56.486500, -114.120400, 47.566500 
54.452300, -114.874300, 57.024000 
54.353900, -114.811100, 27.240000 
52.764900, -114.957500, 320.366000 
52.881600, -111.343300, 29.795000 
52.941200, -118.043000, 567.345000 
57.546100, -119.106200, 82.796000 
57.066400, -118.029400, 32.719000 
55.714000, -115.898300, 57.285000 
50.593000, -111.492000, 28.628000 
53.175900, -115.271100, 220.384000 
50.542800, -113.977200, 40.062000 
55.160200, -118.818400, 529.928900 
50.187900, -112.225200, 23.807000 
53.559400, -113.347200, 182.100000 
56.850000, -119.836900, 33.073000 
53.571500, -117.045300, 420.064000 
55.392400, -119.134800, 1.039000 
56.473900, -119.722200, 27.686000 
50.701400, -111.554300, 77.840000 
52.728700, -113.006500, 61.738000 
51.570600, -113.688200, 87.740000 
51.680100, -113.935100, 77.830000 
51.723600, -113.616200, 53.510000 
51.770800, -113.622100, 483.780000 
52.184300, -112.937300, 14.454000 
55.698600, -119.715100, 46.643000 
52.361000, -113.819400, 5.110000 
52.549200, -113.840800, 5.332000 
49.720000, -113.500300, 14.801000 
53.599500, -111.416200, 7.553000 
54.691700, -119.161000, 26.568000 
52.359500, -112.845000, 25.115000 
53.484900, -116.921800, 20.577000 
53.666400, -117.259600, 61.387000 
55.827200, -116.555400, 21.576000 
54.040000, -114.130000, 0.880000 
56.482100, -117.963100, 97.903000 
52.295900, -115.146700, 24.659000 
52.530400, -112.934800, 36.771000 
52.240800, -114.909200, 29.089000 
51.923800, -112.550100, 2.650000 
50.973600, -112.711700, 102.760000 
53.936200, -113.499600, 2.830000 
53.753700, -114.443000, 0.320000 
51.625300, -111.195200, 16.200000 
51.600900, -111.231500, 4.940000 
57.340500, -119.621600, 29.573000 
50.866100, -113.650500, 51.367000 
56.584400, -119.410600, 64.799000 
50.393200, -113.828900, 86.512000 
50.698800, -113.558500, 37.381000 
51.557200, -113.110700, 29.551000 
50.320400, -113.087100, 22.218000 
53.652500, -115.989400, 41.679000 
52.419400, -115.029800, 37.850000 
51.716900, -112.761700, 20.421000 
51.578500, -112.916200, 22.370000 
53.735600, -115.701500, 31.389000 
49.959800, -113.546000, 21.018000 
52.459500, -114.304600, 93.668000 
57.662400, -119.822600, 128.935000 
52.681500, -113.121100, 64.050000 
54.323200, -110.925700, 37.180000 
54.740600, -113.931600, 0.053000 
54.723500, -113.921900, 0.394000 
54.055700, -117.243900, 435.148000 
53.761100, -117.349200, 417.214000 
53.655600, -117.081700, 883.906000 
50.854000, -112.580900, 51.395800 
50.501000, -112.223700, 43.061600 
50.999600, -112.443800, 30.880400 
51.727200, -113.196900, 25.141000 
51.669000, -113.119900, 20.974000 
55.311000, -119.932400, 43.257000 
51.319600, -113.717600, 26.281000 
52.072000, -113.073300, 25.342000 
54.171000, -118.334400, 187.002000 
50.846700, -112.073300, 23.382500 
50.485300, -111.171600, 161.693000 
50.448100, -110.574400, 128.684100 
51.989100, -113.452300, 53.338000 
53.745100, -113.235600, 237.620000 
52.808600, -115.270700, 21.917000 
55.071100, -119.032100, 38.583000 
53.596200, -113.332100, 156.006000 
52.689400, -114.862300, 24.904000 
54.342700, -110.328700, 398.860700 
54.769600, -111.904600, 38.175000 
54.128600, -116.928000, 24.911000 
54.197700, -116.761000, 507.754000 
55.743000, -114.147400, 34.313000 
56.528200, -114.071600, 140.371000 
56.524400, -113.464600, 108.369000 
53.812800, -110.003500, 43.930000 
54.285000, -115.698200, 64.810000 
52.881600, -116.573400, 32.322700 
51.465100, -113.512200, 21.976000 
53.161400, -116.973500, 28.213500 
53.768300, -116.915400, 202.666000 
53.761100, -117.367500, 122.938000 
52.124700, -113.677200, 43.500000 
52.223000, -113.659300, 31.100000 
51.787100, -113.335700, 41.500000 
53.034200, -115.290800, 65.601000 
52.277500, -112.862900, 35.888000 
52.557700, -115.977200, 27.350900 
54.175700, -119.534400, 169.254000 
53.870300, -117.088800, 30.603000 
53.837700, -116.708500, 21.142000 
54.387300, -114.753100, 62.864000 
54.525100, -116.796200, 64.817000 
54.125100, -116.816700, 179.999000 
49.901400, -111.097200, 21.352000 
52.641400, -115.125800, 56.461000 
49.984100, -110.041800, 29.385000 
52.583000, -113.734000, 70.694000 
53.223000, -115.973000, 25.675000 
53.379400, -117.634100, 22.019000 
52.579300, -113.513500, 31.100000 
52.868700, -113.142400, 40.500000 
51.157600, -114.191600, 1.053000 
53.678600, -113.804600, 1.626000 
53.007200, -117.327200, 8.109000 
55.998000, -118.532200, 167.318000 
54.863300, -119.001700, 480.760000 
54.352100, -119.460100, 25.085000 
54.029600, -110.788100, 152.046000 
51.665100, -113.763000, 49.380000 
52.148200, -112.786300, 19.539000 
52.410100, -112.969700, 8.814000 
51.814300, -113.763000, 79.180000 
49.958600, -113.543700, 7.579000 
52.096300, -112.701200, 29.829000 
51.767000, -113.703800, 53.410000 
54.197600, -116.685500, 23.507000 
54.735000, -119.046500, 59.656000 
54.811600, -118.871600, 21.037000 
54.032400, -116.594600, 20.960000 
55.844600, -111.091400, 59.068000 
54.830600, -118.682100, 25.978000 
54.416700, -118.735900, 124.976000 
52.830800, -115.141000, 63.188000 
53.106900, -115.936400, 40.026000 
54.154200, -117.560400, 34.507000 
55.000700, -119.237900, 20.027000 
54.752100, -119.602200, 124.575000 
53.032100, -111.245100, 20.392000 
56.193600, -110.950600, 361.705000 
53.348000, -115.995300, 167.180000 
54.665400, -119.026200, 45.276000 
54.608900, -119.016700, 24.091000 
54.404000, -118.882700, 127.607000 
54.449900, -118.882600, 28.312000 
54.786900, -119.383000, 50.166000 
54.496800, -118.990300, 21.139000 
54.670700, -119.218300, 109.245000 
54.715300, -119.505100, 41.524000 
53.085700, -116.114600, 37.850000 
54.643700, -119.376800, 32.017000 
55.052400, -119.453000, 137.957000 
54.833700, -119.425700, 59.092000 
54.674300, -119.438800, 89.748000 
52.552400, -112.880800, 33.850000 
52.342200, -112.764800, 11.220000 
53.892100, -110.134600, 22.815000 
50.395500, -112.521600, 63.471000 
52.674300, -113.985300, 19.591000 
53.272400, -110.593500, 24.509000 
54.501400, -111.070200, 30.836000 
52.146000, -112.248400, 82.947000 
54.497000, -111.021700, 62.666000 
51.912900, -113.627900, 71.309000 
55.559700, -110.908100, 56.333000 
54.506100, -111.058000, 33.945000 
52.365200, -114.958000, 33.604000 
55.527900, -110.873800, 443.141700 
54.226800, -118.628100, 93.338000 
55.787200, -119.623500, 23.597000 
51.348700, -113.658600, 27.672000 
51.348700, -113.031900, 31.052000 
51.308800, -113.341700, 34.590000 
52.621400, -113.684400, 30.541000 
52.053800, -113.251900, 23.387000 
55.692200, -119.529200, 36.907000 
52.372100, -115.060000, 49.262000 
55.666400, -110.714000, 198.944800 
56.411700, -110.937600, 1591.006000 
54.856700, -119.333400, 42.431000 
53.623400, -116.858600, 155.438000 
53.019700, -112.193800, 33.230000 
55.247800, -115.069300, 21.630000 
55.233400, -115.069700, 213.290000 
53.193900, -115.291900, 116.710000 
53.054200, -114.935400, 176.992000 
52.594100, -114.879300, 34.917000 
50.235000, -110.391000, 57.021900 
54.323000, -110.250000, 100.542000 
54.656560, -119.915230, 170.185000 
50.155000, -110.665200, 262.445000 
52.047700, -112.638200, 1.330000 
54.324500, -119.815800, 32.164000 
53.579500, -116.138000, 24.600000 
57.486000, -113.793600, 48.008000 
53.975700, -117.287500, 122.930000 
55.997100, -113.473700, 22.423000 
51.716800, -114.642400, 90.149000 
55.608800, -118.003600, 33.821000 
55.640500, -117.119300, 83.791000 
55.489500, -118.325200, 52.894000 
50.243000, -113.608600, 134.704000 
55.145100, -116.211800, 52.347000 
56.299100, -116.798300, 48.889000 
53.190400, -115.223500, 76.418500 
54.030800, -116.659500, 19.689000 
53.499200, -116.805300, 60.984000 
55.645600, -119.436200, 23.819000 
53.540300, -111.784400, 33.089000 
50.289900, -113.394900, 20.099000 
50.568900, -113.628500, 20.448000 
56.113500, -111.829300, 150.488300 
51.650800, -113.008000, 20.461000 
53.048700, -115.077200, 67.557000 
52.042900, -113.579100, 40.917000 
52.758000, -114.107400, 723.221000 
51.984700, -113.311200, 20.459000 
54.140900, -116.995900, 93.522000 
51.959900, -113.562700, 20.461000 
52.950900, -115.104400, 242.679000 
54.287500, -115.992200, 21.807000 
54.054300, -117.165300, 34.886000 
54.856100, -119.688000, 32.039000 
54.724800, -119.092900, 25.074000 
52.983900, -115.025700, 44.994000 
51.687800, -112.990000, 20.872000 
54.699800, -119.048100, 32.039000 
54.033000, -117.758100, 30.134000 
51.934500, -113.332500, 40.921000 
52.390400, -114.376400, 26.941000 
53.450100, -116.033600, 170.254000 
51.879900, -113.362300, 40.921000 
52.530400, -112.910800, 2.640000 
52.399400, -112.868800, 22.170000 
52.490300, -112.964700, 20.605000 
52.754200, -113.127400, 2.660000 
50.442800, -111.519600, 329.852000 
54.061900, -117.748000, 44.318000 
51.999300, -112.603300, 1.760000 
54.302500, -118.644200, 428.402000 
54.062900, -117.782600, 54.169000 
53.436500, -115.989600, 61.952000 
51.396500, -114.028100, 23.095000 
54.830600, -119.662600, 167.836000 
55.751100, -117.145700, 57.844000 
53.081400, -115.570800, 74.172000 
58.439800, -119.154600, 25.354400 
50.861800, -114.767700, 24.910000 
55.022900, -118.573300, 142.599000 
53.713400, -110.746600, 62.132000 
53.044900, -115.985100, 49.790000 
54.541100, -118.179200, 46.114000 
54.439400, -118.250400, 31.225000 
53.957500, -117.076600, 226.331000 
53.855600, -116.983600, 226.183000 
54.154200, -117.222800, 34.531000 
53.943100, -118.746600, 39.711000 
54.346700, -114.898500, 31.162000 
54.248500, -114.730000, 73.555000 
55.252300, -119.234200, 21.211000 
53.840500, -111.901600, 28.937000 
51.074900, -114.138700, 47.880000 
57.286600, -111.599500, 95.803000 
57.335400, -111.755600, 1485.829000 
55.554100, -119.755400, 501.847000 
54.120600, -116.996700, 34.186000 
51.629100, -114.243600, 93.397000 
50.894500, -111.490600, 20.740000 
58.768400, -111.098300, 38.633000 
54.493400, -119.890600, 37.715000 
53.587400, -113.364700, 64.000000 
54.883900, -119.864100, 40.884000 
52.530100, -114.511100, 32.804000 
52.674300, -114.185900, 52.234000 
51.872800, -113.363800, 24.760000 
54.015600, -116.965100, 28.889000 
53.110600, -116.223100, 48.886000 
54.229400, -117.589200, 176.300000 
52.968900, -115.872400, 24.950000 
51.852200, -113.254100, 72.838000 
54.841500, -119.135000, 48.563000 
53.659800, -116.650500, 55.543000 
53.190600, -115.528900, 167.828000 
54.516600, -111.028600, 21.358000 
54.488200, -111.018000, 28.110000 
54.462100, -110.820700, 36.162000 
54.447600, -110.801800, 20.681000 
54.482200, -111.078400, 23.745000 
54.517800, -110.817900, 45.679000 
54.476700, -111.053800, 25.174000 
54.492900, -111.069300, 22.658000 
54.479400, -111.025200, 23.218000 
54.496800, -111.021800, 24.219000 
54.505800, -111.034800, 23.107000 
54.491200, -111.041400, 20.915000 
54.447600, -110.820700, 30.255000 
54.534300, -111.121700, 27.682000 
54.515500, -111.014800, 37.288000 
54.502900, -110.909700, 37.925000 
54.489200, -110.918600, 23.862000 
54.520300, -111.053800, 31.884000 
54.505800, -111.057900, 27.455000 
54.520300, -111.060000, 30.332000 
54.487600, -111.028600, 25.576000 
54.516600, -111.047600, 44.435000 
54.511700, -111.007500, 26.978000 
52.563000, -112.952700, 26.180000 
52.139300, -112.941700, 27.199000 
52.032600, -113.030700, 46.190000 
51.980200, -113.005700, 23.155000 
51.181500, -113.008000, 20.383000 
55.765000, -119.574200, 66.527000 
51.531100, -113.276200, 39.358000 
51.642400, -113.334300, 297.707000 
54.006600, -119.105500, 1156.502000 
53.248700, -115.388000, 30.420000 
55.056600, -118.766200, 77.178000 
51.505300, -110.728600, 24.678000 
51.352400, -111.197300, 21.010000 
51.266400, -111.044600, 25.249000 
51.188700, -110.490400, 20.077000 
54.743500, -119.073300, 60.283000 
54.702200, -118.777800, 36.358000 
54.760400, -118.889100, 34.101000 
52.626700, -114.603400, 38.696000 
55.194800, -113.033400, 32.009000 
56.992500, -112.228600, 22.589000 
51.815600, -112.455500, 25.758000 
54.503700, -115.487800, 29.620000 
54.767700, -113.899100, 0.004000 
52.618800, -112.147700, 58.635000 
51.993100, -113.045100, 47.418000 
51.581700, -113.838000, 23.371000 
52.723200, -115.493000, 30.267000 
53.944600, -116.674600, 68.642000 
54.490100, -111.079400, 22.215000 
54.567900, -111.092800, 37.448000 
51.219100, -114.640500, 51.905000 
54.745800, -119.467890, 111.219000 
54.552600, -111.101300, 28.015000 
54.563900, -110.978100, 28.266000 
51.855153, -114.748583, 21.983000 
52.703757, -114.572462, 23.083000 
54.110410, -117.529300, 34.507000 
54.527530, -119.910600, 26.970000 
55.117900, -119.894000, 118.914000 
55.041500, -119.631000, 394.137000 
52.732520, -115.225400, 149.580000 
53.131335, -116.188861, 133.634000 
52.874260, -115.425100, 65.658000 
53.900650, -116.744400, 50.739000 
52.689440, -115.030300, 119.244000 
54.771977, -111.822075, 20.195800 
51.946060, -114.859300, 26.179000 
51.840630, -113.468600, 26.374000 
52.012583, -112.983617, 41.753000 
55.666382, -110.714044, 821.562900 
53.343377, -115.997169, 37.905000 
53.226456, -114.033728, 168.590000 
54.491400, -110.935100, 24.048000 
54.469100, -110.930300, 30.985000 
56.293250, -116.794830, 40.271500 
53.249497, -113.203491, 44.126000 
54.430059, -119.215241, 29.673000 
52.436100, -113.378300, 8.040000 
55.767572, -119.774656, 399.887000 
52.700580, -112.852380, 20.476100 
56.147110, -116.294328, 28.279200 
51.465640, -114.467560, 110.216000 
52.162940, -110.621170, 54.287000 
50.882910, -114.777600, 32.563400 
53.443180, -117.655400, 26.875500 
55.815390, -111.444400, 231.296000 
52.543170, -114.532650, 24.063000 
52.726153, -114.417716, 28.366000 
54.204974, -116.760593, 47.990000 
55.459690, -114.769748, 21.647000 
52.360640, -113.424340, 7.670000 
56.113140, -111.715340, 146.701900 
53.699375, -115.976323, 20.353000 
52.258050, -113.880800, 3.299000 
53.162257, -114.205282, 95.280000 
54.019300, -117.819900, 84.056600 
54.738100, -118.991200, 126.260000 
54.062895, -117.082694, 55.451000 
55.015940, -118.601180, 20.555000 
52.424682, -114.206755, 33.479000 
55.288764, -114.588331, 189.968000 
52.760118, -114.997929, 23.702000 
49.952697, -111.097089, 21.352000 
52.553348, -114.523110, 148.673000 
51.891500, -114.642450, 34.445000 
52.488579, -114.778143, 37.709000 
57.338567, -118.658395, 232.998000 
52.848996, -114.185854, 28.228000 
53.746585, -110.261976, 36.596000 
54.612765, -118.214339, 59.340000 
55.631636, -112.189239, 25.893000 
54.786452, -112.743829, 24.139000 
53.868547, -110.201304, 30.446000 
57.363681, -119.753423, 58.119000 
56.069368, -119.640148, 20.401000 
54.412662, -112.252014, 41.757000 
54.674098, -118.459589, 29.792000 
54.184783, -118.080993, 205.703000 
52.765274, -114.185866, 20.461000 
54.723108, -119.104521, 33.855000 
55.524545, -110.998753, 321.296200 
54.520552, -110.916413, 26.822000 
55.351198, -110.631166, 88.724000 
54.033822, -117.757794, 39.718000 
55.691822, -111.279327, 23.498000 
51.607863, -113.521976, 38.057000 
54.099661, -117.772711, 35.575000 
50.105628, -112.238941, 86.905000 
52.659529, -115.305903, 22.036000 
54.868300, -119.074800, 149.461000 
54.490657, -118.597906, 57.795000 
56.143464, -116.679462, 27.042000 
53.296012, -115.631563, 20.079000 
53.154195, -115.314893, 21.552000 
54.946359, -119.835394, 70.337000 
50.583659, -113.295243, 40.115000 
55.404330, -119.482020, 27.657000 
55.670280, -119.514970, 45.885000 
55.692060, -119.526920, 41.998000 
51.713230, -114.695610, 28.610000 
52.732440, -116.512950, 58.974500 
56.391780, -112.897800, 30.800000 
53.134160, -110.532510, 28.505000 
53.137820, -110.544690, 46.974000 
53.206260, -114.983810, 306.968700 
53.776065, -116.797230, 35.433000 
52.954130, -111.676010, 23.823000 
52.968780, -111.663940, 23.382000 
51.651280, -114.034230, 23.203000 
53.982920, -116.989870, 7.809000 
56.568280, -118.449240, 43.105000 
55.234190, -115.081850, 37.450000 
55.622580, -112.654920, 122.147000 
55.241540, -115.133220, 33.100000 
54.168660, -118.059720, 519.122000 
54.350029, -117.942696, 38.940000 
52.517730, -114.106930, 105.096000 
52.426770, -114.220820, 57.725000 
52.470520, -114.250870, 58.616000 
54.415870, -114.174330, 393.990000 
52.293671, -114.294419, 39.440000 
53.846565, -112.917641, 20.377000 
53.819806, -112.916951, 58.202000 
54.077740, -116.179690, 36.801000 
54.825813, -119.166614, 26.963000 
54.386810, -118.771920, 194.592000 
54.317560, -119.259270, 56.505000 
54.481680, -118.985290, 63.131000 
54.361360, -118.753140, 157.137000 
54.390420, -118.965610, 69.143000 
53.956000, -116.763100, 42.467000 
53.306830, -116.935880, 27.405500 
53.401901, -115.569198, 21.825000 
53.858000, -112.434000, 22.070000 
55.670280, -119.514970, 45.885000 
55.602130, -119.378720, 45.885000 
53.151622, -110.647409, 23.729000 
54.670697, -119.218295, 112.942000 
56.306500, -116.844200, 36.259300 
51.738477, -113.121682, 77.508000 
53.044946, -115.546408, 36.264000 
53.878014, -112.966492, 45.359000 
53.939894, -113.208105, 32.593000 
57.266383, -118.667671, 33.626000 
54.172320, -110.611700, 38.812000 
53.406910, -115.689580, 24.264000 
50.009687, -110.849152, 28.613000 
50.690438, -111.554005, 140.362000 
54.023370, -110.616300, 20.031000 
52.083390, -112.854780, 23.859000 
54.011450, -110.608540, 15.580000 
56.880790, -112.242730, 37.805000 
51.316430, -114.391420, 36.820000 
56.307340, -116.814170, 24.873100 
56.283490, -116.798360, 40.375000 
56.299560, -116.773930, 21.529200 
55.888090, -117.113350, 26.703500 
55.893050, -117.104650, 26.703500 
56.273160, -116.817570, 21.312600 
56.301030, -116.819220, 33.375400 
56.283220, -116.798360, 21.855100 
55.895420, -117.142020, 21.312600 
56.270780, -116.823390, 21.312600 
56.301440, -116.821580, 21.961200 
56.859111, -113.577912, 142.749000 
53.732200, -118.257330, 41.352700 
53.797400, -117.293400, 23.715100 
56.622730, -119.507900, 65.226000 
52.352860, -115.181300, 42.141000 
55.240710, -115.054700, 23.760000 
54.828970, -118.808360, 21.770800 
55.978230, -118.881190, 25.972000 
53.622900, -116.799230, 41.647000 
54.823170, -115.117100, 34.170000 
52.514590, -113.358370, 10.720000 
52.188380, -112.852230, 1.760000 
52.795350, -112.584180, 1.640000 
52.022960, -112.604990, 2.610000 
52.724660, -113.122030, 2.680000 
55.671290, -119.514940, 92.775000 
52.494420, -113.924840, 36.766000 
54.467920, -118.166840, 63.473000 
56.279290, -116.605280, 26.660200 
56.280610, -116.817310, 27.358200 
54.524920, -117.469700, 29.580000 
54.601600, -116.625730, 24.013000 
54.448860, -116.909320, 129.776000 
54.379460, -117.285770, 12.041000 
55.763394, -118.963830, 23.212000 
53.670110, -116.535340, 45.627000 
54.190450, -116.448450, 32.646000 
51.784530, -114.380580, 21.971700 
51.750890, -114.356840, 21.971700 
50.537450, -112.029380, 73.757700 
54.070528, -117.510382, 23.147000 
50.986480, -113.504090, 21.787000 
54.263132, -118.732820, 30.594000 
52.767100, -115.361560, 104.792000 
52.906530, -115.176399, 34.220000 
54.349178, -119.132948, 27.154000 
54.692574, -119.161664, 44.373000 
53.260053, -115.601320, 22.523000 
54.448884, -118.594666, 396.794000 
55.527319, -119.563866, 193.257000 
58.100334, -117.818842, 27.600000 
54.362358, -118.753710, 50.009400 
51.962779, -112.567417, 2.620000 
54.421677, -119.142137, 22.496000 
52.748152, -115.255659, 24.722000 
52.938251, -111.188467, 51.853000 
55.807850, -119.686950, 45.255000 
52.910748, -115.171174, 20.435000 
50.057310, -112.504930, 105.533000 
54.536198, -110.793343, 20.579000 
52.141055, -112.156684, 38.241000 
54.877940, -119.265475, 21.938000 
54.635871, -119.441900, 101.042000 
52.302233, -115.032585, 30.399000 
55.681934, -119.527076, 25.158000 
55.774377, -113.770251, 49.947000 
54.786666, -117.649590, 349.196000 
