53.582300, -113.588600, 9.674000 
56.377200, -117.175600, 256.678500 
53.733200, -113.175000, 0.114000 
53.288500, -110.018300, 0.018000 
54.572300, -115.522900, 1.194000 
54.596400, -110.395000, 0.100000 
53.343600, -113.526900, 1.857000 
49.789400, -112.126100, 2.274000 
52.496000, -114.988000, 0.600000 
52.959300, -115.893800, 1.200000 
52.776100, -115.660700, 1.200000 
52.758100, -114.111600, 1.200000 
52.226300, -115.177000, 1.200000 
50.080710, -110.727860, 52.777000 
53.841600, -113.097900, 157.500000 
57.003300, -111.466100, 0.677800 
50.982200, -113.974200, 0.084000 
53.570000, -113.611400, 0.616000 
53.227700, -114.988900, 14.176000 
53.593060, -116.390300, 40.254000 
55.071200, -118.691200, 147.177000 
53.413300, -117.570600, 522.067000 
50.845800, -113.586700, 100.300000 
53.541700, -113.391700, 0.200000 
53.181200, -115.762500, 0.370100 
54.524700, -116.794300, 1.170800 
53.204500, -116.811200, 1.000000 
50.086600, -110.716700, 412.860000 
51.526000, -113.880000, 0.128700 
53.340200, -113.538100, 1.081000 
51.789600, -114.702800, 10.371200 
54.238200, -115.379700, 103.920000 
55.029800, -118.744000, 168.184700 
53.250200, -115.555500, 0.122600 
53.571290, -113.355400, 5.642000 
59.063100, -118.875700, 0.278500 
51.000700, -113.965670, 5.037400 
51.010160, -113.964210, 1.114800 
54.133300, -115.366600, 16.751700 
58.518800, -117.119500, 24.732800 
53.902300, -115.189300, 1.200000 
53.402700, -117.599300, 10.971400 
53.282300, -113.542000, 0.105000 
59.641800, -118.307800, 0.220700 
53.559400, -113.347200, 8.700000 
52.309150, -113.809970, 0.454000 
55.175000, -118.785400, 1.933600 
53.301700, -110.012600, 0.678300 
56.411700, -110.937600, 0.001000 
53.576900, -116.452400, 0.396800 
53.293090, -113.537600, 2.567900 
