53.733200, -113.175000, 0.145000 
53.288500, -110.018300, 0.541000 
54.596400, -110.395000, 0.543900 
50.647500, -113.772000, 0.268000 
54.194400, -116.632200, 1.721000 
53.746900, -113.164500, 1.612000 
52.959300, -115.893800, 3.355000 
52.758100, -114.111600, 3.507000 
52.226300, -115.177000, 1.798000 
52.308300, -113.550000, 3.255000 
51.965500, -114.753600, 1.353200 
53.652000, -116.099200, 3.064100 
57.003300, -111.466100, 11.492000 
57.040500, -111.619200, 35.070000 
53.795900, -113.099600, 14.035000 
53.804200, -113.082400, 19.567000 
53.541700, -113.391700, 4.030000 
53.181200, -115.762500, 0.225700 
54.833300, -118.646700, 1.294100 
54.524700, -116.794300, 1.225300 
53.550500, -113.358900, 2.229100 
51.526000, -113.880000, 0.580700 
51.696900, -114.475000, 1.857000 
57.546300, -119.112600, 1.008000 
55.489100, -119.750800, 1.898000 
53.581600, -113.599100, 1.454000 
53.557500, -116.547200, 1.724000 
52.327100, -112.718300, 1.283000 
53.902300, -115.189300, 1.200000 
53.740700, -113.023100, 3.398000 
52.228400, -114.397700, 2.577000 
53.550690, -113.349600, 10.326800 
52.674300, -111.311600, 0.040000 
57.298900, -111.503300, 1.685000 
53.286400, -110.017800, 0.338000 
52.656700, -111.311900, 0.507000 
54.420500, -110.213100, 0.059000 
55.582700, -110.888800, 3.924000 
55.069600, -110.536100, 7.526000 
57.351700, -111.522200, 3.166000 
50.963600, -113.976680, 1.325000 
53.530040, -113.402010, 1.857700 
59.641800, -118.307800, 1.300000 
57.217500, -110.895000, 14.902300 
53.566800, -113.365000, 1.108000 
52.639900, -111.273500, 1.174000 
54.342700, -110.328700, 0.010000 
55.527900, -110.873800, 1.020300 
56.411700, -110.937600, 2.031000 
56.113500, -111.829300, 1.865500 
57.335400, -111.755600, 20.026000 
55.815390, -111.444400, 1.416000 
56.113140, -111.715340, 1.944200 
55.524545, -110.998753, 0.726800 
55.830680, -119.465350, 0.008000 
54.499810, -115.419150, 3.328000 
54.961270, -117.277780, 2.241000 
53.572140, -113.317020, 2.697000 
53.183180, -114.809290, 5.094000 
54.121292, -115.519090, 1.002000 
54.405090, -116.854660, 1.303000 
