53.539700, -113.409200, 0.140000 
52.829200, -110.859200, 0.021000 
56.377200, -117.175600, 1070.672000 
53.833100, -113.108900, 0.090000 
53.344000, -114.305000, 15929.000000 
53.733200, -113.175000, 25.065700 
53.288500, -110.018300, 44.570000 
52.146300, -115.330000, 3895.163600 
50.747700, -114.494700, 1186.890000 
53.952700, -113.078000, 333.320000 
54.572300, -115.522900, 11.050000 
54.596400, -110.395000, 1571.000000 
55.335900, -119.223000, 152.160000 
50.647500, -113.772000, 1777.811000 
54.194400, -116.632200, 3388.200000 
53.245000, -115.674300, 5.800000 
53.746900, -113.164500, 136.100000 
52.564700, -112.141400, 23041.716400 
51.531700, -111.786100, 33750.019500 
54.007100, -119.104000, 1260.021100 
51.742300, -114.134500, 1577.300000 
53.529100, -113.387500, 69.700000 
52.959300, -115.893800, 158.500000 
52.463000, -114.346500, 116.330000 
52.776100, -115.660700, 33.540000 
52.758100, -114.111600, 212.200000 
52.226300, -115.177000, 4038.650000 
58.500000, -119.416700, 211.962200 
52.940400, -114.832300, 238.660000 
55.725100, -119.399900, 389.280000 
52.308300, -113.550000, 4.880000 
53.733200, -113.486200, 32.077000 
49.305200, -114.000300, 6279.600000 
51.039600, -114.559000, 6680.700000 
51.965500, -114.753600, 1820.940000 
56.380600, -116.795000, 56.450000 
53.722900, -113.174000, 331.500000 
53.721700, -113.191700, 176.217000 
53.841600, -113.097900, 1466.200000 
53.652000, -116.099200, 72.620000 
54.423300, -117.760400, 540.010000 
57.003300, -111.466100, 18539.449000 
57.040500, -111.619200, 72970.909000 
53.508500, -114.557100, 18299.700000 
53.448700, -114.449100, 13157.140000 
52.385800, -113.595000, 0.030200 
51.570800, -114.851700, 4791.400000 
55.071200, -118.691200, 812.605000 
53.795900, -113.099600, 66.900000 
53.804200, -113.082400, 1.644000 
53.413300, -117.570600, 1340.100000 
53.727300, -113.087100, 0.008000 
53.541700, -113.391700, 3687.890000 
53.181200, -115.762500, 1610.550000 
51.219500, -114.645400, 1697.200000 
50.805300, -110.034900, 82.977000 
54.833300, -118.646700, 262.100000 
54.524700, -116.794300, 31.760000 
54.130900, -115.546700, 713.287000 
53.204500, -116.811200, 2794.934700 
51.086700, -114.008800, 7.000000 
53.550500, -113.358900, 3394.161400 
51.526000, -113.880000, 268.200000 
51.696900, -114.475000, 230.261000 
55.248100, -114.514000, 0.430000 
53.531993, -113.364925, 4.160000 
54.772900, -110.579000, 665.608100 
54.185400, -116.210400, 66.990000 
51.400100, -114.034300, 1344.800000 
53.757500, -113.149900, 51.475800 
54.427200, -116.884300, 2014.400000 
53.132300, -115.981700, 609.060000 
53.728270, -113.235520, 0.080000 
53.283800, -110.031900, 411.296800 
50.061200, -110.723000, 3.633000 
55.481900, -119.059200, 1862.252000 
49.628100, -114.571900, 1016.901000 
57.546300, -119.112600, 8.210000 
55.040000, -115.475800, 52.600000 
50.583700, -113.871100, 80.717700 
55.489100, -119.750800, 338.199000 
53.581600, -113.599100, 64.414000 
55.876700, -119.301100, 23.049000 
53.557500, -116.547200, 1054.032000 
59.063100, -118.875700, 23.200000 
53.817200, -113.133600, 258.100000 
51.058900, -115.174500, 1528.100000 
51.012800, -114.022000, 52.439000 
50.912700, -114.011800, 13.473000 
52.327100, -112.718300, 458.480000 
56.904200, -117.633600, 0.150000 
55.074200, -117.274200, 389.417000 
53.560800, -113.415300, 56.000000 
58.518800, -117.119500, 32.000000 
49.693900, -112.096200, 50.890000 
53.902300, -115.189300, 4.420000 
53.740700, -113.023100, 6659.537000 
52.228400, -114.397700, 354.180000 
52.766100, -114.285600, 23.584000 
50.269600, -112.893800, 29.700000 
52.308300, -113.550000, 1.297000 
55.582700, -110.888800, 184.299000 
55.069600, -110.536100, 751.570000 
51.024500, -114.025000, 0.086000 
51.130700, -114.009000, 0.240000 
53.431000, -117.540600, 0.636000 
53.010600, -112.810000, 0.092000 
52.255700, -113.886000, 0.195000 
53.645100, -114.130200, 1.922000 
55.969400, -117.575600, 41.060000 
52.412900, -114.407600, 29.970000 
58.568700, -119.201500, 93.701000 
50.129400, -111.908400, 248.470000 
54.494400, -115.957600, 41.389000 
54.538100, -115.932300, 87.100000 
58.943200, -118.916800, 302.723000 
59.230700, -119.275900, 57.262000 
59.067000, -118.875900, 1102.239000 
52.588400, -113.161800, 16.930000 
52.333700, -111.357300, 351.700000 
51.911800, -111.188100, 32.567000 
52.421200, -110.388600, 20.999000 
51.682500, -111.293600, 43.505000 
53.821500, -113.490400, 257.123300 
52.479300, -110.936100, 51.773000 
51.773700, -114.222900, 61.922000 
53.912600, -116.745100, 67.478000 
51.065100, -114.130500, 0.269800 
52.915800, -113.022500, 25.013000 
54.130600, -115.231400, 374.120000 
53.583000, -116.842000, 484.100000 
56.622700, -119.946500, 28.279000 
53.706600, -117.241000, 2.240000 
53.928400, -116.717200, 8.780000 
53.388600, -115.315800, 23.980000 
54.541800, -117.884100, 66.639000 
50.653300, -111.166100, 39.690000 
52.743400, -114.113400, 31.053000 
56.930900, -115.252200, 21.595000 
56.281800, -119.166800, 44.780000 
54.033400, -117.756900, 66.896000 
56.347100, -119.190500, 26.215000 
55.954200, -117.710800, 26.571000 
52.217300, -112.307300, 55.700000 
50.631500, -111.022200, 35.258700 
52.435700, -113.390400, 43.266000 
51.971000, -114.052700, 65.726000 
52.450400, -110.851900, 174.595000 
56.233200, -113.896400, 15.644500 
49.936700, -111.406500, 69.176600 
58.568700, -119.061500, 38.814000 
56.313200, -111.636200, 221.620000 
54.963600, -117.670700, 24.529000 
52.359300, -113.715200, 413.240000 
58.615900, -119.015700, 62.118000 
58.761500, -118.690400, 62.817000 
55.327500, -119.007800, 21.632000 
59.641800, -118.307800, 88.338500 
51.868200, -110.139700, 35.680000 
59.601800, -117.409700, 13.140000 
56.458600, -119.914300, 198.594000 
53.428700, -115.125800, 365.842000 
50.337100, -111.513600, 22.455000 
52.155700, -110.893800, 56.075000 
57.042500, -111.905000, 179.155500 
55.603900, -119.347800, 512.559000 
54.370800, -116.874800, 77.654000 
49.896400, -111.765600, 32.196000 
53.272300, -114.725300, 43.870000 
55.378300, -118.499700, 741.700000 
56.364200, -119.934300, 288.900000 
52.097300, -114.755700, 26.617000 
52.188200, -110.988300, 34.773000 
49.616400, -111.917300, 92.256000 
54.317700, -116.573000, 46.367000 
54.432500, -116.139700, 89.388000 
55.072800, -116.975700, 40.120000 
52.337300, -112.885200, 30.282000 
52.857600, -115.513900, 169.823000 
52.366500, -110.791600, 257.251000 
52.942400, -113.511100, 0.419400 
51.360700, -113.614600, 3.074000 
57.217500, -110.895000, 347.612300 
56.666700, -111.345100, 21.000000 
53.558600, -113.368000, 4730.000000 
55.725100, -119.399500, 91.211600 
53.539800, -113.397000, 4.100000 
55.160200, -118.818400, 25.621700 
56.473900, -119.722200, 458.800000 
52.361000, -113.819400, 2.255000 
52.549200, -113.840800, 2.352000 
49.720000, -113.500300, 6.532000 
53.599500, -111.416200, 3.333000 
54.040000, -114.130000, 0.006600 
54.342700, -110.328700, 261.001300 
56.528200, -114.071600, 48.640000 
54.285000, -115.698200, 262.770000 
52.470100, -114.346400, 91.769000 
49.591390, -114.028330, 42.819600 
50.266657, -112.836800, 86.448700 
54.125100, -116.816700, 56.573000 
51.157600, -114.191600, 0.024000 
53.678600, -113.804600, 0.010000 
53.007200, -117.327200, 0.238500 
56.193600, -110.950600, 263.473000 
55.527900, -110.873800, 481.373100 
55.666400, -110.714000, 49.021800 
56.411700, -110.937600, 3075.637000 
53.256100, -114.437200, 84.593000 
51.898100, -113.567200, 972.870700 
54.323000, -110.250000, 134.600000 
56.284800, -116.111700, 66.358000 
55.608800, -118.003600, 255.300000 
55.640500, -117.119300, 624.600000 
53.957400, -116.720600, 14.006000 
50.858900, -113.988500, 11.789000 
56.113500, -111.829300, 122.490000 
56.143400, -119.360900, 42.006000 
50.196600, -111.343600, 37.828800 
51.074900, -114.138700, 0.336000 
53.761700, -113.679100, 83.368000 
57.335400, -111.755600, 2422.621000 
55.554100, -119.755400, 85.977000 
54.006600, -119.105500, 161.508000 
52.108364, -110.549451, 299.400000 
55.666382, -110.714044, 74.670300 
55.815390, -111.444400, 99.745000 
56.113140, -111.715340, 287.470000 
52.555940, -112.011300, 20.177000 
52.258050, -113.880800, 1.456000 
51.363330, -113.606940, 40.703900 
52.333053, -111.048566, 34.199000 
52.621511, -111.915255, 174.837000 
55.524545, -110.998753, 397.980000 
50.367454, -112.339518, 20.578000 
54.749140, -116.244004, 23.226000 
54.715833, -116.254234, 74.386000 
54.925153, -119.198874, 196.247000 
52.406670, -110.529820, 24.013000 
49.843490, -113.452750, 34.070000 
49.859050, -113.626980, 47.250000 
49.786690, -113.141990, 22.240000 
