54.194400, -116.632200, 20.871000 
53.746900, -113.164500, 1.566000 
52.940400, -114.832300, 2.703000 
55.725100, -119.399900, 12.635600 
49.305200, -114.000300, 57.083000 
51.039600, -114.559000, 20.553300 
57.003300, -111.466100, 71.952600 
57.040500, -111.619200, 10.117000 
51.570800, -114.851700, 26.930200 
53.181200, -115.762500, 6.126400 
51.219500, -114.645400, 16.761000 
53.204500, -116.811200, 143.702300 
51.526000, -113.880000, 5.659600 
54.427200, -116.884300, 9.342000 
53.557500, -116.547200, 31.370000 
52.228400, -114.397700, 2.128000 
