56.377200, -117.175600, 23.870000 
53.733200, -113.175000, 0.060600 
53.288500, -110.018300, 0.200000 
52.146300, -115.330000, 91.279600 
50.747700, -114.494700, 6.362000 
53.952700, -113.078000, 4.599000 
54.572300, -115.522900, 0.830000 
54.596400, -110.395000, 13.384200 
55.335900, -119.223000, 4.244000 
50.647500, -113.772000, 13.926000 
54.194400, -116.632200, 8.979000 
51.742300, -114.134500, 6.428000 
52.959300, -115.893800, 3.109000 
52.776100, -115.660700, 1.263000 
52.758100, -114.111600, 0.822000 
52.226300, -115.177000, 19.587000 
58.500000, -119.416700, 2.951000 
52.940400, -114.832300, 1.497000 
55.725100, -119.399900, 13.432100 
49.305200, -114.000300, 12.174800 
51.965500, -114.753600, 233.560000 
53.652000, -116.099200, 14.628900 
54.423300, -117.760400, 2.054000 
57.003300, -111.466100, 21.181500 
57.040500, -111.619200, 50.962000 
53.795900, -113.099600, 0.660000 
53.413300, -117.570600, 7.526000 
53.541700, -113.391700, 4.434000 
53.181200, -115.762500, 14.719200 
51.219500, -114.645400, 9.182800 
54.833300, -118.646700, 3.640300 
54.524700, -116.794300, 0.452400 
52.553700, -111.694000, 1.807600 
53.204500, -116.811200, 3.870900 
53.550500, -113.358900, 1.597300 
51.526000, -113.880000, 48.989300 
51.696900, -114.475000, 1.495000 
54.185400, -116.210400, 2.369000 
51.400100, -114.034300, 11.579600 
54.427200, -116.884300, 7.515000 
53.132300, -115.981700, 6.053000 
55.481900, -119.059200, 4.829000 
53.721800, -113.192700, 0.001000 
53.250200, -115.555500, 0.508800 
55.489100, -119.750800, 2.122000 
55.876700, -119.301100, 2.581000 
53.557500, -116.547200, 1.561000 
59.063100, -118.875700, 0.235900 
52.327100, -112.718300, 3.847000 
53.902300, -115.189300, 0.327000 
50.471500, -111.606500, 0.439000 
58.568700, -119.201500, 1.444000 
50.129400, -111.908400, 1.305100 
53.388600, -115.315800, 2.755000 
56.098600, -119.288100, 0.818000 
55.943900, -119.923100, 0.463000 
59.641800, -118.307800, 3.938300 
52.639900, -111.273500, 4.222000 
56.193600, -110.950600, 0.140000 
56.411700, -110.937600, 22.211000 
51.898100, -113.567200, 19.853500 
57.335400, -111.755600, 15.637000 
52.647440, -111.270000, 0.151400 
