57.003300, -111.466100, 80.000200 
57.040500, -111.619200, 21.292000 
53.541700, -113.391700, 2.330000 
53.181200, -115.762500, 0.001500 
51.696900, -114.475000, 0.053000 
51.000700, -113.965670, 0.558200 
51.010160, -113.964210, 0.014600 
53.550690, -113.349600, 0.658800 
57.298900, -111.503300, 1.781000 
59.641800, -118.307800, 0.000500 
55.175000, -118.785400, 0.010900 
56.113500, -111.829300, 0.621500 
57.335400, -111.755600, 5.268000 
53.576900, -116.452400, 0.042100 
56.113140, -111.715340, 0.684500 
53.293090, -113.537600, 0.064500 
