56.377200, -117.175600, 0.010929 
53.344000, -114.305000, 0.049800 
54.596400, -110.395000, 0.007007 
52.564700, -112.141400, 0.024806 
51.531700, -111.786100, 0.037932 
54.007100, -119.104000, 0.000900 
54.775000, -115.218600, 0.041705 
53.529100, -113.387500, 0.079609 
57.003300, -111.466100, 0.034619 
57.040500, -111.619200, 0.017233 
53.508500, -114.557100, 0.049847 
53.448700, -114.449100, 0.028906 
53.413300, -117.570600, 0.000949 
53.541700, -113.391700, 0.004700 
53.581600, -113.599100, 0.032747 
51.058900, -115.174500, 0.014810 
52.674300, -111.311600, 0.000004 
51.068200, -115.136400, 0.004417 
53.558600, -113.368000, 0.007730 
