53.539700, -113.409200, 14.840000 
52.829200, -110.859200, 0.421000 
56.377200, -117.175600, 306.343600 
53.344000, -114.305000, 1422.000000 
53.733200, -113.175000, 32.648000 
53.288500, -110.018300, 1.514000 
54.596400, -110.395000, 67.507800 
54.144400, -115.691700, 1.000000 
49.789400, -112.126100, 248.925000 
54.179100, -115.806000, 17.667000 
52.564700, -112.141400, 1477.602700 
51.531700, -111.786100, 315.902500 
54.007100, -119.104000, 142.000000 
50.675600, -110.025000, 452.134000 
53.529100, -113.387500, 125.706000 
53.571700, -113.349800, 77.325900 
53.089200, -116.805900, 4.464000 
52.308300, -113.550000, 739.404000 
50.080710, -110.727860, 168.811000 
53.721700, -113.191700, 36.932000 
53.841600, -113.097900, 730.120000 
57.003300, -111.466100, 1715.508800 
57.040500, -111.619200, 2601.038000 
53.508500, -114.557100, 1649.824000 
53.448700, -114.449100, 637.318000 
52.385800, -113.595000, 9.855000 
51.181625, -114.472100, 1.230000 
52.033030, -113.938910, 50.669000 
53.593060, -116.390300, 145.600000 
50.846700, -113.581170, 15.400000 
55.071200, -118.691200, 70.060000 
53.795900, -113.099600, 21.600000 
53.804200, -113.082400, 19.526000 
53.413300, -117.570600, 412.545000 
50.845800, -113.586700, 35.937000 
53.727300, -113.087100, 43.408000 
53.541700, -113.391700, 414.300000 
53.181200, -115.762500, 341.519200 
50.086600, -110.716700, 25.666000 
53.550500, -113.358900, 259.170600 
55.248100, -114.514000, 2.420000 
53.022700, -112.811400, 0.829000 
54.772900, -110.579000, 66.468600 
53.728270, -113.235520, 29.375000 
53.283800, -110.031900, 25.182400 
51.789600, -114.702800, 21.383700 
49.701943, -112.803037, 58.204500 
54.238200, -115.379700, 27.660000 
53.721800, -113.192700, 11.518000 
53.725400, -113.193000, 30.442000 
55.029800, -118.744000, 295.183500 
55.273300, -114.599700, 1.083700 
55.162300, -118.816600, 32.223000 
50.848000, -113.581300, 0.021000 
50.597600, -111.881800, 0.240000 
50.583700, -113.871100, 25.681800 
53.581600, -113.599100, 75.076000 
53.557500, -116.547200, 13.160000 
51.058900, -115.174500, 664.500000 
52.940500, -112.721400, 29.207000 
56.904200, -117.633600, 6.822000 
54.133300, -115.366600, 63.366000 
54.394900, -116.809000, 9.357000 
58.194700, -116.350400, 27.050000 
58.518800, -117.119500, 363.231500 
54.139800, -115.689100, 18.460000 
54.587200, -112.803100, 6.077000 
53.332300, -113.524100, 0.526000 
53.740700, -113.023100, 36.176000 
57.298900, -111.503300, 15.623000 
52.308300, -113.550000, 81.760000 
53.402700, -117.599300, 20.089700 
55.582700, -110.888800, 29.412000 
55.069600, -110.536100, 22.770000 
57.351700, -111.522200, 32.516600 
51.154200, -114.187700, 38.462000 
51.024500, -114.025000, 38.800000 
53.481700, -113.489000, 1.200000 
51.130700, -114.009000, 1.800000 
51.015020, -114.026480, 34.686000 
51.068200, -115.136400, 97.455000 
53.862700, -110.639000, 30.650000 
53.431000, -117.540600, 0.604000 
53.010600, -112.810000, 0.503000 
52.255700, -113.886000, 1.231000 
53.645100, -114.130200, 0.735000 
53.555610, -113.633750, 0.050000 
53.584100, -113.614400, 4.588000 
53.066500, -117.404800, 829.900000 
56.981400, -111.475800, 2.675000 
53.543100, -117.797900, 0.359000 
52.588100, -111.206100, 0.013000 
53.943200, -113.596900, 167.000000 
51.065300, -115.221100, 37.436000 
55.736900, -117.185800, 173.310000 
55.757600, -118.696700, 31.641000 
53.550100, -113.775600, 139.466000 
53.501040, -113.489732, 47.122400 
52.375200, -114.921600, 14.940900 
51.020210, -114.019246, 25.691800 
49.784800, -112.151000, 18.690000 
51.065100, -114.130500, 0.767300 
56.313200, -111.636200, 14.550000 
53.561500, -116.577900, 31.043100 
57.042500, -111.905000, 15.299300 
52.788400, -112.489800, 0.850000 
52.031800, -112.629500, 1.150000 
54.162360, -115.733900, 61.912000 
52.981500, -112.707700, 23.595000 
52.349900, -110.266600, 9.475000 
49.833300, -111.699800, 102.860000 
54.467300, -110.209200, 43.863000 
54.273400, -110.751000, 2.036000 
56.857000, -111.441500, 1.656000 
54.169000, -115.762200, 29.929000 
53.737500, -113.149000, 7.494500 
52.942400, -113.511100, 28.338700 
51.491800, -114.030200, 9.537000 
52.794000, -111.825900, 12.110000 
53.434200, -111.805800, 11.741000 
51.804500, -113.239900, 16.987000 
50.385800, -113.246500, 9.180000 
53.575400, -113.624100, 195.104000 
57.217500, -110.895000, 71.588600 
51.176500, -114.194900, 45.010000 
53.558800, -113.473700, 8.819100 
53.558600, -113.368000, 213.000000 
52.725100, -113.169500, 0.011300 
52.761600, -113.133400, 0.230900 
53.539800, -113.397000, 7.600000 
52.063200, -112.629000, 0.190000 
52.503000, -113.435200, 0.870000 
52.481500, -113.419000, 0.412500 
55.160200, -118.818400, 55.389600 
49.867000, -111.383000, 14.277000 
53.559400, -113.347200, 31.400000 
51.071400, -115.132000, 8.087300 
52.361000, -113.819400, 0.676000 
52.549200, -113.840800, 0.701000 
49.720000, -113.500300, 1.989000 
53.599500, -111.416200, 1.036000 
54.040000, -114.130000, 9.493000 
53.307800, -113.584900, 0.030000 
51.923800, -112.550100, 0.150000 
50.973600, -112.711700, 0.789000 
52.681500, -113.121100, 0.017600 
56.109900, -111.042100, 4.852000 
53.221600, -114.973300, 17.284000 
55.278800, -114.766600, 24.844000 
55.118600, -118.361300, 73.496000 
54.423900, -110.304200, 103.197000 
53.341300, -115.395600, 4.503000 
53.745100, -113.235600, 11.564000 
51.094400, -114.049700, 18.225000 
52.866700, -112.200000, 23.020000 
51.435000, -111.755000, 13.957000 
53.329400, -114.290300, 23.411000 
51.157600, -114.191600, 177.759000 
53.678600, -113.804600, 61.438000 
53.007200, -117.327200, 2.353000 
55.667600, -113.785200, 17.830300 
52.494100, -113.852000, 27.896900 
52.552400, -112.880800, 0.011400 
52.342200, -112.764800, 0.611000 
55.666400, -110.714000, 4.816200 
56.411700, -110.937600, 181.131000 
52.047700, -112.638200, 0.077000 
55.201800, -117.914900, 0.593000 
56.113500, -111.829300, 4.943600 
52.530400, -112.910800, 0.142700 
52.399400, -112.868800, 1.157000 
52.490300, -112.964700, 0.895000 
52.754200, -113.127400, 0.145000 
53.554250, -114.962760, 14.827000 
51.999300, -112.603300, 0.102000 
53.314600, -114.750600, 47.031000 
52.459500, -113.729500, 32.838000 
55.752800, -118.684100, 53.856000 
49.702567, -112.786857, 22.371000 
53.584400, -113.547900, 33.850000 
53.767200, -112.809500, 20.424000 
51.074900, -114.138700, 1.030000 
53.819900, -112.764600, 19.784000 
57.286600, -111.599500, 34.201000 
57.335400, -111.755600, 665.638000 
53.589200, -117.458900, 1.559000 
54.006600, -119.105500, 1287.528000 
50.851900, -113.505200, 21.599000 
52.436100, -113.378300, 0.440000 
56.113140, -111.715340, 6.809800 
52.258050, -113.880800, 0.444000 
56.391780, -112.897800, 1.464000 
53.206260, -114.983810, 65.201000 
55.715460, -118.720150, 41.828000 
51.087610, -113.664590, 28.195000 
52.330160, -113.517950, 27.699000 
54.415870, -114.174330, 63.760000 
56.243930, -117.317150, 25.634000 
56.856990, -111.440510, 3.878000 
52.514590, -113.358370, 0.292500 
52.188380, -112.852230, 0.100000 
52.795350, -112.584180, 0.096000 
52.022960, -112.604990, 0.141000 
52.724660, -113.122030, 0.150000 
50.977088, -113.936269, 20.226000 
57.433330, -111.530560, 0.818300 
51.962779, -112.567417, 0.140000 
