53.582300, -113.588600, 0.034000 
56.377200, -117.175600, 120.566000 
54.144400, -115.691700, 0.158000 
49.789400, -112.126100, 41.549000 
52.322100, -113.516600, 50.495000 
53.721700, -113.191700, 33.024000 
53.841600, -113.097900, 2297.104000 
57.003300, -111.466100, 2.113800 
57.040500, -111.619200, 1195.333000 
53.508500, -114.557100, 11.110000 
53.448700, -114.449100, 21.584000 
50.846700, -113.581170, 25.700000 
55.071200, -118.691200, 44.960000 
53.795900, -113.099600, 0.002500 
53.413300, -117.570600, 46.968000 
50.845800, -113.586700, 1448.089000 
53.541700, -113.391700, 1.626000 
53.204500, -116.811200, 6.935000 
50.086600, -110.716700, 2263.994000 
55.248100, -114.514000, 0.070000 
53.721800, -113.192700, 166.464000 
53.725400, -113.193000, 478.132400 
50.597600, -111.881800, 11.640000 
50.583700, -113.871100, 12.320000 
51.000700, -113.965670, 0.421500 
51.012800, -114.022000, 293.294000 
50.912700, -114.011800, 26.234000 
53.719000, -113.205600, 7.230000 
55.127919, -118.797840, 14.500000 
53.560800, -113.415300, 228.000000 
52.266000, -113.808200, 2.200000 
52.308800, -113.790000, 32.694000 
53.628800, -113.307700, 63.530000 
55.736900, -117.185800, 0.458000 
51.180450, -113.937280, 24.364000 
55.197120, -118.788450, 1.699000 
52.349900, -110.266600, 0.195300 
51.491800, -114.030200, 0.626000 
52.794000, -111.825900, 0.476100 
53.434200, -111.805800, 0.279000 
50.385800, -113.246500, 0.933300 
53.714800, -113.190000, 11.000000 
55.160200, -118.818400, 65.417500 
53.559400, -113.347200, 0.010000 
53.745100, -113.235600, 0.017000 
50.858900, -113.988500, 56.843000 
57.335400, -111.755600, 162.206000 
