56.377200, -117.175600, 0.000052 
53.344000, -114.305000, 0.051980 
54.007100, -119.104000, 0.009800 
53.529100, -113.387500, 0.036080 
53.841600, -113.097900, 0.000550 
57.003300, -111.466100, 0.094818 
57.040500, -111.619200, 0.026943 
53.508500, -114.557100, 0.090223 
53.448700, -114.449100, 0.072972 
51.181625, -114.472100, 0.000008 
51.789600, -114.702800, 0.000447 
51.058900, -115.174500, 0.000020 
58.518800, -117.119500, 0.034410 
53.740700, -113.023100, 0.000025 
56.411700, -110.937600, 0.002000 
57.335400, -111.755600, 0.000003 
