55.996700, -118.533600, 5.396200 
53.539700, -113.409200, 14.840000 
52.829200, -110.859200, 0.055000 
56.377200, -117.175600, 157.833500 
53.833100, -113.108900, 0.300000 
53.344000, -114.305000, 345.000000 
53.733200, -113.175000, 22.583000 
53.288500, -110.018300, 1.514000 
52.146300, -115.330000, 3.231300 
50.747700, -114.494700, 5.080000 
54.952700, -119.195300, 9.653000 
53.952700, -113.078000, 0.732000 
54.572300, -115.522900, 7.330000 
54.596400, -110.395000, 67.507800 
55.335900, -119.223000, 7.262000 
50.647500, -113.772000, 5.098000 
54.194400, -116.632200, 12.260000 
53.546800, -113.734800, 0.787000 
53.245000, -115.674300, 4.960000 
53.746900, -113.164500, 0.680000 
54.144400, -115.691700, 1.000000 
49.789400, -112.126100, 4.082000 
54.179100, -115.806000, 1.247000 
52.564700, -112.141400, 485.682000 
51.531700, -111.786100, 94.983900 
54.007100, -119.104000, 39.420000 
51.742300, -114.134500, 3.630000 
52.496000, -114.988000, 1.880000 
50.675600, -110.025000, 1.734000 
53.529100, -113.387500, 30.105000 
52.322100, -113.516600, 0.376000 
53.571700, -113.349800, 65.936200 
52.959300, -115.893800, 8.740000 
52.463000, -114.346500, 2.290000 
51.637200, -112.866000, 1.880000 
52.776100, -115.660700, 5.270000 
52.758100, -114.111600, 10.610000 
52.226300, -115.177000, 10.090000 
58.500000, -119.416700, 10.373100 
53.089200, -116.805900, 0.320000 
52.940400, -114.832300, 6.570000 
52.308300, -113.550000, 62.980000 
50.080710, -110.727860, 1.770000 
49.713599, -112.796397, 1.050000 
49.305200, -114.000300, 7.286000 
51.039600, -114.559000, 14.913300 
51.965500, -114.753600, 8.160000 
56.380600, -116.795000, 4.620000 
53.721700, -113.191700, 8.632000 
53.841600, -113.097900, 255.060000 
53.652000, -116.099200, 2.291000 
54.423300, -117.760400, 4.360000 
57.003300, -111.466100, 563.358200 
57.040500, -111.619200, 633.942000 
53.508500, -114.557100, 478.358000 
53.448700, -114.449100, 184.751000 
52.385800, -113.595000, 0.048300 
51.181625, -114.472100, 0.190000 
51.022770, -114.027660, 0.436700 
52.033030, -113.938910, 38.526000 
53.227700, -114.988900, 8.800000 
53.593060, -116.390300, 90.800000 
51.570800, -114.851700, 1.999000 
55.070600, -118.688800, 0.436000 
50.846700, -113.581170, 15.400000 
55.071200, -118.691200, 42.282000 
53.795900, -113.099600, 21.600000 
53.804200, -113.082400, 8.385000 
53.413300, -117.570600, 280.968000 
50.845800, -113.586700, 7.069000 
53.533000, -113.411500, 0.966000 
53.727300, -113.087100, 1.118400 
53.541700, -113.391700, 159.400000 
53.181200, -115.762500, 341.519200 
51.219500, -114.645400, 2.184600 
50.805300, -110.034900, 4.437000 
54.524700, -116.794300, 9.324600 
52.553700, -111.694000, 0.472900 
54.130900, -115.546700, 0.499000 
53.204500, -116.811200, 4.146300 
50.086600, -110.716700, 14.538000 
53.550500, -113.358900, 84.546100 
51.526000, -113.880000, 0.524800 
51.696900, -114.475000, 11.046000 
55.248100, -114.514000, 0.528000 
53.022700, -112.811400, 0.826000 
54.772900, -110.579000, 66.468600 
54.185400, -116.210400, 5.610000 
51.400100, -114.034300, 3.856000 
53.757500, -113.149900, 1.364000 
51.984500, -114.743800, 0.402000 
51.926500, -114.542700, 0.973000 
54.427200, -116.884300, 10.310000 
53.132300, -115.981700, 1.300000 
52.035300, -115.137700, 3.954000 
53.456206, -113.487312, 0.723000 
53.728270, -113.235520, 6.828000 
54.510900, -115.511700, 2.600000 
53.283800, -110.031900, 9.850900 
50.061200, -110.723000, 0.369000 
55.481900, -119.059200, 3.776000 
51.789600, -114.702800, 4.565500 
49.701943, -112.803037, 3.449600 
54.238200, -115.379700, 1.200000 
53.721800, -113.192700, 1.558000 
53.725400, -113.193000, 5.578000 
55.029800, -118.744000, 234.236500 
49.758379, -112.452561, 7.350000 
55.273300, -114.599700, 0.161400 
55.162300, -118.816600, 2.833000 
50.964200, -114.024100, 0.007400 
53.505652, -113.412963, 1.053000 
49.628100, -114.571900, 1.529000 
50.848000, -113.581300, 0.021000 
57.546300, -119.112600, 0.260000 
55.040000, -115.475800, 8.290000 
49.717200, -112.781900, 0.359300 
50.597600, -111.881800, 0.240000 
50.583700, -113.871100, 25.681800 
53.250200, -115.555500, 2.621800 
55.489100, -119.750800, 9.230000 
53.581600, -113.599100, 13.645000 
55.876700, -119.301100, 0.736000 
51.222500, -114.495600, 8.394300 
53.576280, -113.317500, 0.614000 
51.060740, -113.995090, 0.325000 
51.030750, -113.399500, 0.989000 
53.557500, -116.547200, 13.158000 
59.063100, -118.875700, 0.931000 
53.817200, -113.133600, 18.029000 
52.095600, -114.799300, 0.972000 
51.058900, -115.174500, 193.500000 
51.000700, -113.965670, 0.308800 
51.004210, -113.989400, 0.300000 
52.940500, -112.721400, 1.578000 
52.327100, -112.718300, 14.560000 
56.904200, -117.633600, 0.461000 
53.670500, -115.762200, 1.291000 
53.723500, -113.173800, 5.232000 
50.058200, -110.728200, 20.476300 
54.133300, -115.366600, 12.468000 
53.719000, -113.205600, 0.153400 
55.074200, -117.274200, 2.079000 
55.268600, -114.584700, 0.401000 
54.394900, -116.809000, 0.676000 
58.194700, -116.350400, 4.328000 
55.199400, -116.221900, 0.978000 
55.993500, -113.480500, 1.761000 
49.729139, -112.781105, 1.851000 
53.799100, -113.080700, 7.066000 
58.518800, -117.119500, 130.230300 
54.139800, -115.689100, 1.479000 
54.587200, -112.803100, 0.495000 
53.332300, -113.524100, 0.355200 
49.693900, -112.096200, 5.790000 
53.498600, -113.387900, 0.001000 
53.902300, -115.189300, 1.920000 
53.740700, -113.023100, 36.069000 
52.212400, -113.843700, 2.654000 
52.228400, -114.397700, 1.890000 
51.189400, -113.937800, 3.891000 
52.766100, -114.285600, 0.347400 
53.593600, -113.335600, 0.770000 
57.298900, -111.503300, 15.623000 
49.725296, -112.798487, 2.417200 
50.040920, -110.721904, 5.609000 
50.443600, -110.882500, 6.670000 
49.801900, -113.104700, 0.080000 
50.269600, -112.893800, 6.373000 
49.789000, -112.134440, 8.280000 
52.308300, -113.550000, 13.448000 
58.447100, -119.238300, 3.829500 
55.338500, -119.219200, 0.622400 
53.402700, -117.599300, 1.980900 
52.869000, -115.101000, 1.416000 
50.671900, -110.028900, 1.213000 
52.904700, -115.324700, 0.486000 
55.582700, -110.888800, 29.412000 
55.069600, -110.536100, 22.770000 
53.373100, -116.086000, 1.097000 
51.006900, -113.192800, 4.582000 
52.308800, -113.790000, 1.770000 
50.059700, -110.732000, 0.509600 
57.351700, -111.522200, 29.061300 
53.628800, -113.307700, 3.558000 
51.154200, -114.187700, 6.284000 
51.028800, -114.044800, 4.737000 
53.519600, -113.529000, 3.632000 
51.024500, -114.025000, 8.880000 
54.407700, -110.277800, 0.321000 
52.315900, -113.850000, 2.370000 
50.847000, -113.591000, 5.500000 
53.819400, -113.141900, 3.000000 
54.043500, -117.420000, 1.329100 
49.975700, -114.130000, 1.014000 
52.058000, -114.908000, 0.993000 
52.983100, -112.189800, 0.619100 
54.829600, -118.647000, 1.813400 
54.483500, -118.100000, 1.616000 
57.188000, -118.248900, 2.246900 
52.719000, -115.708000, 0.321100 
55.450900, -113.923000, 1.062300 
51.943400, -114.736000, 1.921100 
54.094600, -112.306000, 0.978200 
53.470500, -116.496100, 1.666900 
50.693800, -114.330000, 1.044600 
52.355300, -115.332000, 0.611200 
51.444300, -114.527000, 1.027600 
53.244500, -116.238000, 1.241400 
53.481700, -113.489000, 1.200000 
51.130700, -114.009000, 0.130000 
51.015020, -114.026480, 22.083000 
51.068200, -115.136400, 51.808000 
52.479300, -115.206900, 0.394000 
53.431000, -117.540600, 0.027000 
53.010600, -112.810000, 0.101000 
52.255700, -113.886000, 0.249000 
53.645100, -114.130200, 0.126000 
53.555610, -113.633750, 0.038000 
52.028360, -113.954260, 1.735000 
53.584100, -113.614400, 2.574000 
51.407800, -113.668300, 1.094700 
50.963300, -112.288300, 1.363100 
50.676800, -110.018000, 0.821700 
53.066500, -117.404800, 11.210000 
56.981400, -111.475800, 2.675000 
53.543100, -117.797900, 0.359000 
52.588100, -111.206100, 0.013000 
53.943200, -113.596900, 118.000000 
54.293100, -116.188300, 3.939000 
53.826700, -113.603300, 1.851000 
53.039700, -111.220000, 1.497000 
55.866700, -119.596700, 0.635000 
53.559040, -113.693580, 1.356400 
51.168600, -114.210900, 1.186300 
50.991500, -114.030100, 0.734600 
53.659500, -113.478300, 4.846000 
51.065300, -115.221100, 0.598000 
55.736900, -117.185800, 16.970000 
55.757600, -118.696700, 2.062000 
53.550100, -113.775600, 13.796000 
53.501040, -113.489732, 6.825300 
52.375200, -114.921600, 7.332300 
50.026580, -110.665700, 8.158300 
51.020210, -114.019246, 11.895100 
49.878996, -112.774388, 0.492000 
49.790600, -112.131400, 0.602000 
53.573220, -113.316410, 1.073000 
51.061300, -113.990200, 0.380000 
55.969400, -117.575600, 0.399000 
52.412900, -114.407600, 1.228000 
53.546200, -113.676000, 0.413000 
49.976800, -112.042900, 1.099000 
52.046500, -114.588800, 1.420000 
51.813700, -114.536800, 0.930000 
50.194700, -110.479700, 0.319000 
49.784800, -112.151000, 0.794000 
52.843200, -111.722800, 0.349000 
53.635900, -112.019200, 0.378000 
51.791700, -111.536400, 0.322000 
56.036800, -113.782500, 0.335000 
52.402900, -111.736200, 0.628000 
55.644000, -114.659700, 0.878000 
54.897200, -117.708800, 1.441000 
54.101800, -114.292500, 0.485000 
50.471500, -111.606500, 0.884000 
53.155900, -112.326700, 0.345000 
55.924000, -111.896500, 0.349000 
52.923200, -115.107500, 1.136000 
52.322800, -114.020800, 0.595000 
58.568700, -119.201500, 0.702000 
55.985900, -119.955800, 1.800000 
54.138100, -111.908300, 0.478000 
53.862200, -111.637100, 0.315000 
49.809200, -110.320500, 0.587000 
55.396400, -119.599700, 0.600000 
53.796100, -111.941900, 0.517000 
54.203300, -116.848300, 1.083000 
53.766900, -112.203100, 0.301000 
55.328700, -119.388000, 0.431000 
55.720300, -119.094700, 0.300000 
54.494400, -115.957600, 0.788000 
54.538100, -115.932300, 1.547000 
55.116400, -116.712300, 0.684000 
58.943200, -118.916800, 5.885000 
59.230700, -119.275900, 0.834000 
59.067000, -118.875900, 4.249000 
59.194300, -118.604700, 0.407000 
59.005100, -119.033200, 0.350000 
52.588400, -113.161800, 0.320000 
52.180900, -112.647600, 0.386000 
51.893700, -114.400400, 0.393000 
52.319300, -111.477600, 0.406000 
51.977300, -111.173400, 0.317000 
52.333700, -111.357300, 3.945000 
51.962900, -111.016100, 0.460000 
51.911800, -111.188100, 2.079000 
52.515700, -113.173800, 0.996000 
52.104400, -110.695000, 1.068000 
52.421200, -110.388600, 0.638000 
50.737400, -112.084900, 0.510000 
50.838700, -111.520100, 0.360000 
52.166500, -113.256300, 0.517000 
52.286500, -114.123200, 0.499000 
54.785300, -117.658000, 5.699000 
52.457600, -114.419100, 0.757000 
55.494700, -119.289500, 0.455000 
49.852100, -111.665000, 2.373000 
51.682500, -111.293600, 0.714000 
51.488700, -113.153900, 0.951000 
53.719800, -113.596300, 0.678000 
50.675000, -110.049200, 2.085000 
53.416800, -113.917700, 0.982000 
53.137600, -113.794100, 0.398000 
53.821500, -113.490400, 5.319900 
56.964500, -117.007100, 0.587500 
52.479300, -110.936100, 1.604000 
53.861500, -114.756100, 1.189000 
56.982800, -118.305800, 0.916000 
51.773700, -114.222900, 0.574000 
51.991800, -110.928600, 1.225000 
56.069400, -119.877200, 0.662000 
51.911800, -114.512900, 0.304000 
51.919000, -114.394600, 0.782000 
52.093600, -115.143800, 0.298000 
53.035800, -115.965300, 0.309000 
54.207000, -117.169300, 0.306000 
54.385300, -116.975100, 0.469000 
57.193700, -118.199700, 0.681000 
55.520400, -113.781100, 0.300000 
55.585600, -117.891600, 1.164000 
53.159500, -114.902800, 0.700000 
54.872800, -119.361100, 0.749000 
54.607200, -119.332000, 0.324000 
54.720000, -119.110600, 1.529000 
52.544800, -114.545200, 0.724000 
53.103200, -115.363400, 0.677000 
52.814000, -114.786000, 0.459000 
52.708400, -115.428900, 0.616000 
53.326800, -116.168000, 0.333000 
49.958300, -113.556600, 0.371000 
51.065100, -114.130500, 0.767300 
51.180450, -113.937280, 7.681000 
53.013900, -116.258600, 0.475000 
52.703800, -114.572500, 1.501000 
51.027000, -114.018600, 0.780000 
52.272200, -111.031700, 0.675000 
54.459900, -119.717000, 0.312000 
54.894400, -111.813900, 0.451000 
55.069400, -113.313900, 0.565000 
53.499300, -116.805300, 1.178000 
50.718600, -111.322200, 0.717000 
51.620800, -112.069400, 0.306000 
55.432800, -114.807200, 0.551000 
57.004500, -113.188600, 0.713000 
52.915800, -113.022500, 1.158000 
51.635300, -112.531400, 1.126000 
51.449700, -111.571700, 0.929000 
54.447400, -117.523700, 0.510000 
55.334700, -119.405300, 0.654000 
56.135000, -113.028300, 0.694000 
56.134800, -113.201300, 1.617000 
53.997000, -111.569200, 0.628000 
54.130600, -115.231400, 0.407000 
54.685600, -117.414400, 1.563000 
54.612500, -118.214300, 2.491000 
53.215900, -116.497000, 0.583000 
55.631500, -112.189600, 0.543000 
54.702500, -112.900400, 0.404000 
53.770600, -117.601400, 0.876000 
54.760400, -113.959500, 0.419000 
53.583000, -116.842000, 0.773000 
54.803600, -110.347500, 0.499000 
54.687300, -117.588700, 0.550000 
54.528700, -117.464200, 1.690000 
56.199000, -110.675100, 1.102000 
50.002600, -111.695600, 2.094000 
56.302200, -112.309400, 0.314000 
50.047200, -113.556900, 0.303000 
55.823000, -110.792300, 0.319000 
51.733100, -111.640300, 0.333000 
50.511400, -111.289400, 0.514000 
56.622700, -119.946500, 1.647000 
50.191900, -111.301800, 0.458000 
53.024700, -115.531100, 0.717000 
53.574200, -116.646900, 2.074000 
54.974300, -117.285800, 1.059000 
54.348900, -116.578900, 1.961000 
54.206700, -116.766700, 0.390000 
51.691800, -112.224000, 0.420000 
55.265600, -114.601400, 1.355000 
53.388600, -115.315800, 2.420000 
54.541800, -117.884100, 1.687000 
54.350500, -116.766800, 0.479000 
50.397600, -113.925500, 0.356000 
53.706600, -115.976300, 0.519000 
50.770500, -111.098100, 0.368000 
50.653300, -111.166100, 0.550000 
50.576700, -112.630300, 0.319000 
51.024500, -111.642800, 3.188000 
51.552500, -111.490600, 0.374000 
51.176900, -112.055300, 0.390000 
52.091000, -112.761500, 0.125000 
52.743400, -114.113400, 0.904000 
52.851400, -114.046900, 0.504000 
50.656900, -112.607200, 0.631000 
55.781200, -114.307200, 0.349000 
52.265500, -114.517800, 0.479000 
52.197100, -114.367700, 0.864000 
53.825000, -115.556700, 0.517000 
53.216900, -116.358700, 0.314000 
57.066100, -114.777500, 6.689000 
56.880600, -114.757200, 1.383000 
56.796900, -114.349300, 0.535000 
57.309200, -114.856300, 0.725000 
56.960600, -114.716900, 0.767000 
56.215000, -110.968100, 0.390000 
52.260500, -113.816600, 0.198000 
52.366300, -114.963000, 1.197000 
55.666900, -117.761600, 0.603000 
55.651800, -111.084400, 4.479000 
55.432800, -118.041700, 0.653000 
55.883900, -117.462000, 0.487000 
54.661700, -119.034700, 0.638000 
54.665300, -119.129700, 0.621000 
56.281800, -119.166800, 0.345000 
56.731500, -115.611500, 0.384000 
52.279300, -112.581700, 0.464000 
53.941338, -118.745430, 0.470000 
54.348900, -119.463300, 1.898000 
55.586800, -119.433800, 0.484000 
52.399300, -115.020500, 0.724000 
57.418900, -119.675000, 0.583000 
56.300000, -119.097900, 0.375000 
57.374300, -119.234900, 1.729000 
55.429200, -113.618100, 0.404000 
54.033400, -117.756900, 1.114000 
54.965100, -119.306800, 1.180000 
50.202700, -110.661300, 0.405000 
50.336700, -110.135000, 0.438000 
50.294200, -110.593500, 0.321000 
53.337800, -111.243900, 0.654000 
52.090700, -112.766700, 1.650000 
55.945800, -119.805300, 0.342000 
49.698011, -112.823139, 0.470000 
50.278300, -111.468400, 0.384700 
50.289400, -112.007500, 0.405400 
50.671500, -111.695300, 0.416900 
51.126200, -112.359500, 0.611200 
51.402400, -112.918100, 1.675000 
51.147800, -112.621100, 0.831100 
50.802300, -111.902000, 0.395400 
50.795100, -112.017800, 1.078100 
50.915100, -112.451700, 1.346100 
50.711500, -112.394000, 1.491800 
50.867900, -111.936700, 0.360600 
50.860700, -112.035100, 0.317500 
50.977000, -112.242800, 0.374600 
50.889400, -113.406800, 0.421000 
51.380700, -113.229600, 0.346000 
51.075100, -113.409300, 0.425000 
55.520300, -119.315300, 0.470000 
57.840900, -117.867800, 0.309000 
58.081200, -117.635600, 2.369000 
58.248400, -117.455300, 0.935000 
57.266800, -114.892000, 0.341000 
52.708400, -114.446600, 1.988000 
52.777600, -114.234300, 1.440000 
52.912000, -114.064600, 0.717000 
50.165800, -110.841900, 0.503000 
50.165800, -111.052800, 0.345900 
50.223900, -110.761900, 1.475800 
50.224000, -110.037500, 0.812500 
50.398600, -110.503300, 5.230700 
50.573100, -111.177500, 0.680000 
50.700700, -110.478000, 0.801400 
56.095100, -113.448600, 4.141500 
52.526800, -111.782500, 0.926000 
50.314700, -111.968400, 4.760400 
50.631500, -111.022200, 2.808300 
53.148600, -111.195000, 0.638000 
53.254000, -113.048200, 0.530000 
50.755100, -112.162300, 0.683000 
51.766200, -111.963700, 0.345000 
50.333200, -111.732800, 1.338000 
53.837900, -113.933100, 0.416000 
55.771100, -119.828100, 0.350000 
53.188700, -115.642200, 0.180000 
51.439000, -112.054500, 0.331000 
51.359000, -112.360100, 0.351000 
51.784500, -113.402700, 0.376000 
51.531300, -113.276300, 0.589000 
53.989000, -116.950100, 0.406900 
53.228700, -115.104400, 0.589000 
54.323400, -115.677500, 1.240000 
51.726200, -114.436000, 4.952000 
55.433300, -116.483200, 0.852000 
52.450400, -110.851900, 2.314000 
52.482800, -110.026900, 3.944000 
52.275700, -114.218800, 0.974900 
53.843400, -112.979700, 0.939000 
52.475700, -111.441400, 0.325300 
52.439300, -110.316400, 2.287900 
56.613100, -112.849000, 1.203000 
50.587900, -111.815100, 0.312600 
50.711900, -111.057400, 0.576000 
49.470800, -112.173400, 0.960800 
54.800000, -119.106100, 0.943800 
54.436100, -118.743800, 0.733800 
53.428700, -116.722200, 2.209400 
53.635900, -116.931800, 0.535400 
52.424800, -110.292500, 0.491700 
50.522300, -111.652300, 0.984000 
58.568700, -119.061500, 1.785000 
52.286500, -114.970800, 0.744000 
56.313200, -111.636200, 14.550000 
54.268900, -111.143600, 0.464000 
57.877200, -119.740900, 0.458000 
53.561500, -116.577900, 4.761100 
56.560600, -119.031700, 0.478000 
52.042900, -114.588800, 0.790000 
52.759300, -115.531900, 0.370000 
49.816400, -112.070100, 0.482000 
52.522900, -111.634000, 0.963000 
49.791100, -112.557000, 0.365000 
50.693200, -113.672900, 0.413000 
50.693100, -111.322200, 0.329000 
51.739900, -113.351900, 0.269000 
54.963600, -117.670700, 1.079400 
58.615900, -119.015700, 1.433000 
58.466800, -118.788700, 1.031000 
58.761500, -118.690400, 1.617000 
55.254700, -118.930800, 1.224000 
55.254700, -118.917800, 0.815000 
53.512300, -115.611900, 0.318000 
54.538100, -119.066400, 0.359000 
55.327500, -119.007800, 0.385000 
59.641800, -118.307800, 1.625100 
54.330800, -116.367000, 0.366000 
54.232500, -116.611500, 0.337000 
54.363300, -116.624000, 1.035000 
54.792900, -115.521700, 9.700000 
55.825900, -115.229000, 0.333000 
50.111100, -111.954000, 0.228000 
53.828700, -115.943300, 0.557000 
54.647300, -115.495800, 0.280000 
54.472500, -115.652800, 0.060000 
53.090400, -115.245000, 2.045000 
53.023200, -114.850900, 0.120000 
53.254000, -114.437900, 0.588000 
52.936200, -114.160900, 0.593000 
52.890400, -114.865000, 0.590000 
55.683900, -119.393300, 1.209000 
56.648300, -115.705700, 0.321000 
54.844900, -115.332400, 4.414000 
53.428700, -115.125800, 2.349000 
56.590200, -115.878400, 0.893000 
58.073200, -118.762000, 0.311000 
52.923200, -110.767700, 0.415000 
50.337100, -111.513600, 0.524000 
53.479400, -115.130800, 0.377000 
52.446500, -114.671600, 0.351000 
51.762600, -110.139700, 0.996000 
52.650400, -115.080800, 1.389000 
52.155700, -110.893800, 2.870000 
53.173900, -114.884600, 0.949000 
57.851600, -119.158100, 0.387000 
52.461400, -114.346900, 0.616500 
53.064700, -116.436900, 0.766000 
53.163100, -117.017800, 0.632500 
57.042500, -111.905000, 15.146300 
55.750400, -119.774500, 0.712000 
55.750400, -119.787600, 0.842000 
56.368500, -115.360700, 0.374000 
56.764300, -115.631800, 0.302000 
53.752300, -117.099300, 0.873000 
50.253200, -111.319200, 0.399000 
50.758700, -111.641500, 0.328000 
50.736800, -113.325700, 0.423000 
55.603900, -119.347800, 1.195000 
54.672800, -118.914700, 0.336000 
54.370800, -116.874800, 2.427000 
52.028200, -114.809600, 0.429000 
52.843100, -115.604700, 0.705000 
52.260900, -114.946900, 0.380000 
50.173400, -112.395600, 0.937000 
50.085600, -111.589000, 0.301000 
50.013100, -112.393100, 0.716000 
51.719000, -112.390100, 0.322000 
50.046300, -112.477200, 0.455000 
52.679300, -110.203900, 0.326600 
52.774000, -112.914300, 0.569000 
49.896400, -111.765600, 2.123000 
54.290800, -118.493200, 1.104000 
54.352500, -118.587100, 0.646000 
58.368300, -118.990000, 0.646000 
58.059200, -118.287500, 0.364000 
50.889400, -114.761800, 2.514000 
52.088200, -115.689400, 0.403000 
51.135900, -114.144900, 0.844000 
51.599900, -115.356900, 0.511000 
53.174000, -114.554100, 0.725000 
52.042800, -114.958800, 0.550000 
53.272300, -114.725300, 0.372000 
52.621200, -112.211500, 0.333000 
53.279500, -111.587000, 2.974000 
55.771100, -119.308900, 1.595000 
53.734200, -118.395600, 0.610000 
52.766700, -116.393000, 0.801200 
55.771100, -119.471100, 0.342000 
55.356400, -118.750600, 0.650000 
56.095100, -118.758700, 0.280000 
54.461800, -111.780100, 0.445000 
53.854300, -117.391200, 0.807000 
56.051400, -119.589200, 0.431000 
55.378300, -118.499700, 1.361000 
56.440600, -119.775700, 0.891000 
54.359700, -118.756300, 1.375700 
54.265300, -116.342000, 0.533000 
53.799800, -116.092200, 0.384000 
54.034500, -117.180900, 0.381000 
54.178700, -117.328400, 3.165000 
56.223300, -119.570800, 0.478000 
52.681000, -110.184000, 0.738000 
52.989300, -114.157900, 0.419000 
52.958200, -114.679900, 0.609000 
55.266800, -112.567900, 0.388000 
56.364200, -119.934300, 0.360000 
55.338100, -118.536700, 1.660000 
50.013100, -112.611500, 1.897000 
50.311700, -112.515100, 0.303000 
56.851800, -115.208100, 1.102000 
52.963700, -111.364700, 0.006300 
52.788400, -112.489800, 0.285000 
52.031800, -112.629500, 0.383000 
55.070800, -118.695000, 0.600000 
53.847000, -114.619400, 0.623000 
53.484800, -115.607600, 1.352000 
53.385100, -115.612800, 1.186000 
53.290400, -115.831900, 0.462000 
52.180900, -113.083200, 0.576000 
53.305100, -115.691100, 0.552000 
53.483200, -115.526400, 0.602000 
52.097300, -114.755700, 0.674000 
52.188200, -110.988300, 1.446000 
49.616400, -111.917300, 3.601000 
50.700700, -112.654200, 0.390000 
54.690800, -115.704500, 1.471000 
54.162360, -115.733900, 3.459000 
52.981500, -112.707700, 1.574000 
52.349900, -110.266600, 0.912000 
49.833300, -111.699800, 10.990000 
49.516600, -112.517500, 1.179000 
52.675700, -114.495200, 2.380000 
52.664800, -114.569300, 1.690000 
55.072800, -116.975700, 0.697000 
52.759300, -114.107100, 0.560000 
51.828200, -111.774200, 0.597700 
52.937600, -114.270700, 0.529000 
56.218700, -116.251300, 5.285600 
56.070600, -119.960500, 0.437000 
54.105400, -117.526500, 2.674000 
51.828200, -114.347400, 0.344000 
55.950000, -110.601900, 0.361000 
52.337300, -112.885200, 0.489000 
49.594700, -111.905900, 1.834000 
50.216700, -110.898900, 1.039000 
56.007600, -113.402800, 2.785000 
54.054200, -118.308700, 1.934000 
56.578600, -119.058300, 1.192000 
53.977900, -116.751200, 2.840000 
55.318300, -116.491800, 0.458000 
50.093100, -110.732800, 0.581000 
53.590480, -116.172680, 0.809000 
51.624500, -112.952600, 0.600000 
51.700900, -112.852000, 0.359000 
52.759300, -114.125200, 0.392000 
51.930100, -113.538800, 0.354000 
54.956400, -119.783300, 0.488000 
55.771200, -115.548700, 2.970000 
56.271846, -111.498890, 0.706000 
56.535000, -115.016900, 2.553000 
54.807300, -115.413300, 11.018000 
54.752900, -115.439200, 3.277000 
54.800000, -115.520600, 5.522000 
55.523900, -119.380300, 0.337000 
53.767000, -117.497000, 0.478500 
54.467300, -110.209200, 2.979000 
54.273400, -110.751000, 0.818000 
56.857000, -111.441500, 0.181000 
54.169000, -115.762200, 2.030000 
54.372300, -118.521700, 1.196000 
54.445300, -118.607600, 0.688000 
53.578344, -115.855642, 0.487000 
52.857600, -115.513900, 8.593000 
55.407500, -119.226700, 0.691000 
53.857900, -113.397400, 0.586600 
56.586100, -118.991700, 0.923000 
51.737300, -113.124300, 0.343000 
52.213700, -114.308200, 0.332000 
52.475700, -110.322500, 0.402000 
56.495700, -115.604300, 1.500000 
56.517000, -116.045500, 2.262000 
56.491400, -115.397500, 1.005000 
52.366500, -110.791600, 3.442000 
56.527900, -115.311500, 1.810000 
51.569700, -114.985200, 0.854200 
52.322900, -110.298300, 0.319800 
52.886800, -110.440200, 0.580000 
50.965800, -114.872700, 0.960900 
56.506100, -119.432000, 0.148000 
52.942400, -113.511100, 2.242000 
51.741700, -112.469200, 0.336000 
54.338100, -116.580100, 0.492000 
55.833100, -119.058900, 0.475000 
55.836700, -119.065300, 0.338000 
55.829400, -119.052200, 0.512000 
54.836500, -115.387800, 0.877000 
54.166900, -118.486900, 0.505000 
49.907500, -112.227600, 0.573000 
54.668900, -117.651600, 2.728000 
58.568700, -119.334300, 0.706000 
51.491800, -114.030200, 0.269000 
52.794000, -111.825900, 0.345000 
53.434200, -111.805800, 0.356000 
51.804500, -113.239900, 0.527000 
50.385800, -113.246500, 0.260000 
53.374300, -111.809800, 0.255000 
53.363200, -112.039500, 0.318000 
53.134000, -111.850100, 0.841000 
51.360700, -113.614600, 0.016500 
53.575400, -113.624100, 78.390000 
53.714800, -113.190000, 0.466000 
57.217500, -110.895000, 71.579600 
53.108700, -114.321800, 0.312000 
53.137600, -114.358500, 0.337000 
52.661200, -110.496900, 0.447000 
54.301700, -118.649900, 0.376000 
56.666700, -111.345100, 12.700000 
56.055100, -115.366500, 0.613000 
51.176500, -114.194900, 8.164000 
53.558800, -113.473700, 0.948000 
53.558600, -113.368000, 213.000000 
55.725100, -119.399500, 3.364000 
51.727500, -113.819000, 0.400000 
53.885300, -117.178700, 0.544000 
51.326800, -110.165300, 2.498000 
51.341500, -110.147900, 1.575000 
57.219100, -118.769300, 0.471000 
57.382700, -118.979400, 0.327000 
53.221000, -114.668000, 0.692000 
54.903200, -115.205800, 5.186000 
50.993800, -113.990000, 5.438000 
55.201500, -119.881400, 0.369000 
56.197600, -116.144500, 0.665000 
53.768900, -112.166400, 0.710000 
56.246400, -119.099000, 0.358000 
54.954100, -115.218400, 0.641000 
52.725100, -113.169500, 0.002800 
52.761600, -113.133400, 0.077000 
58.494400, -118.673600, 2.349000 
55.733200, -118.998900, 0.261300 
53.914400, -117.573700, 0.547600 
53.987100, -117.351500, 1.848900 
53.539800, -113.397000, 2.300000 
50.571300, -112.146100, 0.307400 
55.849600, -111.346000, 1.340600 
54.172300, -118.334400, 2.474000 
50.683000, -111.548000, 0.484000 
50.624800, -111.588500, 0.352000 
49.119100, -113.761500, 0.549000 
53.550000, -113.466700, 1.355800 
52.137500, -113.477800, 0.585000 
50.631900, -111.011300, 0.658000 
53.194200, -116.624900, 1.121900 
50.155700, -114.453300, 0.482000 
51.508900, -113.453800, 0.308000 
50.486700, -112.917000, 0.438000 
53.703000, -117.234900, 0.440000 
58.781600, -118.602700, 0.307000 
53.303300, -111.451000, 0.287000 
50.640600, -114.293200, 0.350000 
54.874700, -118.854800, 0.352400 
50.950500, -113.958000, 1.013000 
52.503000, -113.435200, 0.290000 
52.481500, -113.419000, 0.137500 
56.486500, -114.120400, 1.325600 
52.764900, -114.957500, 0.802000 
52.941200, -118.043000, 1.537000 
56.937100, -113.480800, 0.949000 
58.695200, -114.005000, 3.483000 
55.483600, -115.394000, 0.377000 
52.293900, -110.691400, 0.202000 
50.593000, -111.492000, 0.564000 
53.175900, -115.271100, 0.577000 
50.542800, -113.977200, 1.106300 
55.160200, -118.818400, 35.864500 
49.867000, -111.383000, 0.606000 
53.559400, -113.347200, 7.850000 
54.148900, -118.794300, 0.357900 
51.071400, -115.132000, 1.455300 
53.571500, -117.045300, 0.310200 
53.778400, -116.536100, 0.301700 
56.473900, -119.722200, 2.814000 
50.701400, -111.554300, 0.595000 
51.723600, -113.616200, 0.140000 
51.770800, -113.622100, 1.240000 
57.135500, -118.748800, 0.653000 
55.005000, -115.460100, 0.300000 
56.710700, -118.899600, 0.307000 
52.361000, -113.819400, 0.026000 
52.549200, -113.840800, 0.151000 
49.720000, -113.500300, 0.408000 
53.599500, -111.416200, 0.213000 
55.714100, -115.899700, 0.698000 
55.248700, -119.246800, 0.301000 
54.477900, -117.590300, 0.475000 
53.666400, -117.259600, 1.223000 
56.000000, -119.000000, 0.691000 
52.630400, -114.346500, 0.391000 
54.040000, -114.130000, 0.526000 
54.455100, -111.092200, 0.419000 
56.482100, -117.963100, 0.336000 
51.923800, -112.550100, 0.050000 
50.973600, -112.711700, 0.263000 
50.540900, -111.794500, 0.304000 
55.103300, -119.192300, 2.116000 
53.564400, -116.250100, 0.375000 
57.662400, -119.822600, 0.349000 
52.681500, -113.121100, 0.005400 
56.620800, -119.463600, 0.564000 
58.686900, -118.870200, 0.770000 
52.441300, -115.281800, 0.603000 
54.055700, -117.243900, 0.539500 
53.761100, -117.349200, 0.359700 
53.655600, -117.081700, 1.449100 
56.109900, -111.042100, 1.476000 
53.221600, -114.973300, 6.962000 
55.278800, -114.766600, 10.001000 
55.118600, -118.361300, 29.589000 
54.423900, -110.304200, 41.525000 
53.341300, -115.395600, 1.382000 
54.171000, -118.334400, 5.651000 
50.485300, -111.171600, 1.991600 
55.373190, -114.747800, 0.316000 
53.596200, -113.332100, 2.814000 
54.342700, -110.328700, 9.557300 
52.110100, -110.968400, 1.094000 
53.500000, -113.440000, 1.133000 
53.477900, -111.936300, 0.305000 
56.524400, -113.464600, 0.454000 
54.285000, -115.698200, 6.770000 
51.465100, -113.512200, 0.003000 
51.694400, -113.214400, 0.193000 
53.768300, -116.915400, 1.005000 
53.761100, -117.367500, 0.515000 
55.250000, -116.290000, 0.954000 
52.866700, -112.200000, 1.649000 
51.435000, -111.755000, 1.000000 
53.329400, -114.290300, 1.677000 
52.976200, -115.262000, 0.378000 
53.034200, -115.290800, 1.467000 
55.110500, -119.199000, 0.382000 
52.384800, -113.713200, 0.404000 
49.591390, -114.028330, 0.522600 
50.266657, -112.836800, 1.055100 
54.175700, -119.534400, 0.926000 
53.870300, -117.088800, 0.463000 
52.863400, -110.466700, 0.579000 
55.842400, -119.691800, 0.371000 
54.623400, -118.192200, 1.811000 
54.525100, -116.796200, 4.833000 
54.125100, -116.816700, 1.619000 
52.641400, -115.125800, 1.904000 
59.916100, -117.034200, 0.453000 
51.157600, -114.191600, 1.961000 
53.678600, -113.804600, 2.506000 
53.007200, -117.327200, 0.466000 
55.667600, -113.785200, 2.295300 
52.494100, -113.852000, 2.317900 
55.998000, -118.532200, 1.971000 
56.279700, -119.168000, 0.314000 
54.863300, -119.001700, 1.380000 
54.352100, -119.460100, 0.573000 
52.278900, -114.537300, 0.364000 
54.029600, -110.788100, 0.348000 
59.253700, -119.084100, 0.747000 
51.887800, -114.647300, 0.308000 
51.905900, -114.594200, 0.336000 
54.416700, -118.735900, 0.338000 
56.193600, -110.950600, 8.757000 
53.348000, -115.995300, 0.438000 
54.404000, -118.882700, 0.345000 
55.110500, -119.185900, 0.376000 
55.052400, -119.453000, 0.323000 
52.552400, -112.880800, 0.002900 
52.342200, -112.764800, 0.203700 
52.674300, -113.985300, 0.413000 
51.912900, -113.627900, 0.342000 
55.527900, -110.873800, 10.191100 
54.226800, -118.628100, 2.544000 
55.787200, -119.623500, 0.459000 
52.053800, -113.251900, 0.987000 
52.006600, -110.870900, 0.397000 
53.666600, -115.632200, 0.541000 
55.666400, -110.714000, 4.260300 
56.411700, -110.937600, 180.185000 
53.019700, -112.193800, 0.505000 
55.233400, -115.069700, 0.640000 
51.786500, -113.399100, 0.300000 
52.112000, -112.984200, 0.019000 
51.857400, -114.986700, 0.103000 
53.193900, -115.291900, 1.206000 
53.054200, -114.935400, 1.695000 
52.697300, -111.200700, 0.435000 
52.047700, -113.673500, 0.509000 
53.103100, -115.010200, 0.621000 
50.413600, -112.006400, 0.625000 
56.546500, -115.248000, 0.428000 
56.925000, -115.902600, 0.737000 
56.099300, -116.320800, 0.947000 
54.590500, -115.856500, 0.823000 
52.594100, -114.879300, 0.888000 
51.898100, -113.567200, 0.793200 
54.198900, -119.052900, 0.511600 
56.173100, -116.199000, 2.110000 
56.303500, -116.556300, 2.207000 
54.323000, -110.250000, 2.316000 
54.656560, -119.915230, 1.728800 
50.155000, -110.665200, 0.683000 
52.047700, -112.638200, 0.030000 
54.324500, -119.815800, 0.326000 
52.436100, -112.234300, 0.454600 
53.579500, -116.138000, 0.580000 
53.975700, -117.287500, 1.420000 
55.997100, -113.473700, 2.164000 
56.284800, -116.111700, 0.654000 
53.791200, -114.612900, 0.333000 
55.489500, -118.325200, 0.859000 
50.243000, -113.608600, 0.373000 
53.350200, -110.845800, 0.791000 
55.031700, -115.592400, 0.450000 
54.710600, -117.615400, 1.347000 
53.175800, -114.848300, 0.307000 
53.190400, -115.223500, 1.088000 
53.957400, -116.720600, 0.128000 
53.499200, -116.805300, 0.443000 
53.892300, -117.336400, 0.879000 
54.612800, -118.214100, 0.301000 
56.113500, -111.829300, 4.943600 
52.758000, -114.107400, 1.957000 
52.950900, -115.104400, 0.657000 
53.450100, -116.033600, 0.436000 
52.530400, -112.910800, 0.047600 
52.399400, -112.868800, 0.385600 
52.490300, -112.964700, 0.298000 
52.754200, -113.127400, 0.050000 
50.442800, -111.519600, 3.253000 
52.211100, -113.268100, 0.926000 
53.608500, -115.435600, 0.560000 
56.143400, -119.360900, 3.469000 
52.568700, -114.796200, 0.341000 
53.554250, -114.962760, 5.970000 
51.999300, -112.603300, 0.030000 
54.226800, -118.628100, 0.342000 
54.302500, -118.644200, 0.883000 
53.436500, -115.989600, 1.066000 
51.743600, -113.251600, 0.945000 
54.830600, -119.662600, 0.345000 
55.784600, -117.073300, 0.706000 
55.562400, -117.052700, 0.328000 
55.751100, -117.145700, 2.808000 
50.517100, -111.365900, 1.468700 
50.515600, -111.370600, 0.798100 
50.520200, -111.372300, 1.348900 
50.861800, -114.767700, 0.316500 
50.470500, -111.368600, 0.519000 
55.022900, -118.573300, 0.388000 
53.713400, -110.746600, 0.405000 
52.968900, -115.872200, 0.020000 
53.044900, -115.985100, 1.240000 
53.314600, -114.750600, 5.747400 
52.459500, -113.729500, 2.509500 
53.241400, -113.838700, 0.761000 
53.330700, -113.719400, 1.773000 
54.316200, -116.571100, 0.623000 
51.741800, -113.350300, 0.244000 
55.752800, -118.684100, 2.503000 
55.641500, -117.328600, 1.011000 
52.397600, -114.352400, 0.402000 
49.702567, -112.786857, 1.303000 
53.392300, -115.310000, 1.325000 
56.288300, -116.864000, 3.707000 
52.360100, -114.714800, 0.729000 
56.302800, -116.244700, 2.138000 
53.968400, -115.342600, 0.327000 
53.584400, -113.547900, 1.417000 
53.767200, -112.809500, 1.365000 
54.541100, -118.179200, 4.209000 
54.439400, -118.250400, 0.676000 
53.029200, -112.805800, 0.279000 
53.957500, -117.076600, 0.604500 
53.855600, -116.983600, 0.763300 
53.647500, -113.622100, 0.771000 
53.943100, -118.746600, 0.310000 
52.646900, -110.169800, 0.774000 
52.758000, -115.310300, 2.842000 
52.972600, -115.358600, 0.739000 
54.346700, -114.898500, 0.789000 
54.248500, -114.730000, 1.802000 
55.252300, -119.234200, 7.599000 
51.074900, -114.138700, 1.080000 
53.819900, -112.764600, 1.557000 
57.286600, -111.599500, 6.546000 
53.761700, -113.679100, 1.500000 
57.335400, -111.755600, 123.312000 
55.554100, -119.755400, 1.490000 
53.907100, -112.731200, 0.836000 
54.997700, -115.371200, 0.630000 
55.081500, -115.642100, 0.670000 
58.768400, -111.098300, 0.685000 
56.663700, -115.218200, 0.450800 
52.563100, -115.077200, 0.388000 
54.310300, -118.502000, 0.474000 
51.654800, -114.186600, 0.421000 
50.519500, -111.283100, 1.216000 
55.329600, -115.011800, 0.786000 
53.587400, -113.364700, 1.100000 
56.115700, -119.262100, 0.070000 
53.589200, -117.458900, 0.112000 
54.229400, -117.589200, 0.477000 
55.340500, -119.218500, 1.966700 
52.662300, -110.181900, 0.479000 
50.282700, -111.559600, 0.462000 
53.659800, -116.650500, 2.061000 
53.190600, -115.528900, 0.429000 
55.742300, -118.087700, 0.673000 
55.026700, -114.378900, 0.583000 
51.399400, -114.004900, 1.470000 
54.426080, -115.285280, 5.543000 
51.642400, -113.334300, 0.777000 
54.006600, -119.105500, 204.758000 
53.248700, -115.388000, 0.665000 
53.573700, -113.348400, 3.170000 
51.165500, -114.222000, 2.924300 
52.911939, -115.588490, 1.258000 
51.214433, -114.231222, 0.998000 
50.981400, -113.962800, 0.404000 
51.815600, -112.455500, 0.506000 
54.503700, -115.487800, 0.520000 
50.803200, -111.005800, 0.176000 
50.398900, -112.000800, 1.190000 
50.482500, -111.674000, 0.378000 
52.883100, -110.751400, 0.428000 
49.736700, -111.451600, 1.498000 
55.910000, -115.140000, 0.461000 
50.851900, -113.505200, 1.443000 
49.974100, -110.576900, 0.816000 
53.806900, -113.687400, 0.360000 
54.052100, -117.442000, 0.976000 
52.757100, -113.932900, 0.683000 
52.711800, -114.447800, 0.363000 
51.219100, -114.640500, 0.513000 
54.745800, -119.467890, 0.354000 
55.808551, -119.664843, 0.790000 
49.988737, -112.125173, 0.486000 
50.013318, -112.151393, 0.864000 
52.862056, -110.474918, 0.463000 
53.239300, -115.800100, 0.342000 
53.243300, -115.778600, 0.304000 
51.210600, -114.254400, 1.164000 
53.114300, -114.636700, 0.326000 
55.351300, -117.420400, 0.513000 
51.855153, -114.748583, 0.630000 
55.117900, -119.894000, 0.322000 
55.041500, -119.631000, 12.617000 
52.732520, -115.225400, 0.405000 
53.131335, -116.188861, 0.362000 
53.176001, -114.784777, 0.371000 
54.771977, -111.822075, 0.465500 
53.946500, -116.927800, 0.500000 
53.932050, -116.915300, 1.200000 
53.088750, -114.680900, 0.577000 
52.012583, -112.983617, 0.350000 
52.455040, -113.624521, 0.398000 
55.666382, -110.714044, 18.756400 
53.026800, -114.766900, 0.220000 
53.226456, -114.033728, 0.419300 
52.436100, -113.378300, 0.150000 
56.147110, -116.294328, 4.905900 
52.323389, -110.603584, 0.378000 
52.162940, -110.621170, 1.385000 
52.630165, -110.292177, 0.389400 
50.882910, -114.777600, 0.536300 
55.815390, -111.444400, 5.340000 
54.141715, -118.504595, 0.485000 
50.509360, -111.334264, 0.637300 
51.919097, -110.927455, 0.398800 
52.726153, -114.417716, 0.543000 
56.757270, -119.886730, 0.446000 
56.516487, -115.935907, 2.533000 
51.132788, -112.904563, 0.329000 
50.508703, -111.354642, 0.495200 
51.468368, -113.679899, 0.570000 
55.459690, -114.769748, 0.512000 
56.113140, -111.715340, 6.809800 
52.972520, -116.355900, 0.371300 
54.412270, -118.753150, 0.801000 
50.153177, -113.378808, 0.390000 
54.271530, -115.716900, 4.408000 
52.555940, -112.011300, 0.468000 
52.258050, -113.880800, 0.090000 
51.363330, -113.606940, 0.496800 
49.609300, -112.180770, 0.624000 
54.019300, -117.819900, 0.826500 
54.738100, -118.991200, 0.322000 
54.062895, -117.082694, 0.208000 
54.555876, -115.724755, 0.338000 
56.139855, -116.685909, 4.200000 
56.288280, -116.851000, 2.462000 
56.139843, -116.666570, 0.669000 
54.794218, -115.320030, 2.716000 
53.696100, -114.630500, 0.777000 
52.682268, -114.861879, 0.850000 
52.630043, -114.953525, 0.380000 
52.333053, -111.048566, 1.702000 
55.288764, -114.588331, 0.518000 
51.026500, -113.941900, 2.362000 
54.943222, -117.620947, 0.677000 
54.888743, -115.485435, 1.280000 
53.132306, -115.119814, 3.530000 
52.553348, -114.523110, 3.076000 
52.552820, -114.523126, 3.102000 
56.486175, -119.967377, 0.560000 
52.488579, -114.778143, 0.357000 
53.713587, -116.143920, 0.343000 
57.338567, -118.658395, 1.717000 
55.520237, -119.350126, 1.652000 
55.914411, -115.145562, 0.343000 
52.793459, -114.230068, 0.588000 
54.612765, -118.214339, 0.561000 
54.351092, -117.718334, 1.233000 
52.909513, -114.093382, 0.320000 
55.282727, -119.096271, 0.875000 
55.300962, -119.141954, 0.905000 
55.534958, -118.803266, 2.862000 
54.184783, -118.080993, 0.545000 
53.110624, -116.015732, 1.070000 
53.157782, -115.936628, 0.379000 
52.621511, -111.915255, 1.601000 
54.723108, -119.104521, 0.774000 
55.524545, -110.998753, 7.403300 
55.351198, -110.631166, 1.466000 
54.804949, -115.470992, 2.427000 
55.691822, -111.279327, 0.602000 
49.758781, -110.955730, 2.292000 
49.758781, -110.955730, 1.666000 
52.495846, -111.489880, 0.571000 
49.761052, -110.948401, 0.347000 
56.526927, -116.214967, 2.651000 
52.501875, -111.697322, 1.448000 
54.868300, -119.074800, 0.405000 
53.117713, -114.224346, 0.908000 
57.875447, -118.414035, 0.554000 
50.063145, -112.278020, 0.519000 
58.374668, -119.039580, 4.289000 
54.709648, -118.600073, 3.146000 
54.632605, -115.501306, 2.301000 
56.219276, -116.837703, 0.344000 
54.604544, -115.813011, 1.247000 
54.794218, -115.269184, 1.923000 
56.219286, -116.817863, 0.539000 
54.749140, -116.244004, 0.545000 
56.233740, -116.817864, 0.504000 
56.063148, -116.289253, 0.805000 
56.121602, -116.673018, 5.447000 
53.074128, -114.711648, 0.490000 
56.143464, -116.679462, 9.612000 
54.715833, -116.254234, 0.870000 
56.302783, -116.277596, 1.251000 
54.852208, -115.253953, 0.461000 
53.197408, -115.591879, 2.427000 
53.208714, -115.662254, 1.784000 
53.427173, -115.826111, 0.477000 
53.268293, -115.664492, 2.109000 
52.928991, -115.628051, 6.884000 
53.339727, -115.704575, 2.790000 
53.284947, -115.627584, 0.732000 
52.932630, -115.642460, 2.561000 
53.194689, -115.508623, 3.342000 
53.193436, -115.755258, 0.451000 
53.210890, -115.606985, 3.753000 
53.296012, -115.631563, 4.947000 
53.136435, -115.454732, 0.397000 
53.237810, -115.729055, 0.429000 
53.237816, -115.704682, 0.322000 
53.325123, -115.655937, 4.098000 
53.165141, -115.485320, 0.301000 
53.179395, -115.454593, 2.224000 
53.083689, -115.489891, 0.837000 
51.981437, -114.629921, 0.871000 
53.128630, -115.491640, 1.426000 
53.144216, -115.456417, 5.028000 
53.248641, -115.899673, 0.624000 
53.263304, -115.704683, 0.637000 
53.175846, -115.456846, 3.273000 
53.190453, -115.467296, 2.507000 
53.304326, -115.772681, 3.402000 
51.240762, -114.296780, 2.398000 
53.215870, -115.763916, 0.792000 
53.362724, -115.771458, 2.119000 
53.205089, -115.516013, 3.081000 
53.306866, -115.272252, 0.646000 
51.298919, -114.331026, 2.639000 
52.957939, -115.648726, 0.870000 
53.219559, -115.662254, 0.870000 
53.321510, -115.686630, 1.678000 
53.263285, -115.759748, 0.551000 
53.355610, -115.715625, 4.462000 
54.925153, -119.198874, 1.294000 
53.125083, -115.485806, 0.482000 
53.332389, -114.833722, 1.116000 
55.249301, -118.910866, 0.654000 
55.761557, -119.372098, 0.686000 
51.495178, -113.799627, 0.408000 
57.163300, -110.583600, 0.709000 
50.850743, -113.548443, 0.776000 
52.732440, -116.512950, 0.725300 
52.062310, -111.604850, 4.800000 
51.012980, -114.051850, 0.493000 
53.090310, -111.774300, 0.516000 
53.557770, -113.474200, 0.690000 
51.863410, -111.572630, 3.590000 
51.319550, -110.195660, 0.663000 
52.446700, -110.433960, 0.386000 
56.391780, -112.897800, 1.464000 
53.786960, -112.848990, 0.464500 
53.786990, -112.811810, 0.656900 
53.797870, -112.904700, 0.481400 
55.575890, -118.811700, 0.450000 
53.206260, -114.983810, 0.885000 
53.024090, -114.857200, 2.173000 
52.413970, -111.183600, 2.823600 
55.715460, -118.720150, 2.192000 
51.087610, -113.664590, 1.539000 
53.776065, -116.797230, 0.828000 
52.330160, -113.517950, 1.516000 
57.219051, -114.525669, 0.482000 
52.406670, -110.529820, 0.385000 
56.568280, -118.449240, 3.159000 
55.277820, -118.465050, 0.572000 
56.608270, -119.381590, 0.374000 
55.622580, -112.654920, 0.563000 
54.168660, -118.059720, 0.968000 
54.350029, -117.942696, 0.340000 
52.302063, -112.286282, 0.480000 
54.415870, -114.174330, 0.828000 
56.243930, -117.317150, 1.632000 
55.459903, -114.769707, 0.962000 
55.432106, -114.765716, 0.626000 
54.099620, -116.096091, 0.320000 
53.494403, -114.817858, 1.440000 
52.293671, -114.294419, 13.810000 
53.689940, -116.641820, 0.780000 
51.976760, -114.564800, 1.170000 
51.866323, -114.662021, 0.360000 
51.731390, -114.729870, 0.890000 
53.331289, -113.528895, 0.430000 
53.846565, -112.917641, 0.599000 
53.819806, -112.916951, 0.334000 
53.848653, -112.912213, 0.341000 
54.077740, -116.179690, 1.781000 
54.386810, -118.771920, 2.402000 
54.361360, -118.753140, 0.395000 
51.497690, -112.709480, 0.773000 
54.077740, -116.173450, 0.563000 
53.306830, -116.935880, 0.075700 
53.401901, -115.569198, 1.967000 
55.386860, -119.208590, 1.406000 
55.372260, -119.195750, 0.955000 
55.401330, -119.221400, 0.584000 
55.419540, -119.227790, 1.948000 
56.306500, -116.844200, 0.648000 
52.623350, -114.840500, 0.507000 
52.620456, -114.912200, 0.534000 
56.706950, -114.380360, 1.036000 
55.732309, -119.651754, 0.836000 
55.676778, -119.404860, 0.304000 
55.726365, -119.712380, 1.865000 
55.721267, -119.703452, 1.455000 
55.691050, -119.698800, 0.850000 
55.739538, -119.632605, 0.487000 
55.703203, -119.399900, 0.346000 
56.946721, -115.930459, 1.589000 
56.932099, -115.950665, 2.646000 
56.928487, -115.950665, 1.471000 
56.957582, -115.991077, 0.318000 
56.117985, -116.659804, 2.328000 
56.313763, -116.844210, 0.345000 
56.171945, -116.659717, 0.861000 
56.085460, -116.353130, 0.407000 
56.244579, -116.817864, 0.333000 
54.656028, -115.800177, 1.009000 
54.619725, -115.850587, 1.053000 
54.744050, -116.250750, 0.407000 
52.990970, -115.554210, 2.269000 
52.957938, -115.491453, 0.381000 
53.001676, -115.582181, 0.412000 
53.019627, -115.631565, 0.333000 
53.622922, -115.392496, 1.342000 
53.470176, -117.032318, 0.391000 
53.486960, -117.040200, 0.304000 
53.477330, -117.044100, 0.420000 
53.496200, -117.096200, 0.457000 
53.146897, -114.680959, 0.679000 
53.092307, -114.638527, 0.413000 
53.092308, -114.644545, 0.359000 
53.146890, -114.705334, 0.641000 
53.146899, -114.662904, 0.382000 
56.395660, -118.889280, 0.422000 
56.389200, -118.877100, 0.584000 
53.771520, -114.593512, 0.392000 
52.152117, -110.966151, 0.729000 
55.775877, -117.069848, 1.039000 
51.695790, -114.384960, 0.393000 
52.570220, -114.809380, 0.351000 
51.688840, -114.397750, 0.351000 
52.702090, -115.216190, 0.934000 
52.332187, -114.718044, 1.390000 
51.572810, -112.425200, 0.362000 
53.942906, -116.711037, 0.701000 
55.905870, -113.469690, 0.897000 
54.626950, -117.464204, 0.300000 
56.354130, -119.996820, 0.968000 
52.105730, -111.077450, 0.450000 
58.782107, -117.618007, 1.281000 
50.690438, -111.554005, 0.646000 
55.342670, -111.030590, 0.351000 
50.500959, -111.233152, 0.514000 
49.856943, -112.253937, 0.414000 
53.688040, -117.882880, 1.479000 
54.011450, -110.608540, 0.550000 
50.630777, -112.233296, 0.406100 
51.119490, -112.757752, 0.395800 
56.880790, -112.242730, 1.302000 
56.279790, -116.927680, 1.039100 
56.270630, -116.936380, 0.328100 
56.288360, -116.732030, 0.434200 
56.330900, -116.891540, 0.843300 
56.254440, -116.817000, 0.710800 
56.331950, -116.877250, 0.653100 
54.119632, -114.853941, 0.681600 
56.859111, -113.577912, 18.546000 
55.717090, -116.976080, 0.527000 
53.382590, -117.466800, 1.059100 
54.263150, -118.578200, 0.304700 
53.393770, -117.069400, 1.972100 
54.828970, -118.808360, 0.433600 
52.330580, -113.288770, 0.430000 
54.823170, -115.117100, 11.900000 
59.623100, -117.167000, 0.327000 
56.856990, -111.440510, 1.257000 
52.514590, -113.358370, 0.097500 
52.188380, -112.852230, 0.030000 
52.795350, -112.584180, 0.032000 
52.022960, -112.604990, 0.047000 
52.724660, -113.122030, 0.050000 
55.671290, -119.514940, 0.237000 
50.977088, -113.936269, 1.240000 
56.279290, -116.605280, 0.242200 
54.716570, -119.151350, 0.765000 
52.841770, -114.439820, 0.311000 
53.123120, -116.032460, 0.344000 
49.985110, -111.671660, 0.342000 
49.947790, -111.628030, 0.710000 
55.458100, -114.769950, 0.956000 
55.441430, -114.748930, 0.940000 
52.486703, -112.089041, 0.358400 
54.524920, -117.469700, 0.582000 
57.433330, -111.530560, 0.818300 
53.197974, -114.845753, 1.385000 
54.411163, -116.858718, 1.845000 
55.310480, -119.208570, 1.358000 
53.524760, -117.272060, 0.700000 
54.926900, -118.776000, 0.700000 
53.310570, -115.589420, 0.533000 
54.448860, -116.909320, 0.393000 
54.152510, -117.004070, 1.410000 
49.843490, -113.452750, 0.580000 
49.859050, -113.626980, 0.710000 
54.196380, -117.074840, 0.490000 
54.185204, -116.903765, 0.910000 
54.169210, -116.948530, 0.490000 
54.156950, -116.868790, 0.400000 
49.743720, -113.217810, 1.570000 
49.742830, -113.269730, 0.820000 
49.729210, -113.220580, 0.350000 
53.370700, -115.786869, 2.400000 
49.786690, -113.141990, 0.800000 
53.699830, -116.230500, 1.070000 
53.704680, -116.238350, 0.960000 
53.670110, -116.535340, 1.748000 
50.022380, -112.328280, 0.629000 
53.971556, -113.295390, 0.432000 
53.819710, -112.904670, 0.482000 
53.805182, -112.908960, 1.154000 
49.743720, -113.217810, 0.770000 
53.279420, -111.586510, 0.419000 
50.537450, -112.029380, 0.459800 
54.402900, -117.594800, 0.353000 
55.800400, -119.672773, 0.765000 
55.824898, -119.753632, 0.485000 
55.832750, -119.743423, 1.105000 
55.788230, -119.673783, 0.846000 
55.837910, -119.745674, 0.767000 
55.795438, -119.668760, 0.924000 
55.820095, -119.693760, 0.356000 
54.375868, -118.890421, 1.074000 
54.368634, -118.903069, 1.041000 
55.416018, -119.772530, 0.438000 
50.268106, -111.565454, 0.873000 
50.282758, -111.571111, 1.911000 
50.526468, -111.261716, 1.616000 
54.576174, -118.783851, 0.912000 
50.552168, -111.406830, 1.231000 
49.131090, -112.720703, 2.362000 
50.035244, -113.168918, 0.427000 
49.121520, -112.749010, 1.541000 
54.964200, -115.461000, 2.299000 
54.386928, -115.354793, 2.263000 
49.967300, -112.735560, 0.478000 
49.190077, -112.177477, 0.493000 
52.606736, -111.915145, 0.567000 
54.837754, -115.542505, 0.497000 
54.881495, -115.587085, 0.611000 
54.488614, -115.359029, 0.775000 
53.269119, -115.638800, 0.863000 
51.829570, -114.530160, 0.771000 
52.888878, -115.576209, 0.768000 
53.214380, -115.656039, 4.399000 
52.928780, -115.627540, 0.718000 
52.907137, -115.576210, 1.125000 
51.341940, -114.437961, 0.332000 
54.972392, -115.326645, 0.708000 
52.029865, -114.772248, 4.731000 
52.933980, -115.542610, 0.809000 
51.228912, -114.428977, 1.410000 
54.499585, -116.651481, 1.279000 
51.357420, -114.410440, 0.990000 
51.328555, -114.389353, 0.321000 
53.204406, -115.637737, 3.168000 
52.928832, -115.569945, 2.055000 
53.212124, -115.655780, 0.763000 
53.166250, -115.532527, 0.371000 
53.254007, -115.604625, 0.591000 
52.932163, -115.559306, 0.492000 
53.208539, -115.613830, 2.971000 
53.226578, -115.528686, 1.529000 
53.269461, -115.638807, 1.936000 
53.260053, -115.601320, 8.069000 
54.440274, -116.994996, 1.544000 
54.448884, -118.594666, 6.415000 
54.459113, -118.570461, 1.212000 
55.527319, -119.563866, 0.601000 
58.100334, -117.818842, 1.523000 
49.999561, -112.581067, 0.358000 
51.962779, -112.567417, 0.047000 
52.512003, -115.042176, 0.412000 
54.170775, -116.941738, 0.546000 
52.960789, -115.260530, 0.488000 
54.141021, -117.419472, 0.686000 
52.974165, -115.756352, 0.756000 
56.081693, -116.327199, 0.458000 
52.818481, -115.497894, 0.476000 
49.655085, -113.062856, 0.317000 
55.807850, -119.686950, 0.633000 
54.929830, -118.952322, 0.483000 
52.003371, -114.434388, 0.507000 
49.777606, -110.965294, 1.484000 
53.732504, -112.958883, 0.486000 
52.333399, -114.948310, 0.890000 
52.306773, -115.029795, 0.492000 
53.071288, -116.409159, 0.856000 
54.608142, -119.309464, 1.297000 
52.275694, -115.053999, 0.349000 
52.431760, -115.085864, 0.678000 
54.556635, -119.346414, 0.697000 
55.989452, -117.621421, 0.347000 
59.268293, -119.065404, 0.341000 
59.050470, -119.085550, 0.429000 
52.302233, -115.032585, 0.419000 
53.772216, -112.763972, 0.750000 
52.552353, -110.511903, 0.357700 
50.225307, -112.209409, 0.358200 
52.986990, -110.648050, 0.575000 
54.786666, -117.649590, 5.047000 
53.039850, -115.137370, 1.558000 
57.135486, -118.728606, 2.707000 
54.866853, -115.497954, 0.806000 
