56.377200, -117.175600, 0.003521 
53.344000, -114.305000, 0.019278 
54.596400, -110.395000, 0.029644 
54.144400, -115.691700, 0.000002 
54.007100, -119.104000, 0.003000 
53.529100, -113.387500, 0.007213 
53.841600, -113.097900, 0.003000 
57.003300, -111.466100, 0.074648 
57.040500, -111.619200, 0.011345 
53.508500, -114.557100, 0.017856 
53.448700, -114.449100, 0.589864 
53.593060, -116.390300, 0.001000 
55.071200, -118.691200, 0.004624 
53.795900, -113.099600, 0.011000 
53.413300, -117.570600, 0.006682 
53.541700, -113.391700, 0.015500 
53.550500, -113.358900, 0.012987 
55.248100, -114.514000, 0.000001 
51.789600, -114.702800, 0.001265 
53.581600, -113.599100, 0.002922 
51.058900, -115.174500, 0.000340 
58.518800, -117.119500, 0.023304 
53.740700, -113.023100, 0.000025 
56.411700, -110.937600, 0.013000 
57.335400, -111.755600, 0.000019 
53.638797, -113.569796, 0.000000 
