54.923116, -112.861867, 32.440000 
56.377200, -117.175600, 58.612800 
56.377200, -117.175600, 58.612800 
53.288500, -110.018300, 0.200000 
53.288500, -110.018300, 0.200000 
52.146300, -115.330000, 146.568100 
52.146300, -115.330000, 146.568100 
50.747700, -114.494700, 22.206000 
50.747700, -114.494700, 22.206000 
53.952700, -113.078000, 4.599000 
53.952700, -113.078000, 4.599000 
54.572300, -115.522900, 0.830000 
54.572300, -115.522900, 0.830000 
54.596400, -110.395000, 13.384200 
54.596400, -110.395000, 13.384200 
55.335900, -119.223000, 4.244000 
55.335900, -119.223000, 4.244000 
50.647500, -113.772000, 2.495000 
50.647500, -113.772000, 2.495000 
54.194400, -116.632200, 88.634000 
54.194400, -116.632200, 88.634000 
53.245000, -115.674300, 0.296000 
53.245000, -115.674300, 0.296000 
53.746900, -113.164500, 4.475000 
53.746900, -113.164500, 4.475000 
51.742300, -114.134500, 10.048000 
51.742300, -114.134500, 10.048000 
52.959300, -115.893800, 3.109000 
52.959300, -115.893800, 3.109000 
52.776100, -115.660700, 1.263000 
52.776100, -115.660700, 1.263000 
52.758100, -114.111600, 1.980000 
52.758100, -114.111600, 1.980000 
52.226300, -115.177000, 20.151000 
52.226300, -115.177000, 20.151000 
58.500000, -119.416700, 2.951000 
58.500000, -119.416700, 2.951000 
52.940400, -114.832300, 8.941000 
52.940400, -114.832300, 8.941000 
55.725100, -119.399900, 23.486600 
55.725100, -119.399900, 23.486600 
49.305200, -114.000300, 265.319000 
49.305200, -114.000300, 265.319000 
51.039600, -114.559000, 47.247800 
51.039600, -114.559000, 47.247800 
51.965500, -114.753600, 278.279500 
51.965500, -114.753600, 278.279500 
53.652000, -116.099200, 14.628900 
53.652000, -116.099200, 14.628900 
54.423300, -117.760400, 2.983000 
54.423300, -117.760400, 2.983000 
57.003300, -111.466100, 289.475400 
57.003300, -111.466100, 289.475400 
57.040500, -111.619200, 118.471000 
57.040500, -111.619200, 118.471000 
51.570800, -114.851700, 57.076300 
51.570800, -114.851700, 57.076300 
55.071200, -118.691200, 42.840000 
55.071200, -118.691200, 42.840000 
53.413300, -117.570600, 196.310000 
53.413300, -117.570600, 196.310000 
53.541700, -113.391700, 9.234000 
53.541700, -113.391700, 9.234000 
53.181200, -115.762500, 26.823000 
53.181200, -115.762500, 26.823000 
51.219500, -114.645400, 24.371200 
51.219500, -114.645400, 24.371200 
54.833300, -118.646700, 6.790800 
54.833300, -118.646700, 6.790800 
52.553700, -111.694000, 1.807600 
52.553700, -111.694000, 1.807600 
53.204500, -116.811200, 199.688100 
53.204500, -116.811200, 199.688100 
53.550500, -113.358900, 4.907100 
53.550500, -113.358900, 4.907100 
51.526000, -113.880000, 58.277800 
51.526000, -113.880000, 58.277800 
51.696900, -114.475000, 4.856000 
51.696900, -114.475000, 4.856000 
54.185400, -116.210400, 2.369000 
54.185400, -116.210400, 2.369000 
51.400100, -114.034300, 11.579600 
51.400100, -114.034300, 11.579600 
54.427200, -116.884300, 83.135000 
54.427200, -116.884300, 83.135000 
53.132300, -115.981700, 7.834000 
53.132300, -115.981700, 7.834000 
55.481900, -119.059200, 8.513000 
55.481900, -119.059200, 8.513000 
53.721800, -113.192700, 0.001000 
53.721800, -113.192700, 0.001000 
53.250200, -115.555500, 0.508800 
53.250200, -115.555500, 0.508800 
55.489100, -119.750800, 10.054000 
55.489100, -119.750800, 10.054000 
53.557500, -116.547200, 61.857000 
53.557500, -116.547200, 61.857000 
59.063100, -118.875700, 0.235900 
59.063100, -118.875700, 0.235900 
52.327100, -112.718300, 3.917000 
52.327100, -112.718300, 3.917000 
55.833000, -119.470000, 2.816000 
55.833000, -119.470000, 2.816000 
57.298900, -111.503300, 10.911000 
57.298900, -111.503300, 10.911000 
50.471500, -111.606500, 0.439000 
50.471500, -111.606500, 0.439000 
58.568700, -119.201500, 1.444000 
58.568700, -119.201500, 1.444000 
50.129400, -111.908400, 1.305100 
50.129400, -111.908400, 1.305100 
53.388600, -115.315800, 2.755000 
53.388600, -115.315800, 2.755000 
59.641800, -118.307800, 3.938300 
59.641800, -118.307800, 3.938300 
52.639900, -111.273500, 4.222000 
52.639900, -111.273500, 4.222000 
51.898100, -113.567200, 19.853500 
51.898100, -113.567200, 19.853500 
57.335400, -111.755600, 17.080000 
57.335400, -111.755600, 17.080000 
