56.377200, -117.175600, 0.000000 
53.344000, -114.305000, 0.053256 
53.529100, -113.387500, 0.022909 
57.003300, -111.466100, 0.176166 
57.040500, -111.619200, 0.000058 
53.795900, -113.099600, 0.000000 
53.413300, -117.570600, 0.021914 
53.541700, -113.391700, 0.028600 
53.550500, -113.358900, 0.013574 
51.789600, -114.702800, 0.001116 
52.940500, -112.721400, 0.000011 
54.133300, -115.366600, 0.001234 
53.402700, -117.599300, 0.001022 
53.501040, -113.489732, 0.000004 
52.375200, -114.921600, 0.000646 
51.743600, -113.251600, 0.000008 
55.752800, -118.684100, 0.000021 
53.584400, -113.547900, 0.000014 
50.850743, -113.548443, 0.000007 
