53.582300, -113.588600, 16.650000 
55.996700, -118.533600, 67.170600 
53.539700, -113.409200, 883.200000 
52.829200, -110.859200, 6.307000 
56.377200, -117.175600, 140.146200 
53.833100, -113.108900, 0.900000 
53.733200, -113.175000, 117.994200 
53.288500, -110.018300, 47.970000 
52.146300, -115.330000, 17.504200 
50.747700, -114.494700, 95.467100 
54.952700, -119.195300, 80.558900 
54.572300, -115.522900, 106.265000 
54.596400, -110.395000, 216.705800 
55.335900, -119.223000, 70.776000 
50.987300, -113.971000, 139.552000 
54.194400, -116.632200, 186.660000 
53.245000, -115.674300, 95.352000 
53.746900, -113.164500, 450.799000 
51.419100, -114.027000, 309.008000 
51.531700, -111.786100, 15.734000 
54.007100, -119.104000, 8.170000 
51.742300, -114.134500, 90.649000 
52.496000, -114.988000, 17.380400 
50.675600, -110.025000, 54.301000 
53.529100, -113.387500, 8.623000 
53.571700, -113.349800, 22.729400 
52.959300, -115.893800, 207.236000 
52.776100, -115.660700, 126.424000 
52.758100, -114.111600, 483.377000 
52.226300, -115.177000, 213.398000 
58.500000, -119.416700, 10.212600 
49.720100, -112.781900, 24.892000 
52.940400, -114.832300, 76.750000 
55.725100, -119.399900, 59.281600 
52.308300, -113.550000, 253.858000 
50.080710, -110.727860, 95.106000 
49.713599, -112.796397, 888.530000 
49.305200, -114.000300, 84.168000 
51.039600, -114.559000, 37.062000 
51.965500, -114.753600, 20.783000 
56.380600, -116.795000, 129.776000 
53.841600, -113.097900, 180.870000 
53.652000, -116.099200, 81.301900 
54.423300, -117.760400, 68.887000 
57.003300, -111.466100, 16086.528500 
57.040500, -111.619200, 7769.980000 
53.508500, -114.557100, 176.403000 
53.448700, -114.449100, 148.376000 
53.506100, -113.397900, 53.530000 
52.385800, -113.595000, 57.167400 
51.181625, -114.472100, 27.490000 
51.022770, -114.027660, 1215.313000 
52.033030, -113.938910, 28.261000 
53.227700, -114.988900, 81.700000 
53.593060, -116.390300, 156.600000 
51.570800, -114.851700, 82.241000 
53.500100, -113.392700, 1.600000 
55.071200, -118.691200, 291.949000 
53.795900, -113.099600, 336.401700 
53.804200, -113.082400, 111.488000 
53.413300, -117.570600, 216.497000 
50.983000, -113.988400, 39.498000 
50.845800, -113.586700, 122.170000 
53.727300, -113.087100, 126.819000 
53.541700, -113.391700, 636.600000 
53.181200, -115.762500, 76.329500 
51.219500, -114.645400, 46.819000 
50.805300, -110.034900, 313.335000 
54.833300, -118.646700, 25.604300 
54.524700, -116.794300, 168.082100 
52.553700, -111.694000, 21.541800 
53.204500, -116.811200, 152.610000 
50.086600, -110.716700, 455.022000 
53.550500, -113.358900, 717.740800 
51.526000, -113.880000, 77.741700 
51.696900, -114.475000, 193.704000 
55.248100, -114.514000, 26.146000 
53.531993, -113.364925, 30.970000 
53.544350, -113.374010, 198.457000 
54.772900, -110.579000, 228.770900 
54.185400, -116.210400, 59.639000 
51.400100, -114.034300, 52.428800 
53.757500, -113.149900, 110.545000 
54.427200, -116.884300, 233.408000 
53.132300, -115.981700, 174.203000 
53.456206, -113.487312, 43.398000 
53.728270, -113.235520, 30.555000 
54.510900, -115.511700, 66.018000 
53.283800, -110.031900, 525.732600 
51.789600, -114.702800, 122.585200 
49.701943, -112.803037, 253.000600 
54.238200, -115.379700, 673.000000 
51.034710, -114.025600, 19.600000 
53.725400, -113.193000, 23.256000 
55.029800, -118.744000, 494.165400 
51.005290, -114.058570, 124.700000 
55.162300, -118.816600, 91.513000 
57.546300, -119.112600, 115.379000 
50.597600, -111.881800, 21.490000 
50.583700, -113.871100, 100.858500 
53.250200, -115.555500, 70.344700 
55.489100, -119.750800, 112.357000 
53.581600, -113.599100, 5.280000 
53.571290, -113.355400, 24.513000 
55.876700, -119.301100, 70.764000 
51.222500, -114.495600, 54.289200 
53.506740, -113.396252, 83.920000 
53.557500, -116.547200, 135.768000 
59.063100, -118.875700, 25.253400 
53.817200, -113.133600, 111.125000 
51.058900, -115.174500, 9.734000 
51.000700, -113.965670, 24.177200 
51.012800, -114.022000, 107.772000 
50.912700, -114.011800, 9.709000 
52.327100, -112.718300, 165.481000 
56.904200, -117.633600, 41.158000 
51.010160, -113.964210, 4.429300 
50.058200, -110.728200, 20.310700 
54.133300, -115.366600, 140.628400 
55.074200, -117.274200, 48.835000 
55.268600, -114.584700, 71.150000 
54.394900, -116.809000, 59.509000 
58.194700, -116.350400, 6.838000 
53.532000, -113.394000, 17.696500 
53.563200, -113.634800, 9.295000 
49.729139, -112.781105, 11.704000 
53.799100, -113.080700, 12.012000 
58.518800, -117.119500, 3610.035000 
54.139800, -115.689100, 118.503000 
54.587200, -112.803100, 20.272000 
53.616600, -115.711100, 24.069600 
53.745000, -110.810800, 29.086000 
53.902300, -115.189300, 85.508000 
53.740700, -113.023100, 329.309000 
50.981270, -113.971610, 57.309000 
52.212400, -113.843700, 91.997100 
52.228400, -114.397700, 152.741000 
53.550690, -113.349600, 878.565800 
53.593600, -113.335600, 17.830000 
52.674300, -111.311600, 12.208000 
57.298900, -111.503300, 4692.989000 
50.664700, -113.784200, 8.490000 
49.303500, -113.794000, 22.039000 
52.308300, -113.550000, 0.023000 
51.910600, -114.668100, 108.520000 
53.286400, -110.017800, 24.287000 
52.656700, -111.311900, 36.905000 
53.402700, -117.599300, 126.928800 
50.577200, -111.178100, 41.736000 
50.671900, -110.028900, 26.355000 
55.582700, -110.888800, 57.542000 
53.091100, -111.768600, 17.860000 
55.069600, -110.536100, 189.520000 
53.373100, -116.086000, 16.210000 
57.351700, -111.522200, 2259.349800 
53.628800, -113.307700, 29.860000 
50.959200, -113.981200, 251.206700 
53.527200, -113.354800, 602.248000 
51.001000, -114.061200, 112.372000 
51.024500, -114.025000, 0.750000 
52.315900, -113.850000, 50.930000 
53.481700, -113.489000, 14.700000 
51.130700, -114.009000, 0.650000 
51.016000, -114.061400, 10.000000 
53.431000, -117.540600, 0.333000 
53.010600, -112.810000, 1.159000 
52.255700, -113.886000, 2.388000 
53.645100, -114.130200, 1.421000 
53.544400, -113.366200, 97.687400 
51.024190, -114.035300, 164.600000 
53.573900, -113.597100, 89.173000 
56.981400, -111.475800, 540.716000 
53.543100, -117.797900, 105.151000 
52.588100, -111.206100, 214.280000 
51.004250, -114.050900, 26.626000 
53.576230, -113.595660, 79.234000 
53.501040, -113.489732, 11.455100 
52.375200, -114.921600, 199.305700 
50.963600, -113.976680, 754.697200 
53.530040, -113.402010, 983.735000 
51.045078, -114.092040, 13.850000 
52.046500, -114.588800, 14.330000 
50.129400, -111.908400, 59.017800 
51.488700, -113.153900, 130.608000 
53.416800, -113.917700, 13.262000 
53.821500, -113.490400, 11.557400 
55.585600, -117.891600, 20.057000 
57.590100, -117.531700, 21.823000 
53.159500, -114.902800, 57.821000 
49.616400, -112.472000, 13.179000 
51.065100, -114.130500, 2.206000 
51.027000, -114.018600, 6.277000 
55.309200, -119.205800, 13.376000 
53.024700, -115.531100, 19.693000 
53.574200, -116.646900, 20.221000 
53.866900, -110.644900, 15.143000 
54.416000, -115.636200, 15.863000 
54.974300, -117.285800, 22.559000 
52.050100, -112.728300, 19.663000 
58.601100, -118.787200, 14.079000 
54.387000, -116.966700, 16.264000 
53.388600, -115.315800, 99.564000 
50.653300, -111.166100, 6.590000 
51.024500, -111.642800, 17.160000 
52.091000, -112.761500, 7.196000 
56.215000, -110.968100, 46.706000 
55.862200, -119.720300, 12.472000 
56.098600, -119.288100, 32.928000 
55.945800, -119.805300, 10.706000 
55.943900, -119.923100, 16.620000 
50.485900, -111.451200, 10.678800 
51.304300, -112.653700, 10.380800 
51.275400, -112.906500, 14.732000 
50.795100, -112.017800, 10.985600 
50.864300, -112.353400, 10.390100 
55.520300, -119.315300, 10.875000 
55.047300, -110.577800, 24.204500 
51.409800, -113.094600, 10.017000 
50.223900, -110.761900, 11.648300 
50.223900, -110.899700, 19.309700 
50.398600, -110.503300, 16.816000 
50.573100, -111.177500, 2.138300 
50.591500, -111.780300, 11.126000 
53.188700, -115.642200, 15.520000 
51.642600, -113.337700, 12.056000 
52.435700, -113.390400, 15.656000 
55.433300, -116.483200, 43.764000 
50.981000, -113.967800, 12.000000 
53.504050, -113.374400, 23.700000 
51.093400, -112.820100, 14.425500 
58.110400, -118.115600, 12.299100 
56.233200, -113.896400, 14.793800 
55.385700, -113.001600, 13.685300 
52.493600, -115.935000, 10.090000 
53.561500, -116.577900, 252.309700 
53.392300, -115.316900, 12.540000 
52.759300, -115.531900, 10.180000 
51.388100, -110.772500, 34.600000 
51.209800, -113.141000, 13.400000 
52.362900, -113.534900, 26.000000 
52.326500, -114.515200, 10.389000 
54.963600, -117.670700, 14.522000 
50.165900, -110.089100, 41.453000 
59.641800, -118.307800, 96.257200 
54.792900, -115.521700, 16.120000 
59.601800, -117.409700, 12.224000 
50.307500, -110.502500, 17.525100 
57.042500, -111.905000, 38.568200 
53.752300, -117.099300, 84.042000 
49.488900, -113.955100, 12.542000 
51.599900, -115.356900, 16.871000 
55.640300, -119.627000, 21.501900 
52.766700, -116.393000, 14.943400 
53.854300, -117.391200, 34.188000 
52.963700, -111.364700, 50.128000 
52.788400, -112.489800, 1.190000 
52.031800, -112.629500, 1.150000 
53.346200, -113.517200, 28.240000 
54.162360, -115.733900, 25.987000 
51.003200, -113.961000, 3.319000 
54.105400, -117.526500, 40.085000 
53.952600, -117.559000, 23.486000 
53.977900, -116.751200, 8.670000 
55.318300, -116.491800, 20.973000 
50.084400, -110.607000, 10.623000 
53.767000, -117.497000, 15.045000 
53.444100, -113.491800, 21.283000 
53.737500, -113.149000, 63.348100 
52.942400, -113.511100, 59.127300 
52.086500, -112.754800, 14.700000 
52.696100, -114.863800, 163.619700 
54.166900, -118.486900, 62.183000 
57.217500, -110.895000, 193.550800 
56.666700, -111.345100, 17.170000 
52.725100, -113.169500, 5.690000 
52.761600, -113.133400, 0.322000 
53.914400, -117.573700, 21.175000 
53.987100, -117.351500, 31.900000 
52.841500, -116.035500, 34.946000 
52.063200, -112.629000, 0.680000 
52.503000, -113.435200, 3.460000 
52.481500, -113.419000, 0.570000 
54.452300, -114.874300, 12.028000 
50.632000, -114.240300, 95.751000 
55.160200, -118.818400, 17.497900 
53.559400, -113.347200, 31.900000 
53.571500, -117.045300, 15.117000 
52.361000, -113.819400, 1.615000 
52.549200, -113.840800, 1.665000 
49.720000, -113.500300, 4.652000 
53.599500, -111.416200, 2.388000 
54.189800, -110.505800, 76.445800 
53.920600, -110.608500, 86.931300 
54.040000, -114.130000, 0.131000 
51.923800, -112.550100, 0.200000 
50.973600, -112.711700, 1.799000 
53.936200, -113.499600, 0.350000 
53.753700, -114.443000, 0.050000 
51.625300, -111.195200, 0.710000 
51.600900, -111.231500, 1.423000 
52.681500, -113.121100, 10.870000 
54.055700, -117.243900, 14.134000 
53.761100, -117.349200, 14.029000 
53.655600, -117.081700, 40.021000 
54.171000, -118.334400, 37.861000 
53.596200, -113.332100, 16.014000 
53.566800, -113.365000, 322.911000 
52.639900, -111.273500, 290.375000 
54.342700, -110.328700, 26.240700 
53.500000, -113.440000, 18.292000 
54.285000, -115.698200, 18.170000 
51.465100, -113.512200, 8.274000 
53.768300, -116.915400, 60.294000 
53.761100, -117.367500, 47.159000 
52.646000, -111.278000, 66.204000 
55.250000, -116.290000, 127.966000 
53.250500, -113.049900, 21.541000 
49.080000, -112.050000, 370.536000 
52.380000, -114.140000, 315.852000 
52.124700, -113.677200, 18.700000 
52.223000, -113.659300, 13.300000 
51.787100, -113.335700, 17.800000 
52.557700, -115.977200, 10.322500 
52.634000, -110.209100, 14.873000 
54.387300, -114.753100, 13.250000 
52.579300, -113.513500, 13.400000 
52.868700, -113.142400, 17.400000 
53.678600, -113.804600, 0.157000 
54.029600, -110.788100, 11.468000 
55.713300, -118.771000, 16.881000 
54.979700, -118.772700, 11.931000 
56.193600, -110.950600, 35.119000 
54.670700, -119.218300, 14.272000 
52.552400, -112.880800, 5.750000 
52.342200, -112.764800, 1.870000 
55.527900, -110.873800, 103.743800 
54.226800, -118.628100, 17.066000 
51.348700, -113.658600, 10.301000 
52.635200, -111.263900, 70.057000 
55.666400, -110.714000, 15.146000 
56.411700, -110.937600, 473.282000 
53.623400, -116.858600, 57.287000 
51.898100, -113.567200, 37.889900 
54.323000, -110.250000, 14.872000 
54.656560, -119.915230, 55.833000 
52.047700, -112.638200, 0.110000 
53.190400, -115.223500, 26.910500 
56.390700, -116.875400, 18.904000 
50.858900, -113.988500, 20.968000 
56.113500, -111.829300, 50.758800 
52.530400, -112.910800, 0.200000 
52.399400, -112.868800, 4.048000 
52.490300, -112.964700, 1.249000 
52.754200, -113.127400, 0.200000 
51.999300, -112.603300, 0.140000 
54.302500, -118.644200, 32.879000 
54.830600, -119.662600, 10.104000 
53.542800, -113.361400, 12.759700 
53.855600, -116.983600, 10.184000 
54.248500, -114.730000, 15.182000 
51.074900, -114.138700, 4.663000 
57.335400, -111.755600, 11875.218000 
55.554100, -119.755400, 33.228000 
50.966900, -112.664900, 19.356000 
54.493400, -119.890600, 11.208000 
53.659800, -116.650500, 15.840000 
54.006600, -119.105500, 206.781000 
53.573700, -113.348400, 60.728000 
50.981400, -113.962800, 10.933000 
55.910000, -115.140000, 459.796000 
55.041500, -119.631000, 99.321000 
55.666382, -110.714044, 38.552500 
52.436100, -113.378300, 0.610000 
55.767572, -119.774656, 76.399000 
51.465640, -114.467560, 13.160000 
55.815390, -111.444400, 31.338000 
54.204974, -116.760593, 18.100000 
54.412370, -116.873430, 13.452000 
56.113140, -111.715340, 49.903500 
52.258050, -113.880800, 1.088000 
54.062895, -117.082694, 19.907000 
55.524545, -110.998753, 66.563800 
51.713230, -114.695610, 10.796000 
53.024090, -114.857200, 20.767000 
53.293090, -113.537600, 128.906500 
54.386810, -118.771920, 19.718700 
56.059985, -115.372431, 10.212000 
52.405240, -114.912379, 23.510000 
51.316430, -114.391420, 11.300000 
56.859111, -113.577912, 18.761000 
55.259500, -114.588600, 13.185000 
52.514590, -113.358370, 2.440000 
52.188380, -112.852230, 0.140000 
52.795350, -112.584180, 0.130000 
52.022960, -112.604990, 0.200000 
52.724660, -113.122030, 0.200000 
50.977088, -113.936269, 24.721000 
59.066160, -118.850160, 16.167000 
58.454100, -119.215900, 15.573000 
51.289352, -113.989028, 0.024000 
53.670110, -116.535340, 12.986000 
51.962779, -112.567417, 0.200000 
55.774377, -113.770251, 49.573400 
53.328153, -113.509047, 14.006000 
54.786666, -117.649590, 16.295000 
