56.377200, -117.175600, 0.006955 
53.344000, -114.305000, 0.113900 
54.007100, -119.104000, 0.013500 
54.775000, -115.218600, 0.001545 
53.529100, -113.387500, 0.544945 
49.720100, -112.781900, 0.000016 
53.841600, -113.097900, 0.001400 
57.003300, -111.466100, 0.480764 
57.040500, -111.619200, 0.174607 
53.508500, -114.557100, 0.228585 
53.448700, -114.449100, 2.589383 
53.593060, -116.390300, 0.005000 
53.413300, -117.570600, 0.017858 
53.533000, -113.411500, 0.000542 
53.541700, -113.391700, 0.064300 
51.789600, -114.702800, 0.007193 
53.581600, -113.599100, 0.002343 
51.058900, -115.174500, 0.009740 
58.518800, -117.119500, 0.571700 
53.740700, -113.023100, 0.000025 
50.443600, -110.882500, 0.044554 
53.402700, -117.599300, 0.006595 
51.068200, -115.136400, 0.000001 
52.821600, -110.888700, 0.014302 
55.160200, -118.818400, 0.000049 
57.335400, -111.755600, 0.000009 
53.331289, -113.528895, 0.022410 
50.977088, -113.936269, 0.000220 
