56.377200, -117.175600, 0.607000 
53.344000, -114.305000, 0.745000 
53.529100, -113.387500, 3.446000 
53.841600, -113.097900, 0.080000 
57.003300, -111.466100, 0.858600 
57.040500, -111.619200, 2.072000 
53.795900, -113.099600, 0.289000 
53.413300, -117.570600, 0.111000 
53.533000, -113.411500, 0.217000 
53.541700, -113.391700, 0.400000 
53.725400, -113.193000, 0.082500 
49.717200, -112.781900, 0.000600 
50.443600, -110.882500, 0.081000 
52.821600, -110.888700, 0.031200 
57.335400, -111.755600, 0.506000 
