53.559200, -113.388800, 0.006900 
57.003300, -111.466100, 84.663600 
57.040500, -111.619200, 37.993000 
50.982200, -113.974200, 0.010000 
53.570000, -113.611400, 0.039000 
53.795900, -113.099600, 0.546900 
53.804200, -113.082400, 7.042000 
53.541700, -113.391700, 1.410000 
53.181200, -115.762500, 0.001500 
51.696900, -114.475000, 0.089000 
54.185400, -116.210400, 0.067000 
51.400100, -114.034300, 0.047600 
53.132300, -115.981700, 1.080000 
52.035300, -115.137700, 0.005600 
55.489100, -119.750800, 0.017000 
59.063100, -118.875700, 0.004800 
51.000700, -113.965670, 0.273600 
51.010160, -113.964210, 0.137000 
56.218700, -116.251300, 0.150000 
52.309150, -113.809970, 0.003000 
55.175000, -118.785400, 0.115200 
53.301700, -110.012600, 0.031000 
53.504100, -113.373300, 0.003400 
56.411700, -110.937600, 0.249000 
57.335400, -111.755600, 0.118000 
53.576900, -116.452400, 0.164000 
53.293090, -113.537600, 0.036000 
52.346940, -113.783110, 0.000500 
