53.539700, -113.409200, 0.474000 
53.559200, -113.388800, 0.079400 
51.191300, -113.940900, 0.100000 
50.982200, -113.974200, 0.001000 
53.570000, -113.611400, 0.004000 
51.570800, -114.851700, 27.830000 
53.795900, -113.099600, 0.130100 
53.804200, -113.082400, 0.153400 
53.541700, -113.391700, 0.500000 
53.181200, -115.762500, 0.000400 
51.526000, -113.880000, 0.100000 
51.400100, -114.034300, 0.179900 
51.000700, -113.965670, 0.544600 
57.351700, -111.522200, 0.153900 
57.042500, -111.905000, 0.002200 
53.737500, -113.149000, 0.088200 
52.942400, -113.511100, 12.415500 
55.175000, -118.785400, 0.000200 
56.193600, -110.950600, 0.012000 
53.576900, -116.452400, 0.069000 
53.293090, -113.537600, 0.275000 
