53.288500, -110.018300, 0.704000 
50.747700, -114.494700, 0.539000 
54.596400, -110.395000, 1.227000 
55.335900, -119.223000, 1.437000 
50.647500, -113.772000, 0.076000 
54.194400, -116.632200, 1.430000 
53.746900, -113.164500, 1.353000 
51.742300, -114.134500, 1.148000 
52.496000, -114.988000, 1.472700 
52.959300, -115.893800, 2.400000 
52.776100, -115.660700, 1.273000 
52.758100, -114.111600, 1.486000 
52.226300, -115.177000, 2.454000 
53.559200, -113.388800, 0.346500 
51.191300, -113.940900, 1.113000 
49.305200, -114.000300, 1.235000 
51.965500, -114.753600, 1.866000 
53.652000, -116.099200, 4.200000 
57.003300, -111.466100, 180.662600 
57.040500, -111.619200, 98.725000 
50.982200, -113.974200, 0.001000 
53.570000, -113.611400, 0.017000 
53.795900, -113.099600, 6.352000 
53.804200, -113.082400, 0.649000 
53.541700, -113.391700, 8.450000 
53.181200, -115.762500, 0.034600 
54.833300, -118.646700, 0.861000 
53.550500, -113.358900, 23.245600 
51.526000, -113.880000, 0.206000 
51.696900, -114.475000, 0.861000 
54.772900, -110.579000, 1.208000 
54.185400, -116.210400, 1.588000 
51.400100, -114.034300, 0.497400 
54.427200, -116.884300, 2.383000 
53.132300, -115.981700, 1.406000 
52.035300, -115.137700, 3.329300 
55.481900, -119.059200, 0.090000 
57.546300, -119.112600, 1.095000 
55.489100, -119.750800, 10.279000 
53.571290, -113.355400, 0.783000 
53.557500, -116.547200, 2.336000 
59.063100, -118.875700, 0.281600 
51.000700, -113.965670, 1.150900 
53.670500, -115.762200, 1.439000 
51.010160, -113.964210, 1.444000 
53.902300, -115.189300, 1.465000 
53.740700, -113.023100, 0.791000 
53.550690, -113.349600, 10.891000 
52.674300, -111.311600, 0.135000 
57.298900, -111.503300, 4.522000 
53.286400, -110.017800, 0.255000 
52.656700, -111.311900, 0.365000 
54.420500, -110.213100, 0.045000 
55.582700, -110.888800, 0.916000 
53.527200, -113.354800, 2.197000 
50.963600, -113.976680, 3.398400 
53.530040, -113.402010, 4.343300 
53.282300, -113.542000, 0.003000 
50.129400, -111.908400, 0.067000 
53.388600, -115.315800, 1.380000 
56.215000, -110.968100, 0.312000 
53.549060, -113.760172, 0.100000 
53.288900, -110.012000, 11.300000 
54.342700, -110.328700, 0.011500 
54.285000, -115.698200, 1.047000 
55.175000, -118.785400, 0.167900 
53.504100, -113.373300, 0.044000 
56.193600, -110.950600, 0.978000 
55.527900, -110.873800, 0.735000 
56.411700, -110.937600, 1.054000 
56.113500, -111.829300, 4.935100 
57.335400, -111.755600, 5.131000 
53.576900, -116.452400, 0.155200 
55.041500, -119.631000, 0.442000 
56.147110, -116.294328, 0.012200 
56.113140, -111.715340, 4.112400 
52.346940, -113.783110, 0.022000 
