53.733200, -113.175000, 0.038000 
53.288500, -110.018300, 6.004000 
52.146300, -115.330000, 1.494600 
50.747700, -114.494700, 11.853000 
54.952700, -119.195300, 2.922000 
54.572300, -115.522900, 3.060000 
54.596400, -110.395000, 52.947000 
55.335900, -119.223000, 1.495000 
50.647500, -113.772000, 0.004000 
54.194400, -116.632200, 2.866000 
53.245000, -115.674300, 1.918000 
53.746900, -113.164500, 23.622000 
51.742300, -114.134500, 8.615000 
52.496000, -114.988000, 4.754600 
52.959300, -115.893800, 9.205000 
52.776100, -115.660700, 4.307000 
52.758100, -114.111600, 22.685000 
52.226300, -115.177000, 9.307000 
53.559200, -113.388800, 0.839200 
52.940400, -114.832300, 3.148000 
52.308300, -113.550000, 3.615000 
51.191300, -113.940900, 2.594000 
51.965500, -114.753600, 4.732000 
53.652000, -116.099200, 5.333000 
54.423300, -117.760400, 1.607000 
57.003300, -111.466100, 91.605200 
57.040500, -111.619200, 83.085000 
50.982200, -113.974200, 0.007000 
53.795900, -113.099600, 21.590000 
53.541700, -113.391700, 7.300000 
53.181200, -115.762500, 0.809000 
54.833300, -118.646700, 2.994000 
54.524700, -116.794300, 12.992000 
53.550500, -113.358900, 19.823000 
51.526000, -113.880000, 3.906000 
51.696900, -114.475000, 1.009000 
54.772900, -110.579000, 36.392000 
54.185400, -116.210400, 1.894000 
51.400100, -114.034300, 0.057300 
54.427200, -116.884300, 5.859000 
53.132300, -115.981700, 10.093000 
53.728270, -113.235520, 70.783000 
54.510900, -115.511700, 11.968000 
53.283800, -110.031900, 189.859800 
49.701943, -112.803037, 259.310000 
57.546300, -119.112600, 4.379000 
53.250200, -115.555500, 5.465000 
55.489100, -119.750800, 0.084000 
51.222500, -114.495600, 1.854000 
53.557500, -116.547200, 0.233000 
59.063100, -118.875700, 0.852300 
53.817200, -113.133600, 1.862000 
51.000700, -113.965670, 1.292500 
52.327100, -112.718300, 2.128000 
53.670500, -115.762200, 0.069000 
51.010160, -113.964210, 0.004000 
55.074200, -117.274200, 2.554000 
53.902300, -115.189300, 4.681000 
53.550690, -113.349600, 14.548900 
52.674300, -111.311600, 0.388000 
57.298900, -111.503300, 2.605000 
50.577200, -111.178100, 0.170000 
50.671900, -110.028900, 1.923000 
57.351700, -111.522200, 220.710000 
50.959200, -113.981200, 1.215400 
53.527200, -113.354800, 3.052000 
53.544400, -113.366200, 6.286100 
56.981400, -111.475800, 42.268000 
53.543100, -117.797900, 9.672000 
52.588100, -111.206100, 20.405200 
50.963600, -113.976680, 5.816500 
53.530040, -113.402010, 9.604400 
53.282300, -113.542000, 0.001000 
50.129400, -111.908400, 2.945000 
51.488700, -113.153900, 0.174000 
54.974300, -117.285800, 2.076000 
53.388600, -115.315800, 3.055000 
50.653300, -111.166100, 6.545000 
56.215000, -110.968100, 2.293000 
52.963700, -111.364700, 2.014000 
55.318300, -116.491800, 1.949000 
53.566800, -113.365000, 28.837000 
52.639900, -111.273500, 31.095000 
54.342700, -110.328700, 4.107800 
54.285000, -115.698200, 6.072000 
55.175000, -118.785400, 0.130600 
56.193600, -110.950600, 0.099000 
55.527900, -110.873800, 16.263000 
52.635200, -111.263900, 2.875000 
56.411700, -110.937600, 24.467000 
51.898100, -113.567200, 4.975000 
56.390700, -116.875400, 1.707000 
56.113500, -111.829300, 8.122000 
53.542800, -113.361400, 1.520000 
53.576900, -116.452400, 0.088700 
53.573700, -113.348400, 5.546000 
55.815390, -111.444400, 1.299000 
56.113140, -111.715340, 6.485900 
52.647440, -111.270000, 0.505800 
55.293200, -114.764290, 0.198200 
52.346940, -113.783110, 0.016000 
