50.747700, -114.494700, 0.374000 
54.596400, -110.395000, 0.172000 
55.335900, -119.223000, 0.659000 
50.647500, -113.772000, 0.014000 
54.194400, -116.632200, 0.959000 
53.746900, -113.164500, 5.604000 
50.675600, -110.025000, 1.207000 
52.959300, -115.893800, 1.875000 
52.758100, -114.111600, 3.340000 
52.226300, -115.177000, 2.061000 
51.191300, -113.940900, 0.629000 
53.652000, -116.099200, 0.824000 
57.003300, -111.466100, 85.361600 
57.040500, -111.619200, 64.723000 
53.795900, -113.099600, 1.289300 
53.541700, -113.391700, 1.670000 
51.219500, -114.645400, 0.191000 
54.833300, -118.646700, 0.988000 
51.526000, -113.880000, 0.182000 
51.696900, -114.475000, 0.210000 
54.772900, -110.579000, 0.283000 
51.400100, -114.034300, 0.125200 
53.757500, -113.149900, 4.995000 
53.132300, -115.981700, 1.831000 
52.035300, -115.137700, 0.655700 
51.078650, -114.017660, 2.212000 
55.489100, -119.750800, 0.411000 
53.557500, -116.547200, 0.121000 
53.670500, -115.762200, 0.294000 
52.674300, -111.311600, 0.053000 
57.298900, -111.503300, 9.282000 
50.129400, -111.908400, 0.005000 
53.159500, -114.902800, 2.131000 
54.285000, -115.698200, 1.006000 
56.193600, -110.950600, 0.093000 
57.335400, -111.755600, 66.268000 
55.041500, -119.631000, 0.006000 
