55.996700, -118.533600, 418.224000 
53.539700, -113.409200, 314.500000 
52.829200, -110.859200, 14.420000 
56.377200, -117.175600, 810.822000 
53.833100, -113.108900, 16.100000 
53.344000, -114.305000, 14891.680000 
53.733200, -113.175000, 1367.116400 
53.288500, -110.018300, 64.344000 
52.146300, -115.330000, 224.034100 
50.747700, -114.494700, 384.333000 
54.952700, -119.195300, 794.194000 
53.952700, -113.078000, 123.298000 
54.572300, -115.522900, 225.970000 
54.596400, -110.395000, 5724.422000 
55.335900, -119.223000, 37.675000 
50.647500, -113.772000, 46.842000 
54.194400, -116.632200, 699.260000 
53.245000, -115.674300, 419.470000 
53.746900, -113.164500, 36.640000 
54.144400, -115.691700, 51.000000 
49.789400, -112.126100, 63.152000 
54.179100, -115.806000, 40.940000 
52.564700, -112.141400, 10959.537400 
51.531700, -111.786100, 11544.273600 
54.007100, -119.104000, 1710.000000 
54.775000, -115.218600, 30.180000 
51.742300, -114.134500, 405.720000 
52.496000, -114.988000, 307.892900 
53.529100, -113.387500, 69.730000 
52.322100, -113.516600, 34.857000 
52.959300, -115.893800, 400.670000 
51.637200, -112.866000, 194.855000 
52.776100, -115.660700, 448.280000 
52.758100, -114.111600, 666.080000 
52.226300, -115.177000, 629.650000 
58.500000, -119.416700, 46.246500 
53.089200, -116.805900, 132.669000 
53.559200, -113.388800, 0.325800 
52.940400, -114.832300, 104.990000 
55.725100, -119.399900, 269.300000 
52.308300, -113.550000, 2469.518000 
50.080710, -110.727860, 153.046000 
51.191300, -113.940900, 216.602000 
53.733200, -113.486200, 1.853000 
49.305200, -114.000300, 470.254000 
51.039600, -114.559000, 193.400000 
51.965500, -114.753600, 329.630000 
56.380600, -116.795000, 244.628000 
53.721700, -113.191700, 1633.853000 
53.841600, -113.097900, 1278.000000 
53.652000, -116.099200, 81.700000 
54.423300, -117.760400, 606.180000 
57.003300, -111.466100, 11765.386100 
57.040500, -111.619200, 15701.027000 
53.508500, -114.557100, 18793.500000 
53.448700, -114.449100, 13673.900000 
52.385800, -113.595000, 10.299600 
51.181625, -114.472100, 3.580000 
51.022770, -114.027660, 54.451900 
52.033030, -113.938910, 17.323000 
53.227700, -114.988900, 27.069000 
53.593060, -116.390300, 84.300000 
51.570800, -114.851700, 42.665000 
55.070600, -118.688800, 0.516000 
50.846700, -113.581170, 298.700000 
55.071200, -118.691200, 893.497000 
53.795900, -113.099600, 1005.600000 
53.804200, -113.082400, 366.596000 
53.413300, -117.570600, 688.435000 
50.845800, -113.586700, 1084.530000 
53.541700, -113.391700, 1549.100000 
53.181200, -115.762500, 735.680500 
51.219500, -114.645400, 128.897000 
50.805300, -110.034900, 1814.683000 
54.833300, -118.646700, 53.100000 
54.524700, -116.794300, 574.330000 
52.553700, -111.694000, 93.800000 
54.130900, -115.546700, 150.668000 
53.204500, -116.811200, 66.203300 
51.086700, -114.008800, 13.812000 
50.086600, -110.716700, 3266.620000 
53.550500, -113.358900, 1555.872300 
51.526000, -113.880000, 81.251000 
51.696900, -114.475000, 1847.141000 
55.248100, -114.514000, 77.750000 
53.531993, -113.364925, 226.700000 
54.772900, -110.579000, 2749.157000 
54.185400, -116.210400, 195.080000 
51.400100, -114.034300, 387.368900 
53.757500, -113.149900, 54.168000 
51.984500, -114.743800, 89.890000 
51.926500, -114.542700, 50.827000 
54.427200, -116.884300, 811.480000 
53.132300, -115.981700, 45.750000 
52.035300, -115.137700, 761.233000 
53.728270, -113.235520, 8.405000 
54.510900, -115.511700, 446.990000 
53.283800, -110.031900, 53.234000 
50.061200, -110.723000, 3.466000 
55.481900, -119.059200, 38.112000 
51.789600, -114.702800, 18.746100 
54.238200, -115.379700, 183.100000 
53.725400, -113.193000, 512.300000 
55.029800, -118.744000, 167.017400 
49.758379, -112.452561, 103.400000 
53.505652, -113.412963, 42.749000 
49.628100, -114.571900, 58.442000 
57.546300, -119.112600, 164.740000 
55.040000, -115.475800, 146.040000 
50.597600, -111.881800, 41.181200 
50.583700, -113.871100, 129.182400 
55.489100, -119.750800, 401.793000 
53.581600, -113.599100, 1376.735000 
55.876700, -119.301100, 114.558000 
51.222500, -114.495600, 1154.350000 
53.557500, -116.547200, 658.485000 
59.063100, -118.875700, 131.223400 
51.058900, -115.174500, 3884.600000 
52.327100, -112.718300, 772.450000 
56.904200, -117.633600, 1.500000 
53.670500, -115.762200, 229.160000 
53.723500, -113.173800, 64.895000 
50.058200, -110.728200, 821.975000 
54.133300, -115.366600, 49.085400 
55.074200, -117.274200, 73.392000 
54.394900, -116.809000, 2.552000 
58.194700, -116.350400, 18.476600 
55.199400, -116.221900, 181.220000 
55.993500, -113.480500, 300.493000 
53.799100, -113.080700, 254.569000 
58.518800, -117.119500, 89.693300 
54.139800, -115.689100, 22.000000 
54.587200, -112.803100, 4.700000 
53.902300, -115.189300, 82.470000 
53.740700, -113.023100, 1603.830000 
52.212400, -113.843700, 40.409700 
52.228400, -114.397700, 269.278000 
51.189400, -113.937800, 208.385000 
52.766100, -114.285600, 41.759700 
53.593600, -113.335600, 45.770000 
57.298900, -111.503300, 642.500000 
49.797800, -113.043600, 1.750000 
53.345800, -111.251900, 13.090000 
50.040920, -110.721904, 202.648800 
50.664700, -113.784200, 10.650000 
50.443600, -110.882500, 197.464000 
49.801900, -113.104700, 24.130000 
49.677359, -112.862698, 4.300000 
53.608100, -111.264400, 10.780000 
53.622800, -115.869400, 12.810000 
50.269600, -112.893800, 200.002000 
53.652200, -113.716400, 15.030000 
52.308300, -113.550000, 544.391000 
58.447100, -119.238300, 323.573600 
58.460300, -115.238300, 349.840000 
53.402700, -117.599300, 74.291000 
50.577200, -111.178100, 335.686000 
52.869000, -115.101000, 155.410000 
50.671900, -110.028900, 59.230000 
52.904700, -115.324700, 28.437000 
55.582700, -110.888800, 148.397000 
53.091100, -111.768600, 37.743000 
55.069600, -110.536100, 831.400000 
53.373100, -116.086000, 116.798000 
51.006900, -113.192800, 244.069000 
57.351700, -111.522200, 978.953000 
53.519600, -113.529000, 227.141000 
51.024500, -114.025000, 33.900000 
54.407700, -110.277800, 20.749000 
52.315900, -113.850000, 65.320000 
50.847000, -113.591000, 171.000000 
53.819400, -113.141900, 100.000000 
54.043500, -117.420000, 254.000000 
49.975700, -114.130000, 92.000000 
52.058000, -114.908000, 215.000000 
52.983100, -112.189800, 67.000000 
54.829600, -118.647000, 343.000000 
54.402000, -112.553000, 36.000000 
51.099300, -112.639000, 60.000000 
53.960200, -116.460000, 48.000000 
54.483500, -118.100000, 247.000000 
53.099500, -115.364200, 20.000000 
57.188000, -118.248900, 169.000000 
51.360600, -111.745900, 33.000000 
55.450900, -113.923000, 56.000000 
55.129100, -119.397000, 23.000000 
50.697800, -111.531000, 134.000000 
50.704600, -110.844000, 21.000000 
55.814900, -119.365000, 32.000000 
51.943400, -114.736000, 401.000000 
54.094600, -112.306000, 55.000000 
53.470500, -116.496100, 141.000000 
50.693800, -114.330000, 171.000000 
52.355300, -115.332000, 141.000000 
52.755200, -110.747000, 34.000000 
51.444300, -114.527000, 114.000000 
53.244500, -116.238000, 255.000000 
51.130700, -114.009000, 5.960000 
51.068200, -115.136400, 333.752000 
53.862700, -110.639000, 29.000000 
52.479300, -115.206900, 157.704000 
53.431000, -117.540600, 0.672000 
53.010600, -112.810000, 0.959000 
52.255700, -113.886000, 2.071000 
53.645100, -114.130200, 2.493000 
51.407800, -113.668300, 211.000000 
50.963300, -112.288300, 199.000000 
50.676800, -110.018000, 40.000000 
50.701100, -111.095600, 112.000000 
53.066500, -117.404800, 77.340000 
56.981400, -111.475800, 29.340000 
54.293100, -116.188300, 215.570000 
53.826700, -113.603300, 102.371000 
53.039700, -111.220000, 86.710000 
55.866700, -119.596700, 102.241000 
54.839400, -118.658900, 69.648000 
54.285600, -115.711100, 52.906000 
54.140000, -115.553900, 34.152000 
51.065300, -115.221100, 15.017000 
53.501040, -113.489732, 39.323200 
52.375200, -114.921600, 23.199700 
55.969400, -117.575600, 26.565000 
52.412900, -114.407600, 23.534000 
53.999800, -114.445300, 71.919000 
53.691700, -113.614400, 22.222000 
51.890100, -114.495200, 52.141000 
52.035400, -114.612700, 39.452800 
52.046500, -114.588800, 125.232300 
52.002900, -114.597700, 31.587700 
51.878900, -114.666100, 30.660700 
51.813700, -114.536800, 110.297100 
53.006800, -110.995000, 50.052000 
50.194700, -110.479700, 37.377000 
50.187500, -110.476900, 47.833000 
50.205800, -110.476900, 43.020000 
53.152300, -111.076600, 31.238000 
52.843200, -111.722800, 201.296000 
53.607000, -112.592700, 150.527000 
53.537900, -111.785100, 226.538000 
53.635900, -112.019200, 273.812000 
55.931200, -112.047000, 71.435000 
54.687300, -111.944600, 23.412000 
51.209800, -110.161100, 54.627000 
51.213400, -110.336100, 31.519000 
52.308200, -114.096500, 106.195000 
52.322800, -114.020800, 59.178000 
51.649800, -110.187200, 109.800000 
52.926800, -111.889500, 60.821000 
51.770100, -111.422000, 195.893000 
51.791700, -111.536400, 176.224000 
52.555700, -111.805300, 80.360000 
56.036800, -113.782500, 195.300000 
52.402900, -111.736200, 101.700000 
55.644000, -114.659700, 74.300000 
55.858700, -113.841400, 63.384000 
54.897200, -117.708800, 401.255000 
54.218200, -110.712000, 71.478000 
54.101800, -114.292500, 98.077000 
55.225700, -114.493000, 40.000000 
55.247500, -116.641600, 92.008000 
54.359600, -116.152900, 43.776000 
54.229000, -110.348600, 25.452000 
54.210700, -110.241900, 28.982000 
54.025400, -110.681200, 33.838000 
54.056020, -110.357560, 40.123000 
54.113300, -110.564600, 31.153000 
54.221800, -110.584200, 65.359000 
54.105400, -113.442700, 29.686000 
53.277900, -110.034300, 36.829000 
53.883400, -110.041100, 305.463000 
50.471500, -111.606500, 28.218000 
50.227500, -113.548200, 62.439000 
50.937000, -113.292700, 45.450000 
50.242200, -113.617100, 36.704000 
50.231100, -113.519600, 29.127000 
50.151100, -113.562100, 21.019000 
52.908400, -112.435300, 69.141000 
53.155900, -112.326700, 310.284000 
54.298200, -112.824300, 114.667000 
56.091500, -111.817800, 99.195000 
55.991165, -112.032320, 43.842000 
55.869500, -112.001200, 54.371000 
55.924000, -111.896500, 28.762000 
52.923200, -115.107500, 74.609000 
52.779800, -113.629900, 173.716000 
52.774000, -113.520700, 70.719000 
52.719300, -113.617900, 125.079000 
53.345100, -114.743600, 65.208000 
52.872000, -113.629900, 98.571000 
52.868400, -113.666300, 72.873000 
52.104500, -113.077400, 92.691000 
52.592000, -113.967900, 123.414000 
52.322800, -114.020800, 227.679000 
52.373700, -114.076000, 67.944000 
58.568700, -119.201500, 24.000000 
55.985900, -119.955800, 27.400000 
54.138100, -111.908300, 87.557000 
53.890700, -117.354000, 162.198000 
55.728600, -119.775000, 21.507000 
55.713100, -119.600800, 41.444000 
55.641700, -119.635000, 43.201000 
53.850600, -112.190600, 41.158000 
55.396400, -119.599700, 203.787000 
50.100300, -111.988100, 27.282000 
53.956700, -111.172600, 96.062000 
53.796100, -111.941900, 299.061000 
55.483900, -118.970000, 39.358000 
54.203300, -116.848300, 123.775000 
53.766900, -112.203100, 119.249000 
50.129400, -111.908400, 85.669000 
52.621200, -114.827900, 114.559000 
54.494400, -115.957600, 69.878000 
53.927000, -114.376900, 22.439000 
54.650900, -114.528900, 74.095000 
54.338200, -114.060400, 96.844000 
55.913200, -114.482200, 54.475000 
54.078900, -113.346000, 42.620000 
54.221700, -112.905000, 21.097000 
54.443600, -112.583200, 147.140000 
53.952600, -112.390400, 34.642000 
54.068900, -112.184200, 34.037000 
54.545300, -112.670600, 35.303000 
54.530800, -112.920000, 23.894000 
53.908900, -113.172500, 87.373000 
55.116400, -116.712300, 84.581000 
52.544800, -110.713600, 52.942000 
58.943200, -118.916800, 25.615000 
59.067000, -118.875900, 124.460000 
58.975900, -119.118700, 22.561000 
59.165100, -118.725800, 120.813000 
58.997900, -118.797500, 151.967000 
59.005100, -119.033200, 73.426000 
59.219800, -119.268700, 67.565000 
59.095900, -118.576100, 58.765000 
52.746800, -112.988000, 28.008000 
52.588400, -113.161800, 65.500000 
52.180900, -112.647600, 125.813000 
52.198500, -112.638000, 110.560000 
52.166400, -112.658600, 90.511000 
52.549700, -112.579400, 76.890000 
51.893700, -114.400400, 375.879000 
52.402900, -114.707700, 160.295000 
52.480900, -114.870200, 188.405000 
52.199300, -114.564900, 25.119000 
52.544800, -114.641600, 81.245000 
52.319300, -111.477600, 234.060000 
52.235700, -111.788100, 40.864000 
52.220900, -111.937300, 130.271000 
51.955400, -111.845300, 256.849000 
52.326500, -111.128600, 71.094000 
51.977300, -111.173400, 127.014000 
52.064500, -111.298700, 156.239000 
52.446500, -111.272700, 20.576000 
52.515700, -113.173800, 698.187000 
49.871100, -112.913700, 90.039000 
52.490000, -113.034400, 21.225000 
52.366500, -113.191800, 71.938000 
52.515700, -113.366300, 30.880000 
51.748200, -113.592100, 27.180000 
52.104400, -110.695000, 139.093000 
52.028200, -110.564700, 62.178000 
51.977300, -110.486900, 20.315000 
52.264500, -110.570500, 111.272000 
54.294500, -114.887800, 30.072000 
50.737400, -112.084900, 229.497000 
50.542200, -112.204700, 32.605000 
50.704300, -111.155300, 40.946000 
50.518700, -111.910900, 49.322000 
50.838700, -111.520100, 85.466000 
50.977000, -111.683100, 35.528000 
50.922300, -111.391500, 39.415000 
51.300700, -112.042600, 32.354000 
57.299000, -118.228900, 128.096000 
52.166500, -113.256300, 26.219000 
54.796400, -117.658000, 27.567000 
52.286500, -114.123200, 25.306000 
54.785300, -117.658000, 259.242000 
52.457600, -114.419100, 84.111000 
57.200800, -118.819200, 24.203000 
55.891100, -119.798600, 24.558000 
55.494700, -119.289500, 31.009000 
51.488700, -113.153900, 654.202000 
53.719800, -113.596300, 39.927000 
53.416800, -113.917700, 110.300000 
53.179500, -111.779500, 49.300000 
57.189700, -119.054800, 195.980400 
53.821500, -113.490400, 129.301600 
56.731500, -115.478100, 33.832900 
56.964500, -117.007100, 22.463300 
53.949000, -113.285400, 108.347000 
57.157300, -115.122000, 52.542900 
55.938600, -117.239400, 39.925600 
52.366500, -112.734900, 501.132700 
51.213400, -111.030000, 74.353000 
56.058600, -118.161700, 39.855000 
56.582500, -118.118100, 88.253000 
57.153300, -118.334500, 63.422000 
56.818900, -118.570000, 42.380000 
54.127000, -110.486500, 75.136000 
51.333400, -110.667500, 68.525000 
51.959000, -110.767500, 123.586000 
55.698300, -118.783300, 68.233000 
56.982800, -118.305800, 167.563000 
51.773700, -114.222900, 123.021000 
50.987900, -111.741500, 43.642000 
51.425100, -110.513800, 41.024000 
56.691400, -118.771700, 69.178000 
56.727900, -116.305700, 87.898000 
56.069400, -119.877200, 55.908000 
56.069400, -118.247000, 88.500000 
51.413400, -111.766500, 56.889000 
51.254200, -110.402700, 29.057000 
50.220300, -112.444200, 141.746000 
49.521900, -112.859000, 152.452000 
51.620900, -114.483500, 62.770000 
51.911800, -114.512900, 89.353000 
52.068200, -114.546800, 30.158000 
51.919000, -114.394600, 265.810000 
51.897200, -115.040200, 241.781000 
51.948100, -115.081600, 108.817000 
52.093600, -115.143800, 77.547000 
52.104400, -115.161600, 48.451000 
52.064400, -115.131800, 174.939000 
51.828100, -114.980700, 199.436000 
53.035800, -115.965300, 49.548000 
53.912600, -116.745100, 120.275000 
54.029000, -116.769800, 34.929000 
54.287000, -117.069000, 104.456000 
54.207000, -117.169300, 144.808000 
54.385300, -116.975100, 95.090000 
54.345300, -116.880900, 30.527000 
54.350500, -116.766800, 34.798000 
57.120900, -118.139200, 47.320000 
57.338900, -118.460000, 323.739000 
54.436200, -111.205100, 111.041000 
55.694100, -113.599400, 68.875000 
55.520400, -113.781100, 75.647000 
55.509300, -114.146900, 107.678000 
55.585600, -117.891600, 729.859000 
53.159500, -114.902800, 45.120000 
54.647200, -119.332000, 96.485000 
54.836400, -119.145800, 41.382000 
54.796400, -119.439200, 34.048000 
54.872800, -119.361100, 33.178000 
54.829200, -119.490000, 71.976000 
54.800000, -119.775600, 147.992000 
54.607200, -119.332000, 114.351000 
54.796400, -119.719700, 106.215000 
54.720000, -119.110600, 385.487000 
55.494700, -119.412800, 16.068000 
52.544800, -114.545200, 124.599000 
52.184500, -114.737900, 48.702000 
53.103200, -115.363400, 28.977000 
52.814000, -114.786000, 220.398000 
52.140800, -115.060200, 22.485000 
52.708400, -115.428900, 148.542000 
53.101200, -114.761900, 101.189000 
51.649800, -114.501300, 46.920000 
53.257600, -115.507800, 38.194000 
53.909800, -115.787800, 29.182000 
53.828700, -115.943000, 96.330000 
53.366700, -116.022500, 58.195000 
53.326800, -116.168000, 79.346000 
53.534300, -116.333900, 22.823000 
49.616400, -112.472000, 18.270000 
49.958300, -113.556600, 73.725000 
53.035900, -111.403600, 59.654000 
53.777900, -115.769200, 79.436000 
54.130700, -115.765300, 67.186000 
54.887200, -119.828100, 49.214000 
55.061900, -119.337000, 20.230000 
55.018300, -119.413600, 25.032000 
55.047200, -119.828100, 21.007000 
55.032800, -119.623900, 21.062000 
55.010800, -119.865000, 53.435000 
54.901900, -119.891700, 20.554000 
57.742220, -119.995050, 56.643000 
57.480800, -119.160100, 32.309000 
51.065100, -114.130500, 53.734000 
51.180450, -113.937280, 69.878000 
53.013900, -116.258600, 222.839000 
52.703800, -114.572500, 58.354000 
50.901600, -110.480800, 74.816000 
50.805800, -111.507500, 98.030000 
52.064400, -114.271400, 189.735000 
52.020800, -110.891900, 32.116000 
52.253600, -114.295300, 28.376000 
51.027000, -114.018600, 0.841800 
52.122900, -113.847000, 81.409000 
54.130600, -119.218900, 77.337000 
54.459900, -119.717000, 73.988000 
54.152600, -110.931500, 25.460000 
56.538600, -119.950600, 123.507000 
51.213300, -111.355600, 98.124000 
52.013600, -112.986700, 77.200000 
54.894400, -111.813900, 238.993000 
55.069400, -113.313900, 242.549000 
53.499300, -116.805300, 409.673000 
51.082500, -111.915600, 60.901000 
54.527200, -112.926100, 43.274000 
51.620800, -112.069400, 125.005000 
54.734400, -112.638900, 110.910000 
53.440800, -111.000500, 22.388000 
55.026700, -112.185100, 38.208000 
53.686900, -116.776400, 27.495000 
57.004500, -113.188600, 646.067000 
52.755600, -111.282200, 75.104000 
54.763600, -114.302800, 61.972000 
52.334100, -113.674200, 83.835000 
57.485900, -113.793100, 180.594000 
50.863600, -111.847200, 45.023000 
51.300800, -112.041700, 59.729000 
54.560100, -112.399900, 42.167000 
55.186400, -111.439100, 121.776000 
51.449700, -111.571700, 105.705000 
50.314800, -111.468400, 83.662000 
54.257200, -112.373600, 129.721000 
54.345300, -112.905000, 61.984000 
54.855000, -118.521900, 58.610000 
52.235800, -113.377700, 51.087000 
50.940600, -111.880600, 111.057000 
54.447400, -117.523700, 225.006000 
50.867800, -111.796900, 46.591000 
53.415200, -110.857100, 60.187000 
56.135000, -113.028300, 55.032000 
51.943400, -112.077500, 35.082000 
54.708900, -113.448100, 97.952000 
54.548100, -117.411400, 174.613000 
56.134800, -113.201300, 81.246000 
53.968500, -110.458900, 60.498000 
52.599200, -113.973100, 55.053000 
54.985700, -111.789200, 21.489000 
55.597300, -111.770600, 76.388000 
49.485000, -111.218200, 20.484000 
51.961400, -112.370000, 62.237000 
55.121400, -114.159100, 69.252000 
53.997000, -111.569200, 165.285000 
50.698800, -111.458000, 43.855000 
54.130600, -115.231400, 150.169000 
50.201900, -111.439700, 92.488000 
51.264200, -112.381900, 62.279000 
54.685600, -117.414400, 203.702000 
54.523500, -113.846300, 52.265000 
54.612500, -118.214300, 164.694000 
53.215900, -116.497000, 99.006000 
54.102500, -112.310200, 215.353000 
54.627100, -118.513200, 32.115000 
54.627000, -117.464200, 112.297000 
50.101700, -111.307800, 57.810000 
50.828700, -111.791400, 23.530000 
55.631500, -112.189600, 196.551000 
54.261700, -117.249400, 22.696000 
55.136500, -113.794500, 24.014000 
51.570600, -111.357100, 34.101000 
50.989600, -112.067900, 70.363000 
55.891800, -111.717900, 138.566000 
54.510600, -117.501800, 141.835000 
52.155600, -113.529700, 202.442000 
56.956900, -112.850800, 25.513000 
54.352500, -111.150000, 141.504000 
54.702500, -112.900400, 157.400000 
53.946900, -110.794600, 35.861000 
53.770600, -117.601400, 284.670000 
54.209200, -113.773700, 86.313000 
52.941900, -114.043400, 90.200000 
53.583000, -116.842000, 304.171000 
54.803600, -110.347500, 22.774000 
55.152800, -112.974700, 30.995000 
56.986100, -113.032800, 20.542000 
54.949200, -112.304700, 57.816000 
54.528700, -117.464200, 242.479000 
56.199000, -110.675100, 76.525000 
56.302200, -112.309400, 140.211000 
55.093800, -113.623700, 84.138000 
50.047200, -113.556900, 148.843000 
49.098600, -111.476400, 71.945000 
55.823000, -110.792300, 137.521000 
56.083300, -112.515100, 79.785000 
51.733100, -111.640300, 55.167000 
52.958300, -111.238400, 82.394000 
50.511400, -111.289400, 149.162000 
56.622700, -119.946500, 365.984000 
54.294400, -111.306700, 88.894000 
50.191900, -111.301800, 148.179000 
54.745300, -112.126900, 46.744000 
53.714300, -110.747300, 196.398000 
51.460600, -112.652800, 79.613000 
51.468800, -112.609800, 32.570000 
51.468100, -112.688100, 31.260000 
51.665300, -112.323200, 20.602000 
54.206700, -116.766700, 202.090000 
53.706600, -117.241000, 19.370000 
51.971600, -112.630300, 24.309000 
51.315900, -113.428500, 54.886000 
52.613900, -112.805800, 91.726000 
52.544700, -112.902200, 159.656000 
51.691800, -112.224000, 251.693000 
51.225200, -113.612600, 57.045000 
53.197300, -114.098200, 98.701000 
54.896300, -118.487000, 53.982000 
55.993100, -119.771100, 134.563000 
55.265600, -114.601400, 178.661000 
54.037600, -116.698500, 93.424000 
53.388600, -115.315800, 107.230000 
54.541800, -117.884100, 166.756000 
54.350500, -116.766800, 82.662000 
50.006500, -114.146000, 31.424000 
50.397600, -113.925500, 52.012000 
56.556900, -119.363900, 34.927000 
52.304700, -116.206100, 85.110000 
53.706600, -115.976300, 74.248000 
50.521800, -113.913200, 37.432000 
50.653300, -111.166100, 442.850000 
50.576700, -112.630300, 84.483000 
50.704200, -111.160300, 93.770000 
50.158400, -112.136500, 30.674000 
52.926700, -113.998900, 32.253000 
51.024500, -111.642800, 59.103000 
51.552500, -111.490600, 208.225000 
51.176900, -112.055300, 102.758000 
51.915100, -113.373700, 28.982000 
52.358000, -114.324100, 125.162000 
52.091000, -112.761500, 40.090000 
51.637100, -112.865800, 29.692000 
52.743400, -114.113400, 73.554000 
52.851400, -114.046900, 108.013000 
51.137900, -111.577600, 56.150000 
51.507100, -111.886500, 34.447000 
55.781200, -114.307200, 83.150000 
52.193500, -112.771900, 52.480000 
53.825000, -115.556700, 120.279000 
53.216900, -116.358700, 38.680000 
55.245100, -119.689000, 23.708000 
54.772300, -116.680400, 16.960000 
56.215000, -110.968100, 21.927000 
52.260500, -113.816600, 63.977000 
55.639400, -118.984300, 23.583000 
52.366300, -114.963000, 290.458000 
55.666900, -117.761600, 25.892000 
55.651800, -111.084400, 119.203000 
55.432800, -118.041700, 22.325000 
52.829600, -113.910900, 97.423000 
56.930900, -115.252200, 67.297000 
55.883900, -117.462000, 20.339000 
49.729200, -114.427200, 73.361000 
55.767500, -118.126400, 23.060000 
55.800300, -117.813800, 40.856000 
55.145600, -114.118900, 51.613000 
54.388400, -110.949300, 64.991000 
54.665300, -119.129700, 46.048000 
53.193400, -110.863100, 22.307000 
55.640300, -118.502800, 67.739000 
52.221100, -112.418700, 45.662000 
53.210800, -110.201900, 59.361000 
56.731500, -115.611500, 116.062000 
52.370000, -115.061700, 36.284000 
54.858100, -119.235000, 48.189000 
54.348900, -119.463300, 119.068000 
55.586800, -119.433800, 38.539000 
52.399300, -115.020500, 201.185000 
49.445600, -111.970900, 88.509000 
57.418900, -119.675000, 46.029000 
54.552500, -111.305300, 25.512000 
57.374300, -119.234900, 40.582000 
57.303800, -114.973000, 54.369000 
53.756800, -110.101300, 59.221000 
55.429200, -113.618100, 25.202000 
54.033400, -117.756900, 88.247000 
54.965100, -119.306800, 107.091000 
56.091600, -111.039700, 104.466000 
52.140800, -112.157200, 105.246000 
56.347100, -119.190500, 20.771000 
55.954200, -117.710800, 125.394000 
55.895000, -118.317500, 27.358000 
50.707600, -110.485200, 29.997000 
50.202700, -110.661300, 166.092000 
50.336700, -110.135000, 360.202000 
50.294200, -110.593500, 144.299000 
50.191100, -110.259400, 112.963000 
53.337800, -111.243900, 392.838000 
53.562800, -112.328500, 132.485000 
53.391400, -111.213900, 47.826000 
52.719200, -111.500600, 72.135000 
52.090700, -112.766700, 66.580000 
55.862200, -119.720300, 21.738000 
56.098600, -119.288100, 112.515000 
55.945800, -119.805300, 29.319000 
52.268400, -113.351800, 132.997000 
50.955100, -112.697800, 30.825000 
51.002300, -112.884200, 43.401000 
50.965900, -113.030200, 42.258000 
51.115100, -112.960100, 76.933000 
51.122600, -113.164300, 34.860000 
51.217000, -113.977700, 56.852000 
51.006200, -113.176000, 60.013000 
51.020700, -112.948400, 210.666000 
50.278300, -111.468400, 174.143000 
50.289400, -112.007500, 146.249000 
50.220300, -111.549000, 20.954000 
50.274700, -111.847600, 76.255000 
50.238300, -111.939500, 33.017000 
50.536800, -112.031500, 42.723000 
50.656800, -111.410100, 60.073000 
50.671500, -111.695300, 188.161000 
50.998700, -112.464500, 56.808000 
51.126200, -112.359500, 280.835000 
51.304300, -112.653700, 37.529000 
51.275400, -112.906500, 147.710000 
51.402400, -112.918100, 434.668000 
51.075100, -112.231200, 33.161000 
51.060700, -112.412000, 26.368000 
51.118700, -112.505300, 28.371000 
51.147800, -112.621100, 74.359000 
51.129700, -114.767900, 59.704000 
51.151500, -112.703700, 48.699000 
51.322600, -112.542000, 61.337000 
51.406200, -112.347600, 118.438000 
50.675000, -111.762200, 124.241000 
50.802300, -111.902000, 229.270000 
50.795100, -112.017800, 340.368000 
50.893400, -112.174000, 182.990000 
50.842300, -112.463400, 105.419000 
50.915100, -112.451700, 598.681000 
50.627900, -111.965600, 146.380000 
50.635100, -112.237600, 21.980000 
50.700700, -112.110300, 47.349000 
50.707900, -112.353400, 34.972000 
50.711500, -112.394000, 214.114000 
50.755100, -111.786200, 23.258000 
50.809500, -111.693700, 160.220000 
50.867900, -111.936700, 163.549000 
50.860700, -112.035100, 109.187000 
50.864300, -112.353400, 92.852000 
50.977000, -112.242800, 129.712000 
50.889400, -113.406800, 257.561000 
51.264300, -113.205200, 44.985000 
51.380700, -113.229600, 155.788000 
51.402600, -113.247400, 160.608000 
50.984300, -113.444300, 36.035000 
51.075100, -113.409300, 203.122000 
51.078700, -113.537700, 33.464000 
51.264300, -113.403500, 84.904000 
51.359000, -113.352900, 41.779000 
55.520300, -119.315300, 146.076000 
57.840900, -117.867800, 43.700000 
57.931900, -117.835000, 255.770000 
58.164800, -117.427500, 75.851000 
58.081200, -117.635600, 144.615000 
57.808400, -118.093900, 38.850000 
58.030100, -118.399800, 22.929000 
56.222300, -112.706800, 67.383000 
54.567300, -111.976300, 19.830000 
54.854500, -111.802000, 85.278000 
54.970900, -110.750100, 24.978000 
54.985700, -110.737300, 21.890000 
55.047300, -110.577800, 44.255000 
55.102000, -110.507600, 21.207000 
55.112900, -110.853100, 24.945000 
55.240100, -114.042800, 31.427000 
55.232900, -110.698700, 33.365000 
55.218400, -111.316200, 214.018000 
55.309300, -110.480100, 31.481000 
55.294800, -110.795100, 66.855000 
55.305700, -113.715500, 55.969000 
57.266800, -114.892000, 174.958000 
57.240900, -112.620700, 55.556000 
57.542900, -112.226600, 39.058000 
51.409800, -113.094600, 501.334000 
50.740700, -112.324500, 170.531000 
52.708400, -114.446600, 963.788000 
52.777600, -114.234300, 482.853000 
52.792000, -114.204100, 24.581000 
52.807000, -114.258600, 362.659000 
52.912000, -114.064600, 371.697000 
50.096700, -111.110000, 25.922000 
50.165800, -110.841900, 22.409000 
50.165800, -111.052800, 192.563000 
50.187600, -111.167000, 134.410000 
50.223900, -110.761900, 111.728000 
50.223900, -110.899700, 50.844000 
50.224000, -110.037500, 186.419000 
50.398600, -110.503300, 261.281000 
50.573100, -111.177500, 279.060000 
50.700700, -110.478000, 239.997000 
50.700600, -110.772500, 116.369000 
55.363900, -119.760600, 50.337000 
55.443900, -119.522500, 31.237000 
55.418300, -119.773300, 26.829000 
52.217300, -112.307300, 70.311000 
56.095100, -113.448600, 299.548000 
50.700700, -111.022200, 72.001000 
50.314700, -111.968400, 24.241000 
50.631500, -111.022200, 51.094000 
52.599300, -113.083800, 20.892000 
52.642900, -113.191800, 20.222000 
52.272000, -114.290200, 65.152800 
54.223000, -113.478600, 65.252000 
53.254000, -113.048200, 102.577000 
53.064800, -110.608900, 21.425000 
51.239700, -115.564600, 30.074000 
50.755100, -112.162300, 65.712000 
51.766200, -111.963700, 78.227000 
52.020900, -112.402800, 42.365000 
50.922300, -112.003700, 85.131000 
55.619600, -119.503300, 64.541000 
55.498300, -119.516700, 26.930000 
53.837900, -113.933100, 96.109000 
55.771100, -119.828100, 42.216000 
50.591500, -111.780300, 80.149000 
50.325800, -110.255600, 88.472000 
50.078300, -110.419700, 23.434000 
53.188700, -115.642200, 206.810000 
51.439000, -112.054500, 76.145000 
51.522600, -113.018200, 41.477000 
51.359000, -112.360100, 125.220000 
51.784500, -113.402700, 65.752000 
51.531300, -113.276300, 305.394000 
51.642600, -113.337700, 524.104000 
53.374300, -114.527900, 151.851000 
53.363200, -114.456300, 21.360000 
50.817000, -113.100200, 116.481000 
50.707900, -113.221600, 20.126000 
50.835100, -112.799000, 52.550000 
51.122600, -112.149500, 46.685000 
51.038600, -111.864000, 67.494000 
51.046200, -112.044500, 25.281000 
51.042300, -111.298100, 20.411000 
49.958300, -111.030000, 50.210000 
50.456800, -110.181600, 36.790000 
50.565900, -110.210200, 98.319000 
50.755100, -110.310200, 25.412000 
53.937900, -116.900400, 29.680000 
53.228700, -115.104400, 83.034000 
54.323400, -115.677500, 107.310000 
54.276200, -115.690000, 18.780000 
54.287000, -115.715300, 3.010000 
51.726200, -114.436000, 54.412000 
51.697300, -114.536800, 118.689000 
54.509700, -110.909900, 165.228000 
52.640400, -113.252100, 87.756000 
52.435700, -113.390400, 680.592000 
55.433300, -116.483200, 72.906000 
52.727800, -113.270100, 57.105000 
52.359300, -114.785700, 91.255000 
51.366200, -112.771200, 30.680000 
51.093400, -112.820100, 111.080000 
52.275700, -114.218800, 26.960000 
52.017300, -113.148800, 49.380000 
51.271400, -112.829200, 29.050000 
51.962900, -113.734300, 24.580000 
51.635400, -112.792600, 50.080000 
51.871800, -112.887600, 67.620000 
51.751800, -113.864600, 40.320000 
52.522800, -116.380000, 37.780000 
52.475700, -111.441400, 24.260000 
52.439300, -110.316400, 39.110000 
51.737300, -112.561700, 69.120000 
54.560100, -113.841100, 23.520000 
55.087300, -113.141000, 38.850000 
54.352600, -110.517800, 25.220000 
56.613100, -112.849000, 300.534000 
58.110400, -118.115600, 90.120000 
56.233200, -113.896400, 110.150000 
55.887600, -112.125700, 22.280000 
55.293900, -112.897500, 22.140000 
55.542000, -113.430800, 55.220000 
55.585700, -112.963500, 37.250000 
55.625700, -114.374200, 38.150000 
55.785900, -112.982900, 26.780000 
56.098700, -111.824500, 20.630000 
58.128400, -118.382100, 32.160000 
55.774800, -113.774700, 30.180000 
55.385700, -113.001600, 99.830000 
49.521900, -112.139500, 21.340000 
49.569200, -112.149200, 33.260000 
50.711900, -111.057400, 29.867000 
54.436100, -118.743800, 46.310000 
53.428700, -116.722200, 23.290000 
54.003300, -118.246500, 26.100000 
52.319200, -115.580000, 22.990000 
53.635900, -116.931800, 47.240000 
52.493600, -115.935000, 109.070000 
51.777300, -113.195400, 21.920000 
50.427600, -112.462300, 47.660000 
50.616800, -112.845300, 28.850000 
50.675000, -113.087500, 38.900000 
55.196500, -112.570400, 37.930000 
53.068700, -110.572200, 23.000000 
52.610400, -114.821800, 359.182000 
50.522300, -111.652300, 33.119000 
52.286500, -114.970800, 26.141000 
56.313200, -111.636200, 113.140000 
50.777100, -113.397000, 62.511000 
50.675000, -113.452200, 118.440000 
52.875700, -110.458600, 40.335000 
54.161300, -117.665100, 140.000000 
52.675900, -110.515800, 35.902000 
54.268900, -111.143600, 154.926000 
57.877200, -119.740900, 165.004000 
49.652800, -111.231900, 24.259000 
52.024500, -112.778700, 24.943000 
52.111800, -112.731200, 59.658000 
53.561500, -116.577900, 44.074000 
53.523200, -114.879200, 44.430000 
56.560600, -119.031700, 92.520000 
53.392300, -115.316900, 63.780000 
53.392300, -115.310800, 2.050000 
52.042900, -114.588800, 479.610000 
53.974300, -114.923900, 33.990000 
52.439300, -114.304600, 129.570000 
52.759300, -115.531900, 146.080000 
49.816400, -112.070100, 16.200000 
52.522900, -111.634000, 17.800000 
49.791100, -112.557000, 12.600000 
49.761900, -113.394800, 25.900000 
50.693200, -113.672900, 67.215000 
51.388100, -110.772500, 59.700000 
51.209800, -113.141000, 24.000000 
52.362900, -113.534900, 50.700000 
50.223900, -113.513800, 9.900000 
50.627800, -111.287500, 144.210000 
50.693100, -111.322200, 195.590000 
53.897900, -116.067500, 87.220000 
52.584630, -114.366953, 299.000000 
52.130100, -110.116900, 3.640000 
54.963600, -117.670700, 326.369400 
52.344800, -114.262400, 36.563100 
54.978300, -117.708800, 37.592000 
52.279300, -114.129100, 25.188300 
52.966800, -111.131600, 56.066000 
50.165900, -110.089100, 100.858000 
52.250100, -115.042200, 45.443000 
54.454400, -119.091700, 57.250000 
53.512300, -115.611900, 23.085000 
52.697500, -116.005000, 24.334000 
54.538100, -119.066400, 37.593000 
55.847500, -111.358600, 35.472000 
54.669000, -110.275600, 82.500000 
55.996800, -110.822600, 51.573000 
59.641800, -118.307800, 89.320000 
54.418100, -116.362000, 170.685000 
52.337200, -114.195300, 39.055000 
54.232500, -116.611500, 129.386000 
54.363300, -116.624000, 67.139000 
54.792900, -115.521700, 207.230000 
53.872500, -116.085000, 42.910000 
54.458200, -115.641400, 20.480000 
53.828700, -115.943300, 290.580000 
54.647300, -115.495800, 16.720000 
58.081200, -117.828800, 79.821000 
51.970000, -110.629400, 86.443000 
55.651200, -116.386000, 146.582000 
51.868200, -110.139700, 132.752000 
53.090400, -115.245000, 79.154000 
53.023200, -114.850900, 83.230000 
53.254000, -114.437900, 284.047000 
52.936200, -114.160900, 43.286000 
52.848900, -114.620300, 96.740000 
52.890400, -114.865000, 118.911000 
55.830300, -116.673400, 46.455000 
52.941600, -114.418200, 105.075000 
59.601800, -117.409700, 26.920000 
56.458600, -119.914300, 48.285000 
52.646500, -111.092500, 84.810000 
53.428700, -115.125800, 21.827000 
58.683300, -118.670000, 141.738000 
58.073200, -118.762000, 160.211000 
52.836500, -110.790500, 43.032000 
58.305400, -118.888000, 141.787000 
50.337100, -111.513600, 30.315000 
53.479400, -115.130800, 128.303000 
51.762600, -110.139700, 263.272000 
52.650400, -115.080800, 231.710000 
51.865400, -110.585600, 73.292000 
57.320900, -118.063600, 72.862000 
53.173900, -114.884600, 140.274000 
57.851600, -119.158100, 271.446000 
50.271200, -110.376900, 20.673100 
50.395000, -110.353900, 94.969900 
50.307500, -110.502500, 178.444100 
50.362200, -110.509100, 27.556300 
50.282400, -110.468900, 123.979900 
50.507600, -110.325200, 50.757000 
50.453200, -110.204700, 28.442200 
50.318700, -111.261700, 211.801700 
50.340400, -111.302000, 210.251500 
50.267600, -111.330600, 327.416800 
53.134000, -115.678900, 156.982000 
53.148700, -115.746100, 97.667000 
52.541200, -115.170800, 42.824200 
52.439300, -115.044700, 33.695100 
52.512000, -115.044700, 75.565200 
52.464700, -115.007500, 51.476500 
52.526400, -115.916900, 33.252300 
52.461400, -114.346900, 150.133900 
52.570100, -114.533200, 61.749300 
53.064700, -116.436900, 120.882200 
52.850300, -116.465800, 142.847900 
53.039400, -116.406400, 335.617300 
53.163100, -117.017800, 142.553400 
52.806800, -114.640400, 62.330100 
52.712000, -114.573800, 121.390200 
57.042500, -111.905000, 56.969500 
51.838900, -114.980700, 23.198000 
51.824000, -110.948800, 71.802000 
52.359400, -113.971400, 42.563000 
53.752300, -117.099300, 134.902000 
57.066200, -118.031700, 24.603000 
50.758700, -111.641500, 111.686000 
51.581600, -113.840400, 38.233000 
50.736800, -113.325700, 126.704000 
52.119200, -115.215400, 75.074000 
55.603900, -119.347800, 140.943000 
52.028200, -114.809600, 26.483000 
52.843100, -115.604700, 71.681000 
52.479300, -114.178200, 102.426000 
52.260900, -114.946900, 21.273000 
50.013100, -112.393100, 49.848000 
51.719000, -112.390100, 104.706000 
52.774000, -114.501000, 10.800000 
52.766800, -114.489100, 50.000000 
49.088900, -112.414800, 18.600000 
54.385300, -118.624900, 118.661600 
53.097500, -113.193900, 76.824600 
54.760100, -113.815800, 157.000000 
58.368300, -118.990000, 206.156000 
58.255700, -119.187300, 27.828000 
58.059200, -118.287500, 40.266000 
57.971400, -118.584100, 43.960000 
50.889400, -114.761800, 225.700000 
51.198900, -114.820200, 21.200000 
51.118600, -114.732700, 27.500000 
49.229200, -114.029100, 1.366000 
49.488900, -113.955100, 157.293000 
52.088200, -115.689400, 75.748000 
51.135900, -114.144900, 94.354000 
51.599900, -115.356900, 148.881000 
51.815100, -115.296600, 175.155000 
51.668100, -115.170400, 23.380000 
53.690700, -115.717500, 41.049000 
52.541400, -115.170800, 44.194000 
52.042800, -114.958800, 154.504000 
49.881900, -112.735100, 51.516000 
52.621200, -112.211500, 35.326000 
53.279500, -111.587000, 689.050000 
53.195900, -111.911200, 73.750000 
52.024500, -112.916300, 59.085000 
52.701200, -112.259500, 173.523000 
55.640300, -119.627000, 43.349000 
53.734200, -118.395600, 496.610000 
52.766700, -116.393000, 409.155400 
54.476300, -119.173900, 50.974000 
54.359700, -119.138900, 27.705000 
55.460400, -112.213500, 70.804000 
56.095100, -118.758700, 173.450000 
55.458300, -119.573900, 25.429000 
55.611700, -112.611600, 101.275000 
54.461800, -111.780100, 167.693000 
54.189000, -112.109800, 82.958000 
53.854300, -117.391200, 216.254000 
55.789500, -112.281800, 33.819000 
56.440600, -119.775700, 52.489000 
55.411100, -118.885600, 167.713000 
54.265300, -116.342000, 259.320000 
54.119800, -116.273100, 271.631000 
54.221800, -116.197900, 21.098000 
53.577900, -116.599000, 31.948000 
53.923400, -116.775900, 24.164000 
53.799800, -116.092200, 305.044000 
53.607000, -116.537300, 21.327000 
54.034500, -117.180900, 95.525000 
54.178700, -117.328400, 225.542000 
53.711900, -117.052500, 64.925000 
53.918400, -117.297000, 80.644000 
54.341400, -116.301500, 53.259000 
54.600800, -116.039000, 55.150000 
56.223300, -119.570800, 267.368000 
52.989300, -114.157900, 130.595000 
55.571800, -112.549600, 61.795000 
55.349000, -112.184100, 86.606000 
52.830300, -116.272200, 232.874000 
53.006700, -116.852800, 82.029800 
53.323600, -116.995400, 89.520400 
52.682300, -114.392900, 40.206000 
52.958200, -114.679900, 49.576000 
52.874300, -110.162700, 80.199000 
52.657700, -110.200000, 21.128000 
55.266800, -112.567900, 154.276000 
56.364200, -119.934300, 222.174000 
55.341700, -118.914200, 119.259000 
55.338100, -118.536700, 189.712000 
50.168300, -112.299800, 65.700000 
50.013100, -112.611500, 165.300000 
50.311700, -112.515100, 30.347000 
50.302500, -112.390600, 43.604000 
50.060300, -112.299800, 20.612000 
50.214700, -112.367800, 80.860000 
56.851800, -115.208100, 34.849000 
52.788400, -112.489800, 92.344000 
52.031800, -112.629500, 141.291500 
55.070800, -118.695000, 60.000000 
55.194800, -111.486700, 21.000000 
53.170400, -115.177800, 23.400000 
55.736000, -119.076000, 23.082000 
53.847000, -114.619400, 128.404000 
53.484800, -115.607600, 142.863000 
53.385100, -115.612800, 222.641000 
53.290400, -115.831900, 96.109000 
52.180900, -113.083200, 125.587000 
55.058700, -111.895500, 59.513000 
55.382000, -111.760100, 104.480000 
55.120000, -111.688300, 35.995000 
54.359800, -110.285900, 21.701000 
54.348990, -110.766800, 52.143000 
55.174800, -112.281000, 40.355000 
54.367200, -110.503100, 30.666000 
54.224660, -110.514600, 60.077000 
54.465400, -113.221600, 39.799000 
54.162360, -115.733900, 308.173000 
54.109000, -117.137900, 73.867800 
53.745000, -114.220600, 72.560000 
50.398600, -112.847300, 47.800000 
52.162900, -114.851300, 32.143000 
50.176700, -110.442700, 95.365000 
55.072800, -116.975700, 56.837000 
52.759300, -114.107100, 233.497000 
53.483200, -112.906800, 114.570000 
51.708200, -111.780100, 25.496600 
51.828200, -111.774200, 430.483400 
52.333700, -112.806800, 25.429500 
51.711800, -110.862200, 39.099100 
51.686200, -110.737700, 60.723900 
51.686200, -110.666900, 135.545900 
51.642600, -110.560200, 39.809800 
51.701600, -110.633900, 39.314700 
51.689800, -110.761600, 38.883500 
49.823900, -112.432300, 73.962200 
53.017600, -114.370700, 35.285000 
56.218700, -116.251300, 261.844000 
56.070600, -119.960500, 57.084000 
54.145400, -115.815500, 254.609000 
54.061800, -117.447300, 27.733000 
54.105400, -117.526500, 359.260000 
54.858100, -119.770600, 27.375000 
51.828200, -114.347400, 215.150000 
54.225300, -118.305200, 78.752000 
53.952600, -117.559000, 168.706000 
56.007600, -113.343900, 25.032000 
52.755700, -110.228000, 29.110000 
50.096700, -113.596300, 25.229000 
52.333700, -112.885200, 77.069000 
52.337300, -112.885200, 20.106000 
56.007600, -113.402800, 98.466000 
54.054200, -118.308700, 218.230000 
53.697900, -117.153700, 62.552000 
51.559000, -112.471500, 31.260000 
53.977900, -116.751200, 143.800000 
50.744200, -110.130000, 32.556000 
50.896900, -110.633600, 41.930000 
50.824200, -110.859400, 51.399000 
49.972800, -110.755600, 46.749000 
50.084400, -110.607000, 330.419000 
49.988300, -110.914000, 37.376000 
50.022400, -110.743000, 48.676000 
50.093100, -110.732800, 244.182000 
50.136700, -110.732800, 34.081000 
50.533100, -112.444200, 157.862000 
56.330380, -119.243490, 149.306000 
53.590480, -116.172680, 54.112000 
50.784300, -110.836900, 66.210000 
51.009610, -110.752190, 72.480000 
50.187500, -112.153400, 32.960000 
51.984500, -112.784800, 49.750000 
52.050000, -110.420600, 68.738000 
51.580900, -112.977000, 22.447000 
51.599000, -113.029900, 36.149000 
51.624500, -112.952600, 142.994000 
51.700900, -112.852000, 91.898000 
51.515400, -112.953400, 24.483000 
52.555700, -114.449100, 124.654000 
52.541200, -114.322700, 31.028000 
52.537600, -114.292700, 32.145000 
55.251100, -119.426100, 21.616000 
52.759300, -114.125200, 185.041000 
50.712300, -111.062700, 59.700000 
52.543100, -114.280500, 31.011000 
52.384800, -114.382900, 27.968000 
52.468400, -114.328800, 23.692000 
52.028200, -113.572700, 27.611000 
51.973700, -113.572700, 34.603000 
51.930100, -113.538800, 71.873000 
52.035400, -113.614300, 98.606000 
55.367500, -119.220300, 50.516000 
52.915900, -114.006000, 33.134000 
52.944800, -114.264600, 34.195000 
51.559000, -112.612600, 75.305000 
51.795400, -113.456000, 33.065000 
51.813700, -113.621800, 122.737000 
54.956400, -119.783300, 76.333000 
54.174300, -110.555300, 24.071000 
53.039400, -110.895300, 55.149000 
53.779500, -118.486200, 44.780000 
53.958000, -118.772800, 27.077000 
56.271846, -111.498890, 159.962000 
56.888200, -114.536100, 34.450000 
55.523900, -119.380300, 72.971000 
52.726800, -114.537400, 43.691000 
54.312600, -113.263200, 49.707000 
50.675000, -110.031700, 46.970000 
53.767000, -117.497000, 358.126300 
52.492800, -115.295100, 102.470000 
50.097100, -112.361800, 24.997000 
54.372300, -118.521700, 55.018000 
54.445300, -118.607600, 64.927000 
55.041200, -110.577800, 57.215000 
53.578344, -115.855642, 62.666000 
51.428200, -113.458800, 23.943000 
52.857600, -115.513900, 45.104000 
51.286200, -113.200200, 52.759000 
55.876800, -111.326700, 33.976000 
51.049800, -113.659900, 26.359000 
52.435700, -110.364700, 32.409000 
51.399000, -112.683100, 132.075000 
51.879000, -112.792600, 43.347000 
51.784500, -113.532900, 28.376000 
50.777000, -111.751500, 24.657000 
53.857900, -113.397400, 94.132000 
50.860700, -110.229100, 22.843000 
51.049800, -112.126200, 25.774000 
51.359000, -112.418700, 27.080000 
51.668100, -113.615000, 26.138000 
52.210100, -114.302100, 20.097700 
52.177300, -114.296300, 53.669400 
52.213700, -114.308200, 192.169700 
51.569700, -114.985200, 25.130000 
50.576800, -113.071200, 25.990000 
50.555100, -112.623100, 26.370000 
52.890400, -114.246600, 25.498000 
56.506100, -119.432000, 99.685000 
52.942400, -113.511100, 142.949700 
52.086500, -112.754800, 31.900000 
52.199300, -114.475200, 25.210600 
51.900900, -111.608400, 230.983200 
51.624500, -111.863100, 71.008000 
52.384800, -114.539300, 92.481800 
52.290100, -112.963800, 26.250000 
54.243300, -116.899800, 79.001000 
51.741700, -112.469200, 72.416000 
54.101800, -116.799500, 94.819000 
53.484800, -115.607600, 25.774000 
52.973900, -116.872200, 88.752400 
54.166900, -118.486900, 50.603000 
51.489800, -112.888700, 25.700000 
56.121200, -115.994600, 32.796000 
50.831400, -110.865000, 20.747000 
52.060900, -113.888800, 29.230000 
53.847000, -113.981600, 0.400000 
54.668900, -117.651600, 38.846000 
51.086100, -114.767700, 24.600000 
53.374300, -111.809800, 59.085000 
53.363200, -112.039500, 73.860000 
51.671700, -112.507500, 39.882000 
52.039300, -112.987700, 39.882000 
53.134000, -111.850100, 20.890000 
57.217500, -110.895000, 1856.346200 
53.454300, -117.159800, 30.799000 
52.661200, -110.496900, 23.786000 
50.556100, -114.236300, 29.063000 
54.301700, -118.649900, 290.395000 
53.890700, -117.465900, 22.134000 
52.020900, -112.665300, 27.050000 
56.666700, -111.345100, 493.000000 
56.055100, -115.366500, 26.003000 
53.486800, -114.330700, 37.350000 
52.875700, -111.422500, 38.700000 
52.875700, -111.483300, 52.970000 
54.506800, -116.789100, 115.059000 
51.176500, -114.194900, 27.783600 
50.184300, -110.508300, 65.458000 
52.224800, -113.025700, 23.393000 
53.558600, -113.368000, 126.000000 
55.835800, -114.697100, 86.213000 
55.725100, -119.399500, 23.341000 
51.948100, -113.711300, 40.140000 
52.555900, -113.042600, 14.635000 
51.727500, -113.819000, 26.830000 
52.401200, -113.100700, 26.870000 
52.604900, -113.196300, 31.758000 
53.885300, -117.178700, 341.824000 
58.716000, -119.708200, 79.665000 
52.112000, -112.648500, 21.560000 
57.382700, -118.979400, 77.805000 
53.154100, -116.460300, 29.389000 
55.965300, -119.935100, 29.942000 
52.776000, -112.909800, 63.934000 
50.993800, -113.990000, 23.908000 
54.786900, -119.942200, 27.100000 
55.201500, -119.881400, 163.002000 
54.394600, -113.504300, 60.215000 
50.393900, -111.701000, 48.232000 
51.505300, -112.475000, 31.260000 
50.086100, -110.485500, 62.825000 
52.725100, -113.169500, 16.720000 
52.761600, -113.133400, 9.070000 
53.477900, -116.124000, 144.329000 
55.434200, -114.550000, 41.041000 
57.211800, -118.010800, 45.890000 
54.897400, -119.115000, 21.572000 
53.141500, -110.581100, 22.975000 
53.145100, -110.623800, 23.069000 
53.134300, -110.587100, 23.508000 
53.134300, -110.635900, 22.880000 
53.156000, -110.660300, 27.807000 
53.137900, -110.654200, 27.712000 
53.145100, -110.642200, 22.880000 
53.155900, -110.598100, 22.814000 
53.156000, -110.638400, 35.310000 
53.156000, -110.615800, 22.880000 
53.156900, -110.605500, 22.880000 
53.149700, -110.624100, 27.618000 
53.134300, -110.642200, 22.880000 
54.438200, -119.676100, 32.460000 
53.834000, -117.912400, 51.695000 
54.938500, -119.446500, 144.870000 
51.484500, -110.414400, 99.036000 
55.733200, -118.998900, 157.879000 
53.914400, -117.573700, 696.799300 
53.987100, -117.351500, 755.748500 
53.539800, -113.397000, 1.500000 
51.411700, -113.285800, 63.925000 
50.442900, -111.857300, 105.971000 
51.280800, -112.818900, 54.993000 
55.460700, -119.982500, 34.144000 
54.172300, -118.334400, 23.509000 
52.648500, -114.376400, 33.541000 
52.734900, -114.347100, 86.532000 
51.557200, -113.402600, 26.419000 
50.683000, -111.548000, 145.927000 
55.320300, -118.762000, 74.523000 
52.841500, -116.035500, 81.750000 
50.624800, -111.588500, 43.930000 
52.867000, -116.253100, 64.160000 
51.993700, -113.123700, 38.720000 
51.865500, -112.954700, 43.300000 
52.095600, -113.147400, 29.350000 
54.199700, -119.263700, 20.720000 
49.119100, -113.761500, 403.744000 
55.193600, -113.035100, 40.916000 
50.723300, -112.789100, 36.163000 
50.326300, -110.328500, 103.374700 
50.468200, -110.322500, 96.995500 
53.023200, -116.899000, 204.463800 
53.430200, -117.118100, 54.236600 
52.936200, -116.748600, 46.102300 
53.125000, -116.881000, 122.612100 
52.968900, -116.688300, 247.732400 
52.867000, -116.549200, 132.740300 
53.026800, -116.679700, 31.147400 
53.143200, -116.923400, 53.399100 
52.943400, -116.742600, 149.880000 
53.114200, -115.698700, 89.227000 
50.155700, -114.453300, 152.669800 
54.423700, -119.349700, 38.448000 
50.887900, -110.385200, 94.895000 
52.765200, -114.335000, 47.076000 
54.830200, -118.652600, 28.505200 
50.486700, -112.917000, 94.356000 
52.747200, -114.415600, 7.330000 
52.546700, -115.260600, 44.145000 
53.703000, -117.234900, 118.469000 
52.094000, -114.737100, 35.610000 
58.781600, -118.602700, 160.782000 
53.332400, -111.451000, 24.410000 
53.245100, -111.596700, 46.270000 
53.303300, -111.451000, 66.471000 
53.230500, -111.863900, 42.837000 
53.376000, -111.830200, 42.837000 
53.870700, -116.166400, 203.407000 
52.503000, -113.435200, 49.152400 
52.481500, -113.419000, 46.324300 
56.486500, -114.120400, 65.000000 
54.452300, -114.874300, 41.655000 
54.353900, -114.811100, 28.049000 
53.928900, -111.623300, 99.333000 
52.764900, -114.957500, 293.922000 
52.941200, -118.043000, 216.062000 
58.695200, -114.005000, 28.559000 
57.546100, -119.106200, 134.445000 
57.066400, -118.029400, 84.930000 
55.714000, -115.898300, 41.798000 
53.175900, -115.271100, 175.841000 
55.160200, -118.818400, 220.666500 
53.707700, -116.435600, 27.085000 
50.187900, -112.225200, 61.207000 
53.559400, -113.347200, 231.000000 
56.850000, -119.836900, 84.084000 
54.148900, -118.794300, 24.548500 
53.571500, -117.045300, 373.543600 
53.778400, -116.536100, 21.739800 
55.392400, -119.134800, 28.836000 
56.473900, -119.722200, 27.512000 
56.623600, -119.913600, 41.091000 
55.160300, -116.162000, 48.509000 
50.701400, -111.554300, 23.300000 
52.301300, -111.383000, 21.624000 
52.352200, -113.222800, 31.333000 
51.570600, -113.688200, 121.100000 
51.680100, -113.935100, 50.100000 
51.723600, -113.616200, 78.520000 
51.770800, -113.622100, 293.400000 
59.072200, -118.502300, 25.324000 
52.408900, -114.417900, 63.859000 
55.698600, -119.715100, 25.912000 
52.361000, -113.819400, 2.308000 
52.549200, -113.840800, 9.430000 
49.720000, -113.500300, 6.076000 
53.599500, -111.416200, 5.243000 
54.728000, -113.211400, 60.495000 
52.639100, -113.102700, 70.402000 
54.215900, -117.410600, 58.039000 
51.639700, -110.089700, 22.993000 
54.379500, -117.210700, 184.848000 
54.714300, -118.670000, 51.417000 
52.337500, -113.042500, 98.171000 
54.430700, -118.651400, 22.180000 
49.011900, -111.466800, 28.042000 
51.597800, -110.472400, 44.892000 
53.666400, -117.259600, 94.916000 
55.819800, -119.132600, 24.211000 
52.921600, -113.828400, 107.650000 
52.097500, -112.501900, 21.318000 
52.162900, -112.573300, 29.687000 
56.000000, -119.000000, 21.814000 
52.111900, -112.311300, 66.125000 
52.867000, -114.045900, 62.947000 
52.630400, -114.346500, 51.543000 
54.040000, -114.130000, 3.000000 
54.455100, -111.092200, 22.441000 
56.482100, -117.963100, 88.779000 
52.295900, -115.146700, 28.252000 
52.530400, -112.934800, 21.786000 
52.240800, -114.909200, 20.707000 
50.973600, -112.711700, 102.760000 
53.936200, -113.499600, 1.100000 
53.753700, -114.443000, 20.730000 
51.625300, -111.195200, 55.960000 
51.600900, -111.231500, 119.160000 
50.866100, -113.650500, 23.664000 
56.584400, -119.410600, 65.398000 
50.393200, -113.828900, 57.803000 
51.557200, -113.110700, 29.330000 
53.652500, -115.989400, 145.025000 
51.177800, -112.060300, 41.749000 
52.525000, -115.173800, 27.043000 
51.716900, -112.761700, 35.221000 
51.578500, -112.916200, 42.008000 
51.712500, -112.896000, 24.449000 
51.526700, -112.959600, 32.469000 
53.735600, -115.701500, 46.034000 
53.721200, -115.769900, 31.252000 
49.959800, -113.546000, 38.351000 
55.028500, -119.991300, 20.612000 
55.128700, -119.714600, 31.448000 
55.017200, -119.840600, 22.053000 
54.979700, -119.637200, 26.935000 
54.030100, -117.008300, 23.729000 
52.459500, -114.304600, 35.058000 
52.681500, -113.121100, 33.680000 
56.620800, -119.463600, 21.393000 
58.686900, -118.870200, 32.631000 
52.441300, -115.281800, 173.532000 
54.055700, -117.243900, 358.263200 
53.761100, -117.349200, 334.405500 
53.655600, -117.081700, 963.840800 
52.581500, -113.048400, 104.489000 
50.838100, -112.396300, 22.434000 
50.873300, -112.446000, 22.750000 
50.501000, -112.223700, 44.048000 
51.027600, -112.360200, 24.252000 
51.017900, -112.478800, 48.717000 
51.727200, -113.196900, 45.332000 
51.137900, -112.752200, 22.208000 
55.311000, -119.932400, 65.024000 
51.319600, -113.717600, 30.762000 
51.385000, -113.729000, 24.898000 
50.915860, -112.390800, 23.086000 
54.171000, -118.334400, 86.396000 
50.846800, -112.165700, 24.003000 
51.901800, -112.925200, 28.942000 
50.964000, -112.866300, 26.694000 
50.485300, -111.171600, 118.231000 
50.448100, -110.574400, 67.438000 
51.989100, -113.452300, 94.918000 
50.485300, -111.449700, 383.258000 
51.294100, -112.668100, 34.736000 
55.373190, -114.747800, 27.747000 
53.745100, -113.235600, 8.037000 
52.808600, -115.270700, 23.749000 
50.626000, -111.626900, 52.287000 
50.837800, -110.928500, 25.830000 
55.071100, -119.032100, 60.085000 
53.596200, -113.332100, 56.910000 
50.221100, -113.501200, 27.125000 
54.379500, -117.160500, 192.300000 
52.583200, -114.946100, 152.778000 
54.342700, -110.328700, 317.017300 
54.769600, -111.904600, 25.006000 
54.128600, -116.928000, 34.450000 
53.325100, -111.681700, 48.440000 
53.266900, -111.912400, 122.725000 
53.463300, -111.903700, 134.148000 
53.477900, -111.936300, 265.616000 
53.528800, -111.964900, 23.757000 
53.427000, -112.075100, 117.110000 
53.858600, -112.279100, 23.538000 
54.197700, -116.761000, 592.429000 
54.573200, -114.116600, 47.813000 
55.743000, -114.147400, 117.272000 
56.528200, -114.071600, 57.543000 
56.524400, -113.464600, 196.142000 
53.812800, -110.003500, 26.110000 
50.423400, -112.788800, 105.000000 
49.904200, -111.332400, 91.380000 
54.248700, -115.685800, 1.750000 
54.285000, -115.698200, 354.120000 
51.774500, -113.090500, 0.010000 
51.673600, -113.123000, 58.150000 
51.760400, -114.105100, 7.550000 
51.862400, -114.128700, 27.190000 
51.618300, -114.075000, 57.480000 
51.669000, -113.208600, 14.080000 
51.727700, -114.087300, 85.620000 
51.742300, -114.122900, 11.500000 
51.465100, -113.559100, 29.260000 
51.465100, -113.512200, 12.330000 
51.730800, -113.155500, 112.320000 
51.694400, -113.214400, 77.810000 
53.036000, -116.221100, 119.002500 
53.196100, -116.948000, 44.892600 
50.247400, -110.510300, 30.921700 
50.290800, -110.486300, 24.757000 
53.768300, -116.915400, 175.845000 
53.761100, -117.367500, 100.734000 
52.124700, -113.677200, 29.900000 
52.223000, -113.659300, 23.900000 
51.787100, -113.335700, 33.900000 
52.790600, -114.549600, 11.500000 
51.547300, -115.065400, 45.988000 
51.487000, -112.516100, 23.994000 
53.034200, -115.290800, 65.720000 
56.256700, -119.626500, 37.872000 
52.277500, -112.862900, 22.434000 
54.175700, -119.534400, 73.995000 
53.870300, -117.088800, 22.117000 
51.651800, -112.723100, 28.570000 
54.387300, -114.753100, 49.047000 
51.848200, -113.758200, 76.437000 
54.623400, -118.192200, 41.851000 
54.525100, -116.796200, 30.526000 
54.125100, -116.816700, 690.643000 
51.319500, -112.737600, 25.481000 
52.641400, -115.125800, 30.133000 
52.583000, -113.734000, 72.546000 
52.579300, -113.513500, 26.000000 
52.868700, -113.142400, 32.000000 
51.157600, -114.191600, 618.792000 
53.678600, -113.804600, 2.627000 
53.007200, -117.327200, 1.767500 
55.684500, -111.011500, 22.561000 
55.998000, -118.532200, 894.482000 
54.863300, -119.001700, 77.643000 
54.352100, -119.460100, 29.174000 
54.306200, -110.558500, 23.577000 
54.029600, -110.788100, 31.475000 
52.148200, -112.786300, 24.174000 
52.410100, -112.969700, 29.957000 
51.814300, -113.763000, 46.840000 
52.253700, -113.024300, 24.705000 
49.958600, -113.543700, 99.647000 
52.096300, -112.701200, 10.087000 
51.767000, -113.703800, 28.460000 
57.347300, -119.552100, 83.721000 
53.066800, -115.412200, 106.172600 
51.876300, -111.732700, 22.864200 
52.102500, -114.390500, 20.283000 
51.887800, -114.647300, 78.651000 
51.924200, -114.789000, 47.777000 
54.735000, -119.046500, 58.740000 
54.811600, -118.871600, 12.608000 
54.479100, -119.749800, 30.398000 
55.844600, -111.091400, 30.928000 
52.907200, -114.113400, 31.145000 
52.301200, -113.160700, 20.134000 
54.416700, -118.735900, 47.005000 
52.960600, -115.259800, 67.587000 
54.736300, -119.010500, 31.047000 
52.830800, -115.141000, 87.950000 
54.154200, -117.560400, 56.391000 
52.335800, -114.346500, 33.367000 
53.194200, -115.333000, 39.197000 
52.773600, -115.590400, 23.230000 
55.000700, -119.237900, 46.843000 
54.752100, -119.602200, 92.067000 
55.026500, -119.139400, 31.047000 
53.032100, -111.245100, 33.656000 
56.193600, -110.950600, 196.047000 
53.348000, -115.995300, 103.598000 
54.855200, -119.569100, 25.045000 
51.043300, -111.414800, 30.212000 
55.336900, -119.167900, 23.376000 
52.908200, -115.080000, 32.750000 
53.778700, -116.000600, 29.191000 
54.665400, -119.026200, 79.893000 
54.608900, -119.016700, 25.486000 
53.066800, -116.058300, 23.635000 
52.818900, -115.629100, 28.360000 
53.166800, -111.525500, 35.105000 
53.913800, -115.868900, 26.897000 
52.983400, -111.319100, 21.277000 
54.146800, -116.685600, 25.060000 
54.670700, -119.218300, 37.537000 
50.348300, -112.905400, 21.334000 
54.715300, -119.505100, 39.045000 
54.712300, -119.655600, 31.047000 
53.085700, -116.114600, 24.411000 
54.758000, -119.580200, 25.090000 
52.954900, -115.013400, 54.481000 
52.400900, -114.406300, 21.249000 
54.643700, -119.376800, 52.322000 
54.803700, -118.976400, 20.917000 
55.052400, -119.453000, 37.548000 
54.833700, -119.425700, 98.779000 
52.552400, -112.880800, 19.260000 
52.342200, -112.764800, 171.980000 
50.395500, -112.521600, 57.738000 
52.674300, -113.985300, 283.090000 
54.501400, -111.070200, 24.826000 
54.428700, -110.987500, 94.406000 
54.497000, -111.021700, 44.213000 
51.912900, -113.627900, 56.756000 
54.506100, -111.058000, 28.649000 
55.527900, -110.873800, 438.380000 
54.226800, -118.628100, 129.035000 
52.494100, -113.324500, 37.269000 
52.613600, -114.451100, 29.780000 
55.148500, -110.723000, 21.105000 
55.787200, -119.623500, 73.325000 
51.348700, -113.658600, 37.717000 
51.057000, -113.703900, 117.648000 
51.348700, -113.031900, 20.316000 
51.396700, -113.016600, 123.204000 
51.308800, -113.341700, 33.337000 
52.621400, -113.684400, 54.406000 
52.053800, -113.251900, 26.437000 
55.692200, -119.529200, 80.237000 
52.372100, -115.060000, 31.740000 
54.416100, -118.286600, 53.956000 
56.415500, -116.896700, 27.619000 
55.666400, -110.714000, 75.979000 
52.777600, -110.873200, 54.066000 
56.411700, -110.937600, 2178.857000 
54.856700, -119.333400, 25.209000 
53.623400, -116.858600, 59.180000 
53.019700, -112.193800, 219.939000 
55.233400, -115.069700, 128.290000 
51.786500, -113.399100, 166.440000 
55.234400, -115.069100, 45.580000 
52.112000, -112.984200, 0.130000 
53.280400, -114.773900, 76.110000 
51.857400, -114.986700, 55.900000 
52.013800, -110.150800, 118.348000 
53.280300, -114.773800, 42.647000 
53.193900, -115.291900, 270.468000 
57.884300, -118.604400, 145.259000 
53.054200, -114.935400, 264.096000 
55.775800, -119.122000, 51.416000 
56.285900, -116.153100, 43.484000 
53.026800, -116.009000, 30.754000 
50.741200, -112.189000, 53.594000 
52.862900, -110.988100, 23.322000 
51.970400, -114.303000, 69.948000 
57.187100, -117.994000, 130.004000 
52.697300, -111.200700, 210.578000 
52.047700, -113.673500, 111.214000 
53.256100, -114.437200, 39.548000 
57.666100, -119.185500, 129.349000 
52.594100, -114.879300, 355.058000 
51.898100, -113.567200, 65.800000 
50.235000, -110.391000, 102.971700 
54.198900, -119.052900, 68.676300 
56.173100, -116.199000, 144.916000 
54.323000, -110.250000, 63.677000 
51.118200, -114.555800, 26.700000 
54.656560, -119.915230, 123.236100 
51.949200, -112.754100, 39.397800 
54.324500, -119.815800, 22.706000 
52.436100, -112.234300, 43.000000 
57.486000, -113.793600, 125.578000 
56.039100, -114.139200, 56.715000 
53.975700, -117.287500, 58.307000 
53.862200, -111.637100, 104.896000 
55.397800, -119.592300, 36.713000 
54.419600, -117.293100, 155.275000 
51.716800, -114.642400, 174.020000 
51.691300, -114.477100, 26.322000 
55.608800, -118.003600, 29.980000 
55.640500, -117.119300, 55.310000 
53.791200, -114.612900, 36.900000 
55.489500, -118.325200, 82.670000 
55.201800, -117.914900, 32.650000 
55.848200, -111.961800, 42.260000 
52.884000, -111.721700, 42.500000 
51.718700, -111.472200, 25.530000 
52.483800, -114.282200, 25.036000 
53.391700, -115.151300, 23.101000 
52.257500, -113.162600, 16.899000 
52.299900, -113.046100, 22.628000 
52.144900, -113.180500, 40.215000 
57.197200, -118.822400, 41.523000 
53.169700, -115.111700, 58.320700 
52.765200, -112.679800, 26.383900 
53.190400, -115.223500, 269.618200 
55.335100, -118.482400, 37.171000 
55.923900, -119.976500, 26.335000 
49.410600, -110.620600, 22.920000 
57.357200, -119.466900, 70.724000 
52.608600, -114.724200, 253.559000 
52.255300, -115.039900, 92.140000 
53.957400, -116.720600, 124.274000 
51.854600, -113.119900, 36.000000 
53.499200, -116.805300, 215.250000 
54.612700, -118.213800, 312.587000 
55.645600, -119.436200, 43.512000 
53.870700, -111.379700, 32.498000 
54.234200, -111.691400, 44.320000 
54.760400, -113.959500, 77.927000 
53.540300, -111.784400, 21.686000 
50.289900, -113.394900, 26.585000 
49.696800, -114.201400, 41.624000 
50.876100, -113.686900, 36.984000 
56.113500, -111.829300, 169.407000 
51.650800, -113.008000, 31.028000 
53.048700, -115.077200, 43.571000 
52.042900, -113.579100, 32.166000 
52.758000, -114.107400, 466.446000 
53.107500, -116.763500, 153.218000 
52.670700, -111.954000, 22.230000 
51.984700, -113.311200, 31.025000 
53.075900, -111.488800, 20.545000 
53.106500, -111.564300, 21.987000 
54.986500, -119.647300, 32.443000 
53.166800, -111.659400, 22.974000 
51.959900, -113.562700, 31.028000 
52.950900, -115.104400, 75.890000 
54.054300, -117.165300, 22.500000 
54.856100, -119.688000, 20.663000 
54.724800, -119.092900, 38.025000 
52.983900, -115.025700, 71.496000 
50.028400, -113.624100, 49.099000 
55.286400, -119.178100, 37.287000 
54.699800, -119.048100, 20.663000 
54.033000, -117.758100, 32.570000 
51.934500, -113.332500, 62.057000 
53.450100, -116.033600, 101.325000 
51.879900, -113.362300, 62.057000 
52.530400, -112.910800, 47.600000 
52.399400, -112.868800, 131.660000 
52.490300, -112.964700, 22.040000 
52.754200, -113.127400, 47.780000 
50.442800, -111.519600, 59.528000 
53.608500, -115.435600, 40.865000 
52.568700, -114.796200, 212.346000 
54.061900, -117.748000, 28.017000 
52.261800, -113.086100, 29.913000 
51.999300, -112.603300, 28.560000 
55.814200, -119.679600, 27.291000 
54.302500, -118.644200, 79.767000 
56.177100, -113.058200, 54.007000 
55.073200, -111.222700, 29.039000 
49.951400, -112.708700, 33.663000 
52.017400, -113.424300, 36.304000 
50.445300, -112.120700, 25.022000 
54.886000, -110.466200, 42.183000 
54.975300, -110.354200, 44.386000 
54.062900, -117.782600, 40.402000 
54.830600, -119.662600, 137.621000 
52.302950, -112.081110, 45.888000 
56.063500, -118.088400, 29.460000 
55.346900, -114.030900, 55.938000 
53.081400, -115.570800, 55.149000 
54.148900, -113.988200, 25.520000 
55.281300, -114.425500, 23.460000 
58.439800, -119.154600, 56.060000 
50.861800, -114.767700, 34.890000 
55.748500, -112.560200, 89.550000 
55.022900, -118.573300, 85.105000 
53.713400, -110.746600, 35.134000 
52.968900, -115.872200, 20.060000 
53.044900, -115.985100, 348.330000 
51.468700, -112.533400, 48.671000 
52.732500, -115.225500, 95.640100 
53.653100, -116.834200, 20.150000 
56.615200, -112.846300, 20.340000 
53.935700, -116.042300, 79.390000 
54.274200, -115.673200, 2.060000 
51.814500, -113.456700, 14.110000 
52.283000, -113.222200, 9.020000 
52.137500, -113.150800, 37.710000 
52.397600, -114.352400, 72.651000 
54.830600, -118.810700, 129.754000 
55.008800, -118.639200, 24.639900 
54.541100, -118.179200, 218.070000 
54.241500, -117.291600, 88.468200 
53.957500, -117.076600, 191.250100 
53.855600, -116.983600, 334.875800 
53.647500, -113.622100, 28.892000 
53.499300, -117.155100, 28.777000 
54.154200, -117.222800, 30.033000 
53.706600, -117.241000, 99.678000 
49.499600, -111.012000, 22.056000 
52.707000, -115.443100, 205.188000 
53.728000, -114.630900, 49.764000 
54.346700, -114.898500, 45.629000 
54.248500, -114.730000, 79.745000 
51.074900, -114.138700, 37.144000 
53.644800, -116.129800, 33.995200 
49.070100, -111.433600, 49.410000 
57.286600, -111.599500, 216.837000 
57.335400, -111.755600, 1115.378000 
55.554100, -119.755400, 81.351000 
54.120600, -116.996700, 21.819000 
54.048600, -110.971200, 21.045000 
52.734200, -114.625500, 131.960000 
53.138800, -114.649700, 34.575000 
51.629100, -114.243600, 92.528000 
52.341400, -113.276800, 127.476000 
58.768400, -111.098300, 123.727000 
53.892600, -113.388500, 109.841100 
55.889400, -119.958400, 111.813000 
52.677700, -114.003800, 37.842000 
52.563100, -115.077200, 181.079000 
52.673800, -114.045000, 28.076000 
54.493400, -119.890600, 44.410000 
54.568700, -118.398900, 30.361000 
55.177200, -114.244100, 82.535000 
50.048800, -112.035200, 31.168000 
54.146700, -116.123100, 58.991000 
53.587400, -113.364700, 95.410000 
55.087700, -110.778000, 32.624000 
54.955100, -110.488800, 31.742000 
55.150000, -110.637900, 34.569000 
56.115700, -119.262100, 105.870000 
50.079800, -110.790300, 1.529000 
53.517100, -116.404000, 18.894000 
51.075900, -111.455700, 36.879000 
51.163900, -112.084400, 25.539000 
51.319500, -111.089500, 37.758000 
52.925800, -115.104400, 33.222000 
52.530100, -114.511100, 49.106000 
54.133900, -115.759500, 27.519000 
51.872800, -113.363800, 20.457000 
54.015600, -116.965100, 62.887000 
53.110600, -116.223100, 34.394000 
54.200500, -117.369000, 42.387000 
54.229400, -117.589200, 62.327000 
52.968900, -115.872400, 23.219000 
54.883700, -119.542700, 34.970000 
54.759400, -119.606800, 33.222000 
54.714400, -119.791700, 24.215000 
55.340500, -119.218500, 49.770600 
54.517900, -118.488000, 51.007000 
53.659800, -116.650500, 393.654000 
53.190600, -115.528900, 27.251000 
53.982800, -116.734200, 39.930000 
54.488200, -111.018000, 21.281000 
54.462100, -110.820700, 23.180000 
54.517800, -110.817900, 29.515000 
54.492900, -111.069300, 22.087000 
54.491200, -111.041400, 20.406000 
54.447600, -110.820700, 20.247000 
54.515500, -111.014800, 33.328000 
54.502900, -110.909700, 24.611000 
54.520300, -111.053800, 23.226000 
54.516600, -111.047600, 29.870000 
52.563000, -112.952700, 41.926000 
52.139300, -112.941700, 33.980000 
52.032600, -113.030700, 49.362000 
52.015800, -113.028500, 53.792000 
51.980200, -113.005700, 41.135000 
51.254100, -112.988400, 58.038000 
50.854000, -112.275400, 27.078000 
55.765000, -119.574200, 44.679000 
51.399400, -114.004900, 55.931000 
51.531100, -113.276200, 24.285000 
51.637700, -113.430800, 77.917000 
51.642400, -113.334300, 45.237000 
55.864300, -117.035000, 21.060000 
56.151600, -117.919500, 34.360000 
54.006600, -119.105500, 2361.206000 
53.248700, -115.388000, 21.878000 
55.056600, -118.766200, 126.629000 
55.729100, -112.098000, 53.249000 
51.165500, -114.222000, 22.654600 
53.372200, -113.771800, 30.380000 
53.728400, -115.602500, 125.451000 
51.465100, -112.516000, 79.531500 
51.530200, -112.136700, 59.102300 
51.266400, -111.044600, 25.844000 
51.188700, -110.490400, 22.545000 
54.743500, -119.073300, 42.865000 
54.702200, -118.777800, 39.459000 
54.760400, -118.889100, 24.293000 
53.110700, -115.205400, 29.008000 
51.815600, -112.455500, 204.065000 
54.503700, -115.487800, 39.240000 
51.902400, -114.341300, 22.150000 
51.491800, -113.542600, 17.610000 
52.887100, -111.020600, 30.619000 
53.433700, -115.988400, 29.935000 
52.706800, -112.747100, 49.108900 
55.395900, -118.878200, 25.431400 
52.888600, -113.788000, 61.735000 
52.618800, -112.147700, 34.705000 
51.993100, -113.045100, 28.065000 
50.185900, -114.523500, 24.250500 
54.189400, -117.367300, 57.580000 
55.604800, -119.341100, 57.089000 
51.581700, -113.838000, 28.656000 
51.929000, -112.774100, 20.286000 
54.445700, -117.688400, 51.588000 
52.723200, -115.493000, 24.785000 
53.711500, -114.674100, 20.960000 
52.757100, -113.932900, 265.010000 
52.711800, -114.447800, 46.537000 
52.713500, -113.949500, 41.279000 
56.584100, -118.286700, 98.911000 
53.944600, -116.674600, 95.588000 
54.567900, -111.092800, 24.123000 
53.052200, -113.691100, 31.363000 
51.219100, -114.640500, 204.239000 
52.695900, -113.296600, 40.176000 
50.627500, -113.610200, 35.143000 
54.745800, -119.467890, 55.860000 
58.283645, -119.049938, 26.826000 
51.396470, -114.028139, 146.806000 
51.873213, -114.990595, 58.444000 
54.038800, -116.618400, 25.462000 
54.194130, -116.985507, 22.212000 
54.055670, -117.187925, 27.584000 
53.580400, -112.049500, 138.567000 
51.855153, -114.748583, 93.071000 
52.703757, -114.572462, 24.619000 
54.110410, -117.529300, 22.256000 
51.032990, -111.437700, 25.774000 
54.527530, -119.910600, 21.307000 
55.117900, -119.894000, 45.494000 
54.903310, -119.719700, 29.900000 
54.972450, -119.529200, 21.476000 
55.041500, -119.631000, 448.497000 
52.732520, -115.225400, 96.473000 
52.694370, -115.456800, 33.200000 
53.131335, -116.188861, 43.262000 
52.874260, -115.425100, 44.139000 
53.868754, -116.914044, 71.502000 
53.900650, -116.744400, 63.644000 
55.405830, -119.200200, 36.627000 
53.195910, -111.799700, 38.230000 
54.728860, -119.659100, 25.350000 
54.676526, -119.574341, 22.514000 
52.689440, -115.030300, 72.164000 
52.790730, -115.243600, 21.798000 
50.104502, -112.695343, 45.934000 
54.771977, -111.822075, 47.000000 
51.946060, -114.859300, 50.316000 
52.142190, -113.000000, 58.038000 
51.840630, -113.468600, 58.103000 
57.509008, -119.054471, 42.922000 
55.459472, -119.570185, 66.156000 
52.012583, -112.983617, 84.116000 
51.300325, -112.043097, 90.240000 
52.441500, -114.304600, 21.993000 
51.596650, -114.532050, 48.057000 
55.666382, -110.714044, 278.372000 
53.026800, -114.766900, 130.880000 
54.786900, -119.383000, 31.047000 
53.343377, -115.997169, 24.447000 
53.583622, -116.842838, 91.255000 
53.226456, -114.033728, 381.300000 
53.249497, -113.203491, 43.310500 
49.699123, -111.540920, 42.927000 
54.430059, -119.215241, 20.666000 
52.436100, -113.378300, 311.239800 
54.196180, -119.137859, 55.126000 
55.767572, -119.774656, 114.916000 
56.147110, -116.294328, 341.403500 
51.465640, -114.467560, 72.762000 
52.162940, -110.621170, 61.750000 
50.882910, -114.777600, 42.950000 
53.443180, -117.655400, 150.687000 
52.366700, -113.134300, 23.151300 
55.815390, -111.444400, 158.650000 
52.543170, -114.532650, 132.060000 
51.766786, -113.134431, 31.610000 
54.141715, -118.504595, 70.449000 
52.726153, -114.417716, 36.906000 
52.095705, -114.536477, 20.613000 
54.204974, -116.760593, 30.380000 
52.371370, -114.442909, 49.510000 
54.934120, -118.973220, 43.049100 
57.113650, -118.064470, 30.394000 
54.859641, -114.958118, 61.778900 
54.728873, -119.379136, 25.771000 
51.790374, -113.092236, 51.650000 
55.459690, -114.769748, 61.160000 
52.271051, -112.399743, 25.320000 
52.360640, -113.424340, 94.912000 
56.113140, -111.715340, 220.380000 
52.463020, -114.346890, 356.580000 
53.699375, -115.976323, 31.188000 
54.253534, -118.001306, 165.993000 
54.271530, -115.716900, 26.008000 
54.689842, -110.504261, 21.840000 
54.641371, -110.968585, 37.150000 
52.258050, -113.880800, 1.092000 
50.252383, -112.500726, 42.192000 
52.927361, -114.477101, 37.000000 
52.947309, -114.385134, 24.300000 
53.162257, -114.205282, 160.400000 
54.019300, -117.819900, 76.420000 
51.880360, -115.232800, 196.550000 
54.797890, -119.637270, 78.256000 
54.288550, -116.667100, 37.176000 
54.246230, -116.892311, 59.896000 
54.300534, -117.003449, 40.182000 
54.738100, -118.991200, 136.664000 
53.995195, -116.943504, 34.349000 
54.015728, -116.890570, 40.014000 
53.911382, -116.671420, 48.354000 
54.062895, -117.082694, 280.239000 
55.485800, -113.641100, 49.707000 
55.015950, -118.569410, 29.025000 
52.424682, -114.206755, 49.931000 
52.608595, -114.186396, 72.882000 
52.752828, -114.445700, 68.435000 
55.515289, -119.507383, 20.176000 
49.952697, -111.097089, 27.897000 
52.073426, -114.302143, 29.721000 
52.553348, -114.523110, 27.822000 
53.687266, -116.211255, 47.271000 
52.634469, -114.522986, 24.778000 
52.546452, -114.643702, 65.957000 
56.486175, -119.967377, 72.377000 
52.573722, -114.532117, 33.854000 
51.891500, -114.642450, 21.832000 
52.488579, -114.778143, 25.087000 
56.623483, -118.557190, 48.183000 
52.563804, -114.550098, 71.826000 
51.938815, -111.099479, 57.994000 
53.713587, -116.143920, 74.854000 
55.092720, -110.432180, 34.190000 
55.989470, -113.294787, 26.201000 
56.088404, -119.934247, 25.471000 
57.338567, -118.658395, 24.867000 
57.309888, -119.751332, 31.201000 
55.493589, -118.975282, 59.442000 
52.937621, -114.024214, 42.331000 
52.806108, -112.442343, 26.345000 
52.793459, -114.230068, 229.632000 
53.997472, -117.349138, 20.049000 
54.612765, -118.214339, 44.923000 
55.704326, -119.301696, 21.134000 
55.631636, -112.189239, 58.169000 
55.630764, -112.191911, 60.132000 
56.051760, -119.583178, 68.842000 
52.909513, -114.093382, 54.579000 
53.868547, -110.201304, 21.360000 
57.361338, -119.754581, 34.378000 
57.363681, -119.753423, 50.537000 
55.720587, -119.616397, 32.060000 
52.239876, -113.528391, 20.136000 
52.171287, -113.648795, 41.995000 
54.674098, -118.459589, 38.518000 
54.940390, -119.251449, 21.176000 
54.184783, -118.080993, 46.158000 
53.109794, -115.747428, 20.646000 
53.081496, -112.431468, 35.795000 
54.073409, -115.853394, 37.970000 
52.957981, -112.426050, 39.694000 
54.134553, -117.531910, 28.139000 
54.723108, -119.104521, 28.626000 
55.524545, -110.998753, 89.650000 
55.351198, -110.631166, 277.672000 
54.033822, -117.757794, 47.337000 
54.950802, -119.436852, 82.325000 
55.691822, -111.279327, 120.174000 
54.848695, -119.224243, 64.765000 
50.667301, -113.651204, 28.000000 
51.607863, -113.521976, 44.088000 
54.445833, -119.164444, 26.272000 
54.099661, -117.772711, 55.063000 
51.612076, -113.439760, 34.833000 
51.652583, -113.413306, 23.222000 
51.612778, -113.490278, 29.295000 
51.584482, -113.426564, 22.116000 
51.097986, -112.397404, 186.348000 
51.433058, -112.461961, 45.838000 
54.761590, -119.098400, 28.442000 
51.358561, -113.823515, 124.259000 
52.662147, -114.634438, 43.358000 
52.490065, -114.488440, 41.199000 
52.589271, -114.590331, 92.986000 
51.963969, -114.759107, 24.738000 
50.105628, -112.238941, 46.778000 
54.570956, -118.836631, 25.722000 
57.875447, -118.414035, 26.249000 
50.063145, -112.278020, 32.583000 
58.374668, -119.039580, 32.131000 
58.233454, -118.781691, 106.390000 
56.507560, -117.972114, 74.376000 
58.366290, -118.989315, 58.386000 
54.490657, -118.597906, 111.749000 
54.709648, -118.600073, 25.902000 
52.243654, -114.734790, 82.928000 
51.982174, -113.674234, 48.618000 
54.259560, -116.067015, 47.928000 
53.128697, -115.485803, 31.009000 
53.612065, -115.386575, 40.245000 
51.495178, -113.799627, 249.430000 
50.583659, -113.295243, 93.424000 
54.519973, -116.877773, 40.768000 
54.259221, -116.721046, 21.518000 
54.419719, -116.355264, 32.279000 
54.355860, -118.556360, 96.989900 
55.670280, -119.514970, 54.967000 
55.692060, -119.526920, 48.530000 
57.163300, -110.583600, 47.339000 
58.338020, -118.534110, 46.500000 
52.428360, -111.735360, 25.155000 
52.246600, -111.573440, 52.573000 
52.421130, -111.885290, 21.621000 
52.732440, -116.512950, 78.110000 
51.319550, -110.195660, 21.712000 
52.446700, -110.433960, 34.969000 
55.575890, -118.811700, 138.830000 
53.134160, -110.532510, 27.712000 
53.137820, -110.544690, 23.126000 
53.206260, -114.983810, 71.360000 
53.776065, -116.797230, 50.494000 
52.359370, -111.123630, 47.890000 
52.954130, -111.676010, 56.900000 
52.968780, -111.663940, 56.900000 
54.265300, -117.005590, 31.000000 
52.353950, -114.622440, 22.020000 
53.292420, -115.967240, 39.253000 
54.132250, -116.992020, 140.608000 
53.982920, -116.989870, 55.824000 
56.568280, -118.449240, 109.121000 
55.234190, -115.081850, 20.300000 
55.622580, -112.654920, 54.288000 
54.168660, -118.059720, 31.195000 
54.350029, -117.942696, 33.063000 
55.423120, -119.330370, 20.629000 
55.306810, -119.522630, 91.032000 
52.517730, -114.106930, 116.813000 
52.426770, -114.220820, 34.310000 
52.470520, -114.250870, 35.065000 
54.415870, -114.174330, 187.010000 
52.182455, -114.393500, 25.509100 
53.821760, -116.734490, 61.763100 
52.212940, -113.447860, 15.150000 
53.819806, -112.916951, 22.451000 
54.077740, -116.179690, 33.851000 
54.825813, -119.166614, 23.472000 
54.386810, -118.771920, 401.168000 
54.317560, -119.259270, 33.546000 
54.481680, -118.985290, 38.809000 
54.361360, -118.753140, 186.470000 
54.390420, -118.965610, 36.735000 
53.956000, -116.763100, 64.904700 
57.073680, -119.372700, 118.683000 
53.306830, -116.935880, 152.508000 
53.015970, -114.324980, 27.068000 
55.670280, -119.514970, 54.967000 
55.602130, -119.378720, 24.207000 
53.151622, -110.647409, 23.069000 
53.951414, -112.383785, 177.396000 
51.738477, -113.121682, 49.555000 
54.359240, -116.152510, 23.658000 
53.969410, -110.454161, 60.498000 
52.360997, -113.974786, 42.563000 
54.670697, -119.218295, 54.643000 
