50.747700, -114.494700, 0.544000 
54.596400, -110.395000, 0.813000 
55.335900, -119.223000, 0.905000 
50.647500, -113.772000, 0.014000 
54.194400, -116.632200, 1.402000 
51.742300, -114.134500, 1.081000 
52.496000, -114.988000, 0.758000 
52.959300, -115.893800, 1.849000 
49.720100, -112.781900, 7.680000 
53.559200, -113.388800, 0.092100 
51.191300, -113.940900, 0.798000 
49.305200, -114.000300, 1.347000 
51.965500, -114.753600, 1.967000 
56.380600, -116.795000, 0.100000 
53.652000, -116.099200, 2.132000 
57.003300, -111.466100, 307.181300 
57.040500, -111.619200, 265.130000 
50.982200, -113.974200, 0.025000 
53.570000, -113.611400, 0.010000 
53.795900, -113.099600, 2.170000 
53.804200, -113.082400, 0.052000 
53.541700, -113.391700, 9.970000 
53.181200, -115.762500, 0.011600 
54.833300, -118.646700, 0.529000 
53.550500, -113.358900, 21.156000 
51.526000, -113.880000, 0.048000 
51.696900, -114.475000, 0.333000 
54.772900, -110.579000, 0.805000 
54.185400, -116.210400, 1.104000 
51.400100, -114.034300, 0.246700 
54.427200, -116.884300, 3.549000 
52.035300, -115.137700, 0.401400 
51.005290, -114.058570, 5.700000 
53.250200, -115.555500, 0.419000 
55.489100, -119.750800, 13.120000 
53.557500, -116.547200, 0.363000 
59.063100, -118.875700, 0.107800 
51.000700, -113.965670, 2.549000 
53.670500, -115.762200, 0.244000 
51.010160, -113.964210, 0.570000 
53.616600, -115.711100, 0.002000 
53.170200, -114.975000, 0.012000 
50.543800, -111.795000, 0.003000 
55.833000, -119.470000, 0.001000 
53.745000, -110.810800, 0.006000 
52.674300, -111.311600, 0.204000 
57.298900, -111.503300, 2.001000 
53.286400, -110.017800, 0.012000 
52.656700, -111.311900, 0.018000 
54.420500, -110.213100, 0.002000 
53.530040, -113.402010, 1.445200 
53.282300, -113.542000, 0.002000 
56.215000, -110.968100, 0.090000 
53.504050, -113.374400, 5.000000 
56.218700, -116.251300, 2.120000 
52.370000, -114.375800, 0.005000 
52.696100, -114.863800, 0.035000 
57.217500, -110.895000, 3.733200 
53.288900, -110.012000, 10.350000 
54.045900, -115.313700, 0.001000 
52.309150, -113.809970, 0.017000 
55.175000, -118.785400, 0.432300 
53.301700, -110.012600, 0.131000 
53.504100, -113.373300, 0.006500 
56.193600, -110.950600, 0.007000 
56.546500, -115.301100, 0.001000 
56.411700, -110.937600, 0.498000 
51.898100, -113.567200, 1.010000 
52.298600, -114.201500, 0.035700 
56.113500, -111.829300, 4.512200 
57.335400, -111.755600, 1.246000 
53.576900, -116.452400, 0.562100 
55.041500, -119.631000, 0.191000 
56.113140, -111.715340, 3.603300 
53.699375, -115.976323, 0.064000 
52.647440, -111.270000, 0.002400 
53.293090, -113.537600, 0.229000 
52.346940, -113.783110, 0.002600 
