53.288500, -110.018300, 0.000500 
52.146300, -115.330000, 34.960900 
50.747700, -114.494700, 96.330000 
54.194400, -116.632200, 104.210000 
53.746900, -113.164500, 4.154000 
51.742300, -114.134500, 6.650000 
52.758100, -114.111600, 1.821400 
52.226300, -115.177000, 30.713000 
52.940400, -114.832300, 7.449000 
51.191300, -113.940900, 12.884000 
53.733200, -113.486200, 0.337000 
49.305200, -114.000300, 545.420000 
51.039600, -114.559000, 85.000000 
51.965500, -114.753600, 325.119000 
54.423300, -117.760400, 18.640000 
57.003300, -111.466100, 62.814000 
57.040500, -111.619200, 48.801000 
51.570800, -114.851700, 64.310000 
53.181200, -115.762500, 12.695300 
51.219500, -114.645400, 5.604000 
53.204500, -116.811200, 70.764500 
51.526000, -113.880000, 17.639000 
54.427200, -116.884300, 101.470000 
53.132300, -115.981700, 4.608000 
53.557500, -116.547200, 13.009000 
52.327100, -112.718300, 1.061000 
52.228400, -114.397700, 1.647000 
57.335400, -111.755600, 19.858000 
