53.582300, -113.588600, 1.312000 
54.596400, -110.395000, 7.157000 
53.841600, -113.097900, 0.844000 
53.570000, -113.611400, 0.004000 
53.593060, -116.390300, 51.905000 
53.795900, -113.099600, 0.720000 
53.804200, -113.082400, 0.005000 
50.845800, -113.586700, 3.130000 
50.086600, -110.716700, 7.514000 
51.400100, -114.034300, 3.237100 
54.238200, -115.379700, 102.300000 
53.725400, -113.193000, 0.230000 
55.029800, -118.744000, 35.316500 
50.583700, -113.871100, 70.500000 
51.010160, -113.964210, 0.030000 
53.740700, -113.023100, 10.619000 
53.501040, -113.489732, 13.181000 
53.282300, -113.542000, 0.042000 
53.737500, -113.149000, 0.009000 
52.942400, -113.511100, 0.064300 
54.040000, -114.130000, 0.001700 
53.190400, -115.223500, 1.442600 
56.113500, -111.829300, 1.959500 
57.335400, -111.755600, 21.399000 
56.113140, -111.715340, 2.631700 
53.293090, -113.537600, 0.015000 
