55.996700, -118.533600, 51.621000 
53.539700, -113.409200, 263.370000 
52.829200, -110.859200, 12.110000 
56.377200, -117.175600, 1176.311500 
53.833100, -113.108900, 12.640000 
53.344000, -114.305000, 5906.391000 
53.733200, -113.175000, 1161.812000 
53.288500, -110.018300, 66.376000 
52.146300, -115.330000, 158.018100 
50.747700, -114.494700, 834.313000 
54.952700, -119.195300, 117.334000 
53.952700, -113.078000, 182.719000 
54.572300, -115.522900, 45.560000 
54.596400, -110.395000, 2449.464000 
55.335900, -119.223000, 59.664000 
50.647500, -113.772000, 40.615000 
54.194400, -116.632200, 233.700000 
53.245000, -115.674300, 57.230000 
53.746900, -113.164500, 25.680000 
53.718500, -113.183000, 0.055000 
54.144400, -115.691700, 44.000000 
49.789400, -112.126100, 262.920000 
54.179100, -115.806000, 19.250000 
52.564700, -112.141400, 643.955700 
51.531700, -111.786100, 674.519200 
54.007100, -119.104000, 105.960000 
51.742300, -114.134500, 67.280000 
52.496000, -114.988000, 58.738400 
53.529100, -113.387500, 652.039000 
53.571700, -113.349800, 64.242500 
52.959300, -115.893800, 67.690000 
51.637200, -112.866000, 301.652000 
52.776100, -115.660700, 95.750000 
52.758100, -114.111600, 605.160000 
52.226300, -115.177000, 204.370000 
58.500000, -119.416700, 57.091900 
53.559200, -113.388800, 0.283200 
52.940400, -114.832300, 33.800000 
55.725100, -119.399900, 52.228000 
52.308300, -113.550000, 513.098000 
50.080710, -110.727860, 135.124000 
51.191300, -113.940900, 163.581000 
53.733200, -113.486200, 34.810000 
49.305200, -114.000300, 101.056000 
51.039600, -114.559000, 202.000000 
51.965500, -114.753600, 243.190000 
56.380600, -116.795000, 179.198000 
53.721700, -113.191700, 184.747000 
53.841600, -113.097900, 419.000000 
53.652000, -116.099200, 94.800000 
54.423300, -117.760400, 98.500000 
57.003300, -111.466100, 4408.396000 
57.040500, -111.619200, 5307.458000 
53.508500, -114.557100, 1567.004000 
53.448700, -114.449100, 1084.698000 
52.385800, -113.595000, 77.273500 
51.181625, -114.472100, 4.150000 
52.033030, -113.938910, 135.489000 
53.227700, -114.988900, 131.464000 
53.593060, -116.390300, 628.855000 
51.570800, -114.851700, 33.907000 
55.071200, -118.691200, 690.927000 
53.795900, -113.099600, 1174.700000 
53.804200, -113.082400, 228.000000 
53.413300, -117.570600, 809.564000 
50.845800, -113.586700, 685.750000 
53.541700, -113.391700, 2013.802000 
53.181200, -115.762500, 1092.544000 
51.219500, -114.645400, 186.280000 
50.805300, -110.034900, 394.117000 
54.833300, -118.646700, 73.868000 
54.524700, -116.794300, 70.422000 
54.130900, -115.546700, 22.486000 
53.204500, -116.811200, 58.107300 
51.086700, -114.008800, 6.179000 
50.086600, -110.716700, 836.718000 
53.550500, -113.358900, 899.020100 
51.526000, -113.880000, 304.322000 
51.696900, -114.475000, 397.505000 
55.248100, -114.514000, 362.910000 
53.531993, -113.364925, 112.640000 
54.772900, -110.579000, 2142.704000 
54.185400, -116.210400, 51.920000 
51.400100, -114.034300, 140.365300 
53.757500, -113.149900, 47.740000 
51.984500, -114.743800, 151.264000 
54.427200, -116.884300, 218.690000 
53.132300, -115.981700, 43.580000 
52.035300, -115.137700, 571.583400 
53.728270, -113.235520, 10.383000 
54.510900, -115.511700, 69.710000 
53.283800, -110.031900, 25.196800 
50.061200, -110.723000, 2.040000 
55.481900, -119.059200, 41.982000 
51.789600, -114.702800, 80.836000 
54.238200, -115.379700, 88.900000 
53.725400, -113.193000, 332.550000 
55.029800, -118.744000, 523.243700 
49.758379, -112.452561, 36.000000 
49.628100, -114.571900, 36.326000 
57.546300, -119.112600, 95.570000 
55.040000, -115.475800, 260.660000 
50.597600, -111.881800, 40.571400 
50.583700, -113.871100, 70.500000 
53.250200, -115.555500, 20.057000 
55.489100, -119.750800, 469.528000 
53.581600, -113.599100, 1096.858000 
55.876700, -119.301100, 257.204000 
51.222500, -114.495600, 260.184000 
53.557500, -116.547200, 164.783000 
59.063100, -118.875700, 86.988300 
53.817200, -113.133600, 46.158000 
51.058900, -115.174500, 400.127800 
53.574500, -113.310300, 0.451000 
52.327100, -112.718300, 202.120000 
56.904200, -117.633600, 195.000000 
53.670500, -115.762200, 352.416000 
53.723500, -113.173800, 99.449000 
50.058200, -110.728200, 58.273000 
54.133300, -115.366600, 104.246000 
52.827500, -110.859600, 0.070700 
53.099900, -115.316800, 247.800000 
55.074200, -117.274200, 50.830000 
55.268600, -114.584700, 130.910000 
54.394900, -116.809000, 236.000000 
58.194700, -116.350400, 2234.445500 
55.199400, -116.221900, 361.338000 
55.993500, -113.480500, 104.760000 
49.729139, -112.781105, 20.205000 
53.799100, -113.080700, 138.429000 
58.518800, -117.119500, 9111.179900 
54.139800, -115.689100, 13.000000 
54.587200, -112.803100, 2.900000 
53.902300, -115.189300, 61.210000 
53.740700, -113.023100, 1351.602000 
52.212400, -113.843700, 257.328000 
52.228400, -114.397700, 357.609000 
51.189400, -113.937800, 150.301000 
53.593600, -113.335600, 56.920000 
57.298900, -111.503300, 848.200000 
53.345800, -111.251900, 14.030000 
50.040920, -110.721904, 48.241000 
50.664700, -113.784200, 18.780000 
50.443600, -110.882500, 130.687000 
49.801900, -113.104700, 90.570000 
53.622800, -115.869400, 15.330000 
50.269600, -112.893800, 275.256000 
53.652200, -113.716400, 17.030000 
52.308300, -113.550000, 4721.652000 
58.447100, -119.238300, 67.967100 
53.402700, -117.599300, 156.541000 
50.577200, -111.178100, 273.677000 
52.869000, -115.101000, 285.717000 
50.671900, -110.028900, 49.637000 
52.904700, -115.324700, 107.311000 
55.582700, -110.888800, 332.278000 
53.091100, -111.768600, 93.040000 
55.069600, -110.536100, 1197.352000 
53.373100, -116.086000, 251.166000 
51.006900, -113.192800, 56.314000 
57.351700, -111.522200, 131.204600 
51.028800, -114.044800, 25.661400 
53.519600, -113.529000, 153.490000 
51.024500, -114.025000, 28.800000 
52.315900, -113.850000, 20.680000 
50.847000, -113.591000, 70.000000 
53.819400, -113.141900, 45.000000 
54.043500, -117.420000, 100.000000 
49.975700, -114.130000, 71.000000 
52.058000, -114.908000, 55.000000 
54.829600, -118.647000, 88.000000 
54.402000, -112.553000, 33.000000 
54.483500, -118.100000, 64.000000 
57.188000, -118.248900, 105.000000 
55.450900, -113.923000, 38.000000 
50.697800, -111.531000, 35.000000 
51.943400, -114.736000, 108.000000 
53.470500, -116.496100, 30.000000 
50.693800, -114.330000, 44.000000 
52.355300, -115.332000, 36.000000 
52.755200, -110.747000, 22.000000 
51.444300, -114.527000, 29.000000 
53.244500, -116.238000, 89.000000 
51.130700, -114.009000, 21.850000 
51.015020, -114.026480, 70.768000 
51.068200, -115.136400, 52.561000 
53.862700, -110.639000, 23.000000 
52.479300, -115.206900, 51.666000 
53.431000, -117.540600, 2.248000 
53.010600, -112.810000, 4.850000 
52.255700, -113.886000, 10.470000 
53.645100, -114.130200, 5.894000 
53.584100, -113.614400, 98.329000 
51.407800, -113.668300, 55.000000 
50.963300, -112.288300, 54.000000 
50.701100, -111.095600, 29.000000 
54.293100, -116.188300, 131.222000 
53.826700, -113.603300, 62.511000 
53.039700, -111.220000, 52.625000 
55.866700, -119.596700, 26.504000 
53.559040, -113.693580, 47.178000 
51.168600, -114.210900, 46.740500 
50.991500, -114.030100, 36.529800 
51.065300, -115.221100, 27.813000 
53.501040, -113.489732, 74.026800 
52.412900, -114.407600, 20.887000 
53.999800, -114.445300, 34.803000 
52.035400, -114.612700, 28.395000 
52.002900, -114.597700, 22.698500 
53.006800, -110.995000, 27.524000 
50.187500, -110.476900, 29.246000 
52.843200, -111.722800, 101.729000 
53.607000, -112.592700, 91.714000 
53.537900, -111.785100, 163.205000 
53.635900, -112.019200, 217.888000 
55.931200, -112.047000, 47.910000 
54.687300, -111.944600, 24.289000 
54.658200, -111.622300, 73.553000 
51.209800, -110.161100, 28.131000 
51.213400, -110.336100, 31.250000 
52.308200, -114.096500, 74.224000 
52.322800, -114.020800, 33.095000 
51.649800, -110.187200, 79.085000 
52.926800, -111.889500, 45.934000 
51.770100, -111.422000, 90.925000 
51.791700, -111.536400, 173.198000 
52.555700, -111.805300, 90.971000 
56.036800, -113.782500, 127.541000 
52.402900, -111.736200, 147.980000 
55.644000, -114.659700, 367.266000 
55.858700, -113.841400, 31.206000 
54.897200, -117.708800, 148.209000 
54.218200, -110.712000, 30.731000 
54.101800, -114.292500, 97.356000 
55.225700, -114.493000, 61.657000 
55.247500, -116.641600, 39.972000 
54.359600, -116.152900, 32.190000 
54.210700, -110.241900, 25.359000 
54.025400, -110.681200, 33.569000 
54.056020, -110.357560, 21.602000 
54.113300, -110.564600, 42.974000 
54.221800, -110.584200, 31.252000 
54.479800, -110.332600, 25.693000 
53.277900, -110.034300, 29.263000 
53.883400, -110.041100, 108.001000 
53.821500, -110.035000, 23.132000 
50.471500, -111.606500, 151.084000 
50.227500, -113.548200, 70.278000 
50.937000, -113.292700, 50.555000 
50.242200, -113.617100, 55.648000 
52.908400, -112.435300, 63.092000 
53.155900, -112.326700, 251.881000 
54.298200, -112.824300, 65.805000 
56.091500, -111.817800, 49.599000 
55.991165, -112.032320, 67.153000 
55.869500, -112.001200, 30.444000 
55.924000, -111.896500, 69.211000 
52.923200, -115.107500, 319.590000 
52.779800, -113.629900, 106.936000 
52.774000, -113.520700, 42.926000 
53.345100, -114.743600, 100.558000 
52.872000, -113.629900, 28.411000 
52.868400, -113.666300, 62.759000 
52.104500, -113.077400, 59.809000 
52.592000, -113.967900, 68.059000 
52.322800, -114.020800, 124.201000 
52.373700, -114.076000, 68.224000 
58.568700, -119.201500, 57.993000 
55.985900, -119.955800, 90.295000 
54.138100, -111.908300, 86.641000 
53.890700, -117.354000, 162.964000 
55.728600, -119.775000, 32.337000 
55.396400, -119.599700, 99.747000 
53.796100, -111.941900, 35.933000 
50.129400, -111.908400, 52.430000 
54.494400, -115.957600, 10.052000 
53.927000, -114.376900, 22.074000 
54.650900, -114.528900, 29.310000 
54.338200, -114.060400, 44.144000 
52.544800, -110.713600, 88.620000 
58.943200, -118.916800, 52.232000 
59.067000, -118.875900, 20.203000 
59.005100, -119.033200, 123.661000 
52.632000, -112.945400, 83.859000 
52.746800, -112.988000, 91.331000 
52.588400, -113.161800, 53.510000 
52.144400, -115.535000, 24.730000 
52.180900, -112.647600, 142.891000 
52.166400, -112.658600, 63.788000 
52.549700, -112.579400, 62.270000 
51.893700, -114.400400, 204.806000 
52.480900, -114.870200, 91.910000 
52.199300, -114.564900, 42.401000 
52.544800, -114.641600, 136.289000 
52.319300, -111.477600, 96.063000 
52.235700, -111.788100, 76.333000 
52.220900, -111.937300, 58.421000 
51.955400, -111.845300, 90.849000 
52.515700, -113.173800, 456.065000 
49.871100, -112.913700, 65.175000 
52.366500, -113.191800, 23.490000 
52.104400, -110.695000, 366.526000 
52.028200, -110.564700, 16.488000 
51.977300, -110.486900, 14.239000 
52.264500, -110.570500, 78.444000 
50.704300, -111.155300, 62.464000 
50.518700, -111.910900, 32.453000 
50.838700, -111.520100, 132.108000 
50.977000, -111.683100, 54.921000 
50.922300, -111.391500, 60.880000 
51.300700, -112.042600, 50.028000 
57.299000, -118.228900, 103.525000 
52.166500, -113.256300, 185.357000 
54.796400, -117.658000, 31.277000 
52.286500, -114.123200, 45.522000 
54.785300, -117.658000, 406.646000 
52.457600, -114.419100, 58.858000 
57.200800, -118.819200, 21.581000 
55.494700, -119.289500, 48.791000 
54.290800, -116.918700, 73.716000 
51.488700, -113.153900, 408.347000 
53.416800, -113.917700, 67.883000 
53.179500, -111.779500, 18.840000 
53.821500, -113.490400, 57.991600 
56.964500, -117.007100, 215.634100 
52.366500, -112.734900, 33.769000 
51.333400, -110.667500, 105.854000 
51.773700, -114.222900, 22.481000 
50.987900, -111.741500, 21.349000 
51.425100, -110.513800, 63.379000 
56.727900, -116.305700, 22.298000 
51.254200, -110.402700, 44.826000 
51.911800, -114.512900, 150.386000 
52.068200, -114.546800, 50.543000 
51.919000, -114.394600, 261.354000 
51.897200, -115.040200, 20.105000 
52.093600, -115.143800, 130.477000 
52.104400, -115.161600, 81.379000 
53.035800, -115.965300, 83.401000 
54.207000, -117.169300, 12.077000 
54.385300, -116.975100, 160.147000 
54.345300, -116.880900, 51.394000 
54.350500, -116.766800, 58.572000 
57.338900, -118.460000, 40.873000 
54.436200, -111.205100, 103.387000 
55.520400, -113.781100, 127.223000 
55.509300, -114.146900, 20.586000 
55.585600, -117.891600, 161.150000 
54.647200, -119.332000, 65.478000 
54.836400, -119.145800, 63.988000 
54.796400, -119.439200, 22.391000 
54.872800, -119.361100, 55.997000 
54.829200, -119.490000, 111.293000 
54.607200, -119.332000, 143.063000 
54.720000, -119.110600, 568.244000 
55.494700, -119.412800, 27.046000 
52.544800, -114.545200, 207.743000 
52.184500, -114.737900, 39.739000 
53.103200, -115.363400, 263.763000 
52.814000, -114.786000, 154.576000 
52.140800, -115.060200, 34.768000 
52.708400, -115.428900, 410.484000 
53.101200, -114.761900, 56.658000 
53.257600, -115.507800, 101.778000 
53.909800, -115.787800, 31.857000 
53.828700, -115.943000, 64.067000 
53.366700, -116.022500, 106.258000 
53.326800, -116.168000, 122.689000 
53.534300, -116.333900, 60.818000 
49.616400, -112.472000, 32.200000 
49.958300, -113.556600, 155.331000 
53.076000, -111.299800, 38.298000 
53.035900, -111.403600, 37.972000 
53.777900, -115.769200, 52.920000 
54.130700, -115.765300, 44.573000 
54.887200, -119.828100, 74.999000 
55.010800, -119.865000, 29.873000 
54.985600, -119.828100, 106.546000 
57.742220, -119.995050, 52.198000 
57.724400, -119.980900, 40.409000 
51.065100, -114.130500, 32.220000 
51.180450, -113.937280, 77.461000 
53.013900, -116.258600, 26.749000 
52.703800, -114.572500, 40.363000 
52.064400, -114.271400, 56.531000 
54.459900, -119.717000, 114.404000 
52.013600, -112.986700, 25.190000 
55.069400, -113.313900, 50.700000 
53.499300, -116.805300, 93.578000 
50.718600, -111.322200, 36.234000 
54.734400, -112.638900, 21.334000 
57.004500, -113.188600, 66.507000 
52.334100, -113.674200, 20.174000 
57.485900, -113.793100, 30.369000 
51.449700, -111.571700, 21.655000 
54.257200, -112.373600, 41.472000 
54.447400, -117.523700, 137.913000 
56.135000, -113.028300, 86.192000 
54.548100, -117.411400, 23.837000 
56.134800, -113.201300, 109.479000 
55.121400, -114.159100, 21.707000 
53.997000, -111.569200, 139.340000 
54.685600, -117.414400, 22.199000 
54.523500, -113.846300, 35.976000 
54.612500, -118.214300, 100.895000 
53.215900, -116.497000, 33.610000 
55.631500, -112.189600, 80.056000 
55.891800, -111.717900, 22.088000 
50.567300, -111.213500, 36.676000 
55.822600, -113.525900, 21.700000 
52.155600, -113.529700, 30.175000 
54.818100, -118.584700, 27.547000 
53.770600, -117.601400, 69.774000 
54.760400, -113.959500, 27.427000 
53.583000, -116.842000, 141.395000 
54.949200, -112.304700, 28.674000 
56.199000, -110.675100, 22.760000 
56.622700, -119.946500, 50.526000 
54.410900, -112.260400, 22.620000 
51.460600, -112.652800, 96.760000 
51.468800, -112.609800, 22.930000 
51.468100, -112.688100, 21.823000 
53.024700, -115.531100, 70.223000 
54.206700, -116.766700, 14.530000 
54.159000, -116.757000, 18.920000 
52.613900, -112.805800, 57.335000 
51.691800, -112.224000, 21.406000 
53.197300, -114.098200, 160.454000 
54.896300, -118.487000, 90.739000 
55.265600, -114.601400, 23.543000 
54.037600, -116.698500, 62.238000 
53.388600, -115.315800, 23.260000 
54.541800, -117.884100, 28.195000 
50.973000, -113.852900, 30.677000 
50.006500, -114.146000, 20.759000 
50.635800, -113.633400, 20.660000 
50.609400, -113.706700, 22.266000 
50.496700, -113.403600, 28.619000 
50.397600, -113.925500, 146.078000 
56.556900, -119.363900, 28.781000 
53.706600, -115.976300, 130.871000 
50.521800, -113.913200, 57.880000 
50.653300, -111.166100, 50.200000 
50.576700, -112.630300, 120.559000 
50.158400, -112.136500, 33.369000 
52.926700, -113.998900, 49.872000 
51.024500, -111.642800, 83.682000 
51.552500, -111.490600, 138.723000 
51.176900, -112.055300, 158.575000 
51.915100, -113.373700, 22.018000 
52.358000, -114.324100, 53.349000 
52.091000, -112.761500, 27.400000 
52.743400, -114.113400, 44.173000 
52.337200, -115.123200, 22.648000 
52.851400, -114.046900, 104.449000 
51.137900, -111.577600, 87.268000 
51.507100, -111.886500, 53.264000 
55.781200, -114.307200, 128.571000 
52.265500, -114.517800, 118.239000 
53.825000, -115.556700, 185.982000 
53.216900, -116.358700, 132.645000 
55.245100, -119.689000, 36.658000 
57.066100, -114.777500, 19.790000 
53.967700, -110.122400, 30.166000 
52.260500, -113.816600, 52.038000 
52.366300, -114.963000, 174.634000 
56.930900, -115.252200, 93.182000 
55.883900, -117.462000, 34.248000 
49.729200, -114.427200, 78.557000 
54.661700, -119.034700, 28.943000 
55.800300, -117.813800, 54.336000 
55.145600, -114.118900, 20.505000 
54.388400, -110.949300, 58.025000 
54.665300, -119.129700, 118.956000 
53.193400, -110.863100, 36.372000 
55.640300, -118.502800, 66.523000 
54.858100, -119.235000, 32.084000 
54.348900, -119.463300, 30.667000 
54.033400, -117.756900, 77.735000 
54.965100, -119.306800, 25.947000 
52.140800, -112.157200, 37.837000 
56.347100, -119.190500, 34.236000 
55.895000, -118.317500, 48.227000 
51.495900, -114.210100, 25.868000 
50.202700, -110.661300, 40.202000 
50.336700, -110.135000, 28.663000 
50.294200, -110.593500, 26.015000 
50.191100, -110.259400, 28.758000 
53.337800, -111.243900, 51.161000 
52.090700, -112.766700, 10.140000 
56.098600, -119.288100, 93.795000 
55.945800, -119.805300, 136.650000 
55.943900, -119.923100, 23.556000 
52.268400, -113.351800, 72.987000 
50.965900, -113.030200, 27.834000 
51.115100, -112.960100, 50.592000 
51.122600, -113.164300, 36.555000 
51.217000, -113.977700, 37.456000 
51.006200, -113.176000, 39.466000 
51.020700, -112.948400, 61.747000 
50.278300, -111.468400, 198.729000 
50.289400, -112.007500, 120.460000 
50.274700, -111.847600, 47.134000 
50.238300, -111.939500, 31.423000 
50.536800, -112.031500, 28.216000 
50.656800, -111.410100, 39.760000 
50.671500, -111.695300, 270.464000 
50.998700, -112.464500, 60.222000 
51.126200, -112.359500, 239.705000 
51.304300, -112.653700, 56.499000 
51.275400, -112.906500, 62.071000 
51.075100, -112.231200, 20.315000 
51.060700, -112.412000, 26.074000 
51.147800, -112.621100, 30.994000 
51.129700, -114.767900, 57.324000 
51.151500, -112.703700, 29.834000 
51.322600, -112.542000, 80.166000 
51.322600, -112.918100, 26.779000 
51.424300, -112.994500, 43.809000 
50.675000, -111.762200, 251.324000 
50.802300, -111.902000, 221.998000 
50.795100, -112.017800, 289.902000 
50.893400, -112.174000, 171.864000 
50.842300, -112.463400, 56.099000 
50.915100, -112.451700, 455.354000 
50.627900, -111.965600, 105.340000 
50.635100, -112.237600, 47.585000 
50.700700, -112.110300, 63.150000 
50.707900, -112.353400, 53.841000 
50.711500, -112.394000, 235.230000 
50.755100, -111.786200, 31.081000 
50.809500, -111.693700, 113.590000 
50.867900, -111.936700, 109.774000 
50.860700, -112.035100, 72.460000 
50.864300, -112.353400, 113.155000 
50.977000, -112.242800, 104.144000 
50.889400, -113.406800, 173.620000 
51.264300, -113.205200, 29.583000 
51.380700, -113.229600, 103.354000 
51.402600, -113.247400, 30.616000 
50.984300, -113.444300, 148.242000 
51.075100, -113.409300, 142.819000 
51.078700, -113.537700, 31.446000 
51.264300, -113.403500, 75.042000 
51.359000, -113.352900, 64.601000 
55.520300, -119.315300, 101.515000 
57.840900, -117.867800, 29.200000 
57.931900, -117.835000, 214.175000 
58.164800, -117.427500, 58.526000 
58.081200, -117.635600, 223.461000 
57.808400, -118.093900, 66.726000 
58.030100, -118.399800, 35.455000 
56.222300, -112.706800, 88.406000 
54.854500, -111.802000, 33.037000 
54.949300, -110.622600, 38.961000 
54.970900, -110.750100, 35.005000 
55.047300, -110.577800, 205.474000 
55.102000, -110.507600, 20.084000 
55.232900, -110.698700, 46.801000 
55.218400, -111.316200, 37.219000 
55.309300, -110.480100, 44.146000 
55.294800, -110.795100, 209.092000 
57.266800, -114.892000, 36.445000 
57.240900, -112.620700, 33.543000 
57.542900, -112.226600, 25.746000 
51.409800, -113.094600, 39.316000 
50.740700, -112.324500, 75.222000 
52.708400, -114.446600, 42.972000 
52.777600, -114.234300, 24.271000 
50.096700, -111.110000, 40.060000 
50.165800, -110.841900, 44.574000 
50.165800, -111.052800, 127.735000 
50.187500, -111.052800, 30.302000 
50.187600, -111.167000, 87.631000 
50.223900, -110.761900, 576.403000 
50.223900, -110.899700, 111.803000 
50.224000, -110.037500, 336.828000 
50.398600, -110.503300, 166.483000 
50.573100, -111.177500, 226.742000 
50.700700, -110.478000, 349.685000 
50.700600, -110.772500, 154.710000 
55.363900, -119.760600, 42.143000 
55.443900, -119.522500, 20.621000 
52.701200, -115.392500, 21.172000 
56.095100, -113.448600, 498.839000 
50.536900, -112.031500, 24.481000 
50.700700, -111.022200, 91.501000 
50.314700, -111.968400, 36.886000 
50.631500, -111.022200, 39.639000 
52.642900, -113.191800, 31.269000 
52.606500, -115.014400, 30.285000 
54.223000, -113.478600, 27.814000 
53.254000, -113.048200, 157.423000 
51.239700, -115.564600, 45.898000 
50.784300, -113.667400, 25.014000 
50.755100, -112.162300, 29.852000 
51.766200, -111.963700, 118.916000 
52.020900, -112.402800, 65.508000 
50.922300, -112.003700, 115.984000 
55.619600, -119.503300, 99.797000 
55.498300, -119.516700, 41.588000 
53.837900, -113.933100, 161.695000 
55.771100, -119.828100, 71.163000 
50.591500, -111.780300, 52.765000 
53.188700, -115.642200, 28.810000 
51.439000, -112.054500, 41.175000 
51.522600, -113.018200, 63.918000 
51.359000, -112.360100, 140.514000 
51.784500, -113.402700, 101.457000 
51.531300, -113.276300, 92.353000 
51.642600, -113.337700, 353.397000 
53.374300, -114.527900, 271.542000 
53.363200, -114.456300, 33.028000 
50.817000, -113.100200, 98.448000 
50.835100, -112.799000, 58.467000 
51.122600, -112.149500, 30.718000 
51.038600, -111.864000, 87.120000 
49.958300, -111.030000, 33.071000 
50.456800, -110.181600, 47.900000 
50.565900, -110.210200, 78.218000 
53.937900, -116.900400, 26.450000 
53.228700, -115.104400, 131.790000 
54.323400, -115.677500, 20.080000 
52.640400, -113.252100, 63.997000 
52.435700, -113.390400, 552.526000 
55.433300, -116.483200, 141.946000 
52.727800, -113.270100, 28.900000 
52.359300, -114.785700, 28.984000 
51.366200, -112.771200, 20.370000 
51.093400, -112.820100, 75.440000 
52.275700, -114.218800, 23.790000 
52.017300, -113.148800, 33.000000 
51.635400, -112.792600, 34.350000 
51.871800, -112.887600, 45.690000 
51.751800, -113.864600, 27.600000 
52.522800, -116.380000, 25.680000 
52.439300, -110.316400, 31.680000 
51.737300, -112.561700, 46.370000 
55.087300, -113.141000, 25.890000 
56.613100, -112.849000, 21.841000 
58.110400, -118.115600, 59.900000 
56.233200, -113.896400, 73.140000 
55.542000, -113.430800, 36.820000 
55.585700, -112.963500, 24.530000 
55.625700, -114.374200, 25.210000 
58.128400, -118.382100, 21.150000 
55.774800, -113.774700, 20.080000 
55.385700, -113.001600, 65.800000 
54.436100, -118.743800, 32.170000 
53.428700, -116.722200, 23.020000 
53.635900, -116.931800, 34.380000 
52.493600, -115.935000, 60.080000 
50.427600, -112.462300, 31.340000 
50.675000, -113.087500, 25.600000 
55.196500, -112.570400, 24.940000 
52.610400, -114.821800, 61.222000 
50.522300, -111.652300, 27.599000 
56.313200, -111.636200, 167.620000 
54.268900, -111.143600, 31.155000 
57.877200, -119.740900, 201.243000 
49.652800, -111.231900, 40.834000 
52.111800, -112.731200, 92.246000 
53.561500, -116.577900, 1509.259000 
56.560600, -119.031700, 32.777000 
53.392300, -115.316900, 58.710000 
52.042900, -114.588800, 110.050000 
52.543100, -114.280500, 23.850000 
52.759300, -115.531900, 113.240000 
50.693200, -113.672900, 98.316000 
51.388100, -110.772500, 93.100000 
51.209800, -113.141000, 37.400000 
52.362900, -113.534900, 79.100000 
50.627800, -111.287500, 18.260000 
52.130100, -110.116900, 3.060000 
52.326500, -114.515200, 29.062600 
54.963600, -117.670700, 157.115400 
52.966800, -111.131600, 86.630000 
50.165900, -110.089100, 166.744000 
52.559300, -115.213000, 21.546000 
54.538100, -119.066400, 28.915000 
56.498700, -112.481600, 22.442000 
55.996800, -110.822600, 36.206000 
59.641800, -118.307800, 51.208000 
54.418100, -116.362000, 34.537000 
54.330800, -116.367000, 21.803000 
52.337200, -114.195300, 38.677000 
54.792900, -115.521700, 33.660000 
54.458200, -115.641400, 2.470000 
54.647300, -115.495800, 19.610000 
58.081200, -117.828800, 43.122000 
53.090400, -115.245000, 129.021000 
53.254000, -114.437900, 23.618000 
59.601800, -117.409700, 56.662000 
53.010400, -110.731400, 24.047000 
53.428700, -115.125800, 20.796000 
51.762600, -110.139700, 20.492000 
53.173900, -114.884600, 218.804000 
57.851600, -119.158100, 21.904000 
50.307500, -110.502500, 48.477700 
50.282400, -110.468900, 55.839900 
50.453200, -110.204700, 47.784400 
50.318700, -111.261700, 25.225300 
50.340400, -111.302000, 116.361700 
50.267600, -111.330600, 114.432900 
53.134000, -115.678900, 36.195000 
53.148700, -115.746100, 22.482000 
52.541200, -115.170800, 71.853300 
52.439300, -115.044700, 57.009300 
52.461400, -114.346900, 251.970200 
52.570100, -114.533200, 103.904100 
53.064700, -116.436900, 50.658400 
53.039400, -116.406400, 40.495200 
53.163100, -117.017800, 238.430500 
53.021100, -116.363600, 23.778600 
52.806800, -114.640400, 104.914900 
57.042500, -111.905000, 193.912500 
53.752300, -117.099300, 347.980000 
57.066200, -118.031700, 23.089000 
50.311200, -110.296600, 26.727000 
51.581600, -113.840400, 48.003000 
50.736800, -113.325700, 36.142000 
55.603900, -119.347800, 53.304000 
52.843100, -115.604700, 120.656000 
52.260900, -114.946900, 25.860000 
52.628400, -114.882100, 31.307000 
50.013100, -112.393100, 73.102000 
51.719000, -112.390100, 176.243000 
52.774000, -114.501000, 8.600000 
52.766800, -114.489100, 34.600000 
49.088900, -112.414800, 0.760000 
52.774000, -112.914300, 29.956600 
54.385300, -118.624900, 48.819600 
54.760100, -113.815800, 110.000000 
58.368300, -118.990000, 62.823000 
58.255700, -119.187300, 22.350000 
58.059200, -118.287500, 32.958000 
57.971400, -118.584100, 24.475000 
50.889400, -114.761800, 859.600000 
49.229200, -114.029100, 14.640000 
49.488900, -113.955100, 14.668000 
52.088200, -115.689400, 127.150000 
51.135900, -114.144900, 24.474000 
51.599900, -115.356900, 246.128000 
53.272300, -114.725300, 20.724000 
52.584800, -112.500100, 24.089000 
53.879800, -113.627400, 23.560000 
53.279500, -111.587000, 1159.630000 
53.195900, -111.911200, 124.040000 
52.024500, -112.916300, 99.455000 
52.701200, -112.259500, 292.084000 
55.640300, -119.627000, 75.488300 
53.734200, -118.395600, 43.220000 
52.711900, -116.338600, 25.034600 
52.697500, -116.320300, 23.289900 
53.712300, -116.148900, 30.703000 
52.766700, -116.393000, 375.366900 
54.476300, -119.173900, 85.802000 
54.359700, -119.138900, 45.352000 
55.458300, -119.573900, 31.916000 
53.854300, -117.391200, 293.998000 
55.789500, -112.281800, 56.712000 
55.411100, -118.885600, 25.047000 
54.359700, -118.756300, 20.444700 
54.265300, -116.342000, 213.178000 
54.119800, -116.273100, 295.686000 
54.221800, -116.197900, 35.513000 
53.923400, -116.775900, 37.075000 
53.799800, -116.092200, 173.114000 
54.079700, -118.342700, 29.702000 
53.607000, -116.537300, 35.898000 
54.034500, -117.180900, 147.706000 
54.178700, -117.328400, 949.791000 
53.711900, -117.052500, 64.915000 
53.918400, -117.297000, 62.967000 
54.341400, -116.301500, 82.352000 
56.223300, -119.570800, 20.166000 
52.989300, -114.157900, 160.526000 
52.874300, -110.428000, 23.389000 
52.830300, -116.272200, 375.447000 
52.682300, -114.392900, 40.178000 
52.958200, -114.679900, 71.411000 
52.874300, -110.162700, 32.085000 
56.364200, -119.934300, 39.567000 
55.341700, -118.914200, 27.070000 
55.338100, -118.536700, 20.971000 
50.168300, -112.299800, 46.783000 
50.013100, -112.611500, 277.441000 
52.031800, -112.629500, 20.050000 
55.194800, -111.486700, 20.000000 
53.970700, -115.744200, 21.294000 
53.170400, -115.177800, 24.000000 
53.484800, -115.607600, 236.781000 
53.385100, -115.612800, 371.534000 
53.290400, -115.831900, 161.832000 
52.180900, -113.083200, 208.259000 
54.512600, -111.717000, 31.030000 
55.174800, -112.281000, 62.312000 
54.465400, -113.221600, 61.505000 
54.162360, -115.733900, 840.708000 
50.398600, -112.847300, 79.840000 
52.846800, -114.185700, 24.755000 
51.828200, -111.774200, 28.758500 
49.911100, -112.404500, 23.210300 
52.937600, -114.270700, 21.657000 
53.017600, -114.370700, 27.077000 
56.218700, -116.251300, 48.953000 
54.105400, -117.526500, 545.442000 
54.225300, -118.305200, 88.448000 
53.952600, -117.559000, 111.121000 
56.007600, -113.343900, 38.179000 
52.601300, -115.221600, 22.116000 
52.395700, -113.047700, 24.989000 
56.007600, -113.402800, 140.125000 
54.054200, -118.308700, 112.874000 
51.559000, -112.471500, 21.823000 
51.919000, -112.686200, 20.105000 
53.977900, -116.751200, 26.310000 
50.744200, -110.130000, 54.752000 
50.896900, -110.633600, 70.540000 
50.824200, -110.859400, 86.465000 
49.972800, -110.755600, 78.658000 
50.084400, -110.607000, 25.960000 
49.988300, -110.914000, 62.867000 
50.022400, -110.743000, 81.899000 
51.020600, -111.402200, 33.150000 
50.093100, -110.732800, 169.923000 
50.136700, -110.732800, 57.336000 
50.533100, -112.444200, 109.306000 
56.330380, -119.243490, 34.132000 
53.590480, -116.172680, 35.155000 
50.111100, -113.482500, 38.242000 
51.162600, -112.021200, 23.741000 
50.187500, -112.153400, 20.269000 
52.159300, -112.749000, 21.600000 
51.984500, -112.784800, 83.740000 
52.050000, -110.420600, 37.382000 
51.580900, -112.977000, 34.709000 
51.599000, -113.029900, 55.896000 
51.660900, -113.017900, 24.201000 
51.624500, -112.952600, 220.990000 
51.700900, -112.852000, 141.966000 
51.515400, -112.953400, 21.747000 
52.555700, -114.449100, 67.561000 
52.515700, -114.449100, 30.106000 
52.512000, -114.394900, 76.157000 
52.541200, -114.322700, 20.405000 
52.490100, -114.232400, 28.281000 
52.537600, -114.292700, 95.756000 
55.251100, -119.426100, 33.424000 
52.759300, -114.125200, 159.655000 
52.543100, -114.280500, 47.952000 
52.384800, -114.382900, 20.929000 
52.803100, -115.665500, 27.639000 
52.468400, -114.328800, 36.634000 
51.395400, -111.331700, 30.818000 
52.748400, -115.513900, 24.567000 
52.028200, -113.572700, 38.230000 
51.973700, -113.572700, 53.505000 
51.930100, -113.538800, 111.023000 
52.035400, -113.614300, 67.923000 
55.367500, -119.220300, 33.220000 
52.915900, -114.006000, 51.234000 
52.944800, -114.264600, 52.874000 
51.813700, -113.621800, 63.827000 
54.956400, -119.783300, 195.851000 
56.271846, -111.498890, 6149.884000 
54.807300, -115.413300, 56.340000 
54.752900, -115.439200, 22.592000 
54.800000, -115.520600, 38.473000 
53.767000, -117.497000, 272.390200 
54.372300, -118.521700, 63.065000 
54.445300, -118.607600, 70.602000 
55.041200, -110.577800, 33.250000 
53.578344, -115.855642, 60.604000 
51.075100, -112.575300, 25.105000 
51.428200, -113.458800, 23.201000 
52.857600, -115.513900, 45.599000 
51.286200, -113.200200, 60.332000 
55.876800, -111.326700, 57.191000 
52.035400, -113.453200, 21.493000 
51.049800, -113.659900, 31.992000 
52.435700, -110.364700, 21.619000 
51.399000, -112.683100, 78.269000 
51.879000, -112.792600, 36.647000 
51.639000, -112.840100, 21.149000 
51.784500, -113.532900, 113.323000 
53.857900, -113.397400, 57.199000 
54.279800, -117.012600, 21.555000 
50.758700, -112.122000, 28.658000 
53.272300, -113.072700, 27.943000 
51.359000, -112.418700, 36.558000 
51.402600, -112.330600, 29.837000 
51.737300, -113.124300, 20.710000 
51.479000, -112.982800, 30.011000 
55.443900, -118.975800, 21.812000 
51.668100, -113.615000, 40.416000 
54.796400, -119.082000, 30.081000 
52.213700, -114.308200, 138.208500 
58.011900, -119.480700, 55.693000 
52.890400, -114.246600, 39.385000 
56.506100, -119.432000, 83.788000 
50.995300, -113.973800, 0.014000 
52.942400, -113.511100, 91.129500 
52.086500, -112.754800, 49.800000 
51.900900, -111.608400, 163.178800 
54.166900, -118.486900, 92.318000 
51.489800, -112.888700, 40.533000 
50.831400, -110.865000, 31.958000 
49.907500, -112.227600, 20.610000 
52.060900, -113.888800, 22.530000 
53.847000, -113.981600, 0.020000 
54.668900, -117.651600, 25.661000 
53.374300, -111.809800, 99.455000 
53.363200, -112.039500, 124.319000 
51.671700, -112.507500, 67.132000 
52.039300, -112.987700, 67.132000 
53.134000, -111.850100, 50.229000 
57.217500, -110.895000, 1583.041400 
53.454300, -117.159800, 30.168000 
54.301700, -118.649900, 193.991000 
53.890700, -117.465900, 37.257000 
56.666700, -111.345100, 184.000000 
56.055100, -115.366500, 42.691000 
52.039300, -111.376500, 32.520000 
53.486800, -114.330700, 62.780000 
52.875700, -111.422500, 50.440000 
52.144900, -111.752000, 28.586000 
50.184300, -110.508300, 35.477000 
53.558600, -113.368000, 68.500000 
55.835800, -114.697100, 99.029000 
51.948100, -113.711300, 67.570000 
51.727500, -113.819000, 152.110000 
52.604900, -113.196300, 29.261000 
53.885300, -117.178700, 27.334000 
57.382700, -118.979400, 26.203000 
53.154100, -116.460300, 45.425000 
53.221000, -114.668000, 24.456000 
54.903200, -115.205800, 36.479000 
51.659100, -111.311500, 27.677800 
50.993800, -113.990000, 20.082000 
55.201500, -119.881400, 252.043000 
51.505300, -112.475000, 21.823000 
52.725100, -113.169500, 29.560000 
52.761600, -113.133400, 6.110000 
55.434200, -114.550000, 68.978000 
57.211800, -118.010800, 77.179000 
54.897400, -119.115000, 33.356000 
53.141500, -110.581100, 23.458000 
53.145100, -110.623800, 23.561000 
53.134300, -110.587100, 23.800000 
53.134300, -110.635900, 23.458000 
53.156000, -110.660300, 28.457000 
53.137900, -110.654200, 28.405000 
53.145100, -110.642200, 23.458000 
53.155900, -110.598100, 23.422000 
53.156000, -110.638400, 24.441000 
53.156000, -110.615800, 23.458000 
53.156900, -110.605500, 23.458000 
53.149700, -110.624100, 28.354000 
53.134300, -110.642200, 23.458000 
55.733200, -118.998900, 47.472100 
53.914400, -117.573700, 511.601000 
53.987100, -117.351500, 276.691100 
51.411700, -113.285800, 68.428000 
50.442900, -111.857300, 68.060000 
49.535100, -111.112000, 23.648000 
51.280800, -112.818900, 58.380000 
55.460700, -119.982500, 24.529000 
52.081000, -113.597900, 21.493000 
53.783400, -112.339300, 21.868000 
51.557200, -113.402600, 38.474000 
50.683000, -111.548000, 32.936000 
52.841500, -116.035500, 112.755000 
50.624800, -111.588500, 65.313000 
52.867000, -116.253100, 42.810000 
51.993700, -113.123700, 26.360000 
51.865500, -112.954700, 28.480000 
52.095600, -113.147400, 20.870000 
54.412200, -110.336100, 23.356000 
49.119100, -113.761500, 195.975000 
53.550000, -113.466700, 63.597100 
51.364000, -110.285900, 33.144000 
50.723300, -112.789100, 29.740000 
50.326300, -110.328500, 67.585300 
52.867000, -116.549200, 30.858400 
53.143200, -116.923400, 89.826200 
52.943400, -116.742600, 133.860000 
50.155700, -114.453300, 171.128800 
54.423700, -119.349700, 31.781000 
50.486700, -112.917000, 145.677000 
52.747200, -114.415600, 7.220000 
52.546700, -115.260600, 65.039000 
52.401200, -114.591500, 22.073000 
53.477400, -117.026300, 24.414000 
53.703000, -117.234900, 189.185000 
52.094000, -114.737100, 21.155000 
58.781600, -118.602700, 21.373000 
58.963400, -118.361500, 23.339000 
53.332400, -111.451000, 41.090000 
53.245100, -111.596700, 77.890000 
53.303300, -111.451000, 111.887000 
53.230500, -111.863900, 72.105000 
53.376000, -111.830200, 72.105000 
52.585700, -116.036700, 25.621000 
53.870700, -116.166400, 165.269000 
56.486500, -114.120400, 46.000000 
54.452300, -114.874300, 76.274000 
54.353900, -114.811100, 31.151000 
52.764900, -114.957500, 319.491000 
52.881600, -111.343300, 29.430000 
52.941200, -118.043000, 527.640000 
57.546100, -119.106200, 88.071000 
57.066400, -118.029400, 40.256000 
55.714000, -115.898300, 25.493000 
50.593000, -111.492000, 25.450000 
53.175900, -115.271100, 235.760000 
55.160200, -118.818400, 469.131200 
53.707700, -116.435600, 25.348000 
50.187900, -112.225200, 22.422000 
53.559400, -113.347200, 182.000000 
56.850000, -119.836900, 41.492000 
53.571500, -117.045300, 235.567200 
55.392400, -119.134800, 48.537000 
56.473900, -119.722200, 24.342000 
55.160300, -116.162000, 32.368000 
50.701400, -111.554300, 159.169000 
52.728700, -113.006500, 69.993000 
51.570600, -113.688200, 203.850000 
51.680100, -113.935100, 84.010000 
51.723600, -113.616200, 132.170000 
51.770800, -113.622100, 493.650000 
51.640200, -113.710700, 50.040000 
52.184300, -112.937300, 21.749000 
56.733600, -115.284900, 30.350400 
55.698600, -119.715100, 46.077000 
52.361000, -113.819400, 5.516000 
52.549200, -113.840800, 22.532000 
49.720000, -113.500300, 14.519000 
53.599500, -111.416200, 12.529000 
54.691700, -119.161000, 22.772000 
52.359500, -112.845000, 27.614000 
52.337500, -113.042500, 25.181000 
53.666400, -117.259600, 62.209000 
55.827200, -116.555400, 21.342000 
54.040000, -114.130000, 0.920000 
56.482100, -117.963100, 112.696000 
52.295900, -115.146700, 26.158000 
52.530400, -112.934800, 36.670000 
52.240800, -114.909200, 29.821000 
50.973600, -112.711700, 102.760000 
53.936200, -113.499600, 2.830000 
53.753700, -114.443000, 1.300000 
51.625300, -111.195200, 16.180000 
51.600900, -111.231500, 4.930000 
57.340500, -119.621600, 24.992000 
50.866100, -113.650500, 36.591000 
56.584400, -119.410600, 52.980000 
50.393200, -113.828900, 89.378000 
51.557200, -113.110700, 31.356000 
50.320400, -113.087100, 25.019000 
53.652500, -115.989400, 131.590000 
51.177800, -112.060300, 24.273000 
52.419400, -115.029800, 27.714000 
51.716900, -112.761700, 20.112000 
51.578500, -112.916200, 23.988000 
53.735600, -115.701500, 25.556000 
49.959800, -113.546000, 44.708000 
54.030100, -117.008300, 28.390000 
52.459500, -114.304600, 93.412000 
57.662400, -119.822600, 109.979000 
52.681500, -113.121100, 59.520000 
54.323200, -110.925700, 42.021000 
54.252300, -110.014600, 24.913000 
58.686900, -118.870200, 53.799000 
54.055700, -117.243900, 273.135000 
53.761100, -117.349200, 232.152600 
53.655600, -117.081700, 493.726900 
50.501000, -112.223700, 44.294000 
51.727200, -113.196900, 25.167000 
51.669000, -113.119900, 24.329000 
55.311000, -119.932400, 43.139000 
52.072000, -113.073300, 24.083000 
54.171000, -118.334400, 276.554000 
50.963200, -113.380000, 86.460000 
50.485300, -111.171600, 131.465000 
50.448100, -110.574400, 50.130000 
51.989100, -113.452300, 52.152000 
50.485300, -111.449700, 29.778000 
51.294100, -112.668100, 21.285000 
55.373190, -114.747800, 41.067000 
53.745100, -113.235600, 237.619000 
52.808600, -115.270700, 36.722000 
55.071100, -119.032100, 36.250000 
53.596200, -113.332100, 151.770000 
52.689400, -114.862300, 29.859000 
54.342700, -110.328700, 288.163200 
54.769600, -111.904600, 41.873000 
54.128600, -116.928000, 76.970000 
54.197700, -116.761000, 507.754000 
55.743000, -114.147400, 50.100000 
56.528200, -114.071600, 149.302000 
56.524400, -113.464600, 96.263000 
53.812800, -110.003500, 43.930000 
50.423400, -112.788800, 70.210000 
54.285000, -115.698200, 69.010000 
51.465100, -113.512200, 21.720000 
53.161400, -116.973500, 28.226800 
53.768300, -116.915400, 166.844000 
53.761100, -117.367500, 93.723000 
52.124700, -113.677200, 46.600000 
52.223000, -113.659300, 37.300000 
51.787100, -113.335700, 52.800000 
52.790600, -114.549600, 1.760000 
53.034200, -115.290800, 38.694000 
56.337000, -119.240200, 10.719000 
56.256700, -119.626500, 63.960000 
52.277500, -112.862900, 35.261000 
52.557700, -115.977200, 27.325900 
54.175700, -119.534400, 91.915000 
53.837700, -116.708500, 23.232000 
54.387300, -114.753100, 53.359000 
54.525100, -116.796200, 46.038000 
54.125100, -116.816700, 215.359000 
49.901400, -111.097200, 21.294000 
52.641400, -115.125800, 32.968000 
49.984100, -110.041800, 29.305000 
52.583000, -113.734000, 122.116000 
53.223000, -115.973000, 25.162000 
52.579300, -113.513500, 40.500000 
52.868700, -113.142400, 49.900000 
51.157600, -114.191600, 2486.142000 
53.678600, -113.804600, 0.698000 
53.007200, -117.327200, 7.512000 
55.998000, -118.532200, 126.581000 
54.863300, -119.001700, 46.696000 
54.352100, -119.460100, 24.312000 
54.116900, -110.214800, 23.408000 
54.029600, -110.788100, 22.609000 
51.665100, -113.763000, 49.850000 
52.148200, -112.786300, 23.060000 
52.410100, -112.969700, 44.618000 
51.814300, -113.763000, 78.840000 
49.958600, -113.543700, 21.650000 
52.096300, -112.701200, 32.841000 
51.767000, -113.703800, 47.910000 
54.197600, -116.685500, 23.507000 
53.066800, -115.412200, 178.680700 
54.811600, -118.871600, 21.223000 
54.479100, -119.749800, 47.003000 
55.844600, -111.091400, 47.208000 
54.830600, -118.682100, 25.463000 
54.416700, -118.735900, 124.635000 
52.960600, -115.259800, 38.823000 
52.830800, -115.141000, 67.248000 
53.106900, -115.936400, 20.094000 
54.154200, -117.560400, 34.413000 
54.752100, -119.602200, 124.235000 
53.032100, -111.245100, 20.337000 
56.193600, -110.950600, 330.943000 
53.348000, -115.995300, 166.723000 
54.855200, -119.569100, 20.636000 
54.665400, -119.026200, 45.153000 
54.608900, -119.016700, 24.025000 
54.404000, -118.882700, 116.196000 
54.449900, -118.882600, 21.925000 
54.496800, -118.990300, 21.082000 
54.715300, -119.505100, 41.411000 
53.085700, -116.114600, 37.746000 
52.954900, -115.013400, 33.894000 
54.643700, -119.376800, 31.930000 
55.052400, -119.453000, 155.149000 
54.833700, -119.425700, 58.930000 
54.674300, -119.438800, 89.503000 
52.552400, -112.880800, 34.050000 
52.342200, -112.764800, 11.810000 
53.892100, -110.134600, 28.041000 
50.395500, -112.521600, 89.250000 
52.674300, -113.985300, 20.680000 
54.501400, -111.070200, 38.383000 
54.497000, -111.021700, 68.358000 
51.912900, -113.627900, 78.212000 
54.506100, -111.058000, 44.294000 
55.527900, -110.873800, 473.348000 
50.690600, -111.046300, 22.034000 
54.226800, -118.628100, 149.534000 
52.494100, -113.324500, 20.790000 
55.787200, -119.623500, 43.570000 
51.348700, -113.658600, 27.232000 
51.057000, -113.703900, 181.915000 
51.348700, -113.031900, 25.646000 
51.308800, -113.341700, 53.045000 
50.469900, -111.859400, 20.693000 
52.621400, -113.684400, 30.458000 
52.053800, -113.251900, 33.335000 
55.692200, -119.529200, 62.580000 
52.372100, -115.060000, 49.078000 
55.666400, -110.714000, 219.084000 
56.411700, -110.937600, 1415.113000 
54.856700, -119.333400, 42.431000 
53.623400, -116.858600, 103.730000 
55.248000, -115.083800, 22.400000 
55.233400, -115.069700, 216.910000 
53.193900, -115.291900, 174.592000 
53.054200, -114.935400, 173.162000 
55.047200, -114.447300, 21.879000 
52.594100, -114.879300, 33.764000 
51.898100, -113.567200, 23.800000 
50.235000, -110.391000, 57.783200 
54.198900, -119.052900, 75.946800 
52.591600, -115.347500, 55.289000 
54.323000, -110.250000, 106.891000 
54.656560, -119.915230, 112.921800 
54.324500, -119.815800, 26.660000 
55.662600, -111.257700, 33.712100 
53.184300, -115.488000, 31.580000 
57.486000, -113.793600, 49.771000 
53.975700, -117.287500, 82.844000 
55.997100, -113.473700, 26.218000 
51.716800, -114.642400, 290.738000 
55.608800, -118.003600, 22.520000 
55.640500, -117.119300, 55.280000 
53.791200, -114.612900, 34.300000 
55.489500, -118.325200, 59.890000 
55.201800, -117.914900, 27.686000 
50.243000, -113.608600, 82.256000 
55.145100, -116.211800, 52.335000 
55.848200, -111.961800, 65.344000 
52.884000, -111.721700, 33.807000 
52.483800, -114.282200, 25.036000 
53.391700, -115.151300, 23.101000 
52.299900, -113.046100, 18.269000 
52.144900, -113.180500, 26.458000 
56.277500, -116.798300, 26.153900 
56.299100, -116.798300, 20.865500 
49.940600, -112.407300, 37.445300 
56.753700, -115.281400, 30.350400 
53.190400, -115.223500, 25.012100 
54.030800, -116.659500, 23.699000 
55.069400, -113.313900, 21.874000 
53.499200, -116.805300, 76.974000 
53.892300, -117.336400, 33.346000 
54.612700, -118.213800, 38.440000 
55.645600, -119.436200, 27.165000 
55.543200, -119.024800, 21.452000 
54.234200, -111.691400, 24.781000 
53.540300, -111.784400, 33.354000 
50.289900, -113.394900, 21.191000 
50.876100, -113.686900, 57.308000 
50.568900, -113.628500, 20.603000 
56.113500, -111.829300, 146.351000 
51.650800, -113.008000, 20.405000 
53.048700, -115.077200, 67.372000 
52.042900, -113.579100, 40.806000 
52.758000, -114.107400, 721.245000 
53.107500, -116.763500, 257.906000 
51.984700, -113.311200, 20.403000 
54.140900, -116.995900, 93.266000 
51.959900, -113.562700, 20.405000 
52.950900, -115.104400, 196.496000 
54.287500, -115.992200, 21.747000 
54.054300, -117.165300, 34.791000 
54.856100, -119.688000, 31.951000 
54.724800, -119.092900, 25.006000 
52.983900, -115.025700, 44.871000 
54.699800, -119.048100, 31.951000 
54.033000, -117.758100, 26.394000 
51.934500, -113.332500, 40.809000 
53.450100, -116.033600, 169.788000 
51.879900, -113.362300, 40.809000 
52.530400, -112.910800, 2.660000 
52.399400, -112.868800, 22.810000 
52.490300, -112.964700, 20.720000 
52.754200, -113.127400, 2.660000 
50.442800, -111.519600, 415.866000 
53.608500, -115.435600, 20.389000 
54.061900, -117.748000, 48.193000 
51.999300, -112.603300, 1.730000 
54.302500, -118.644200, 400.971000 
56.177100, -113.058200, 31.423000 
52.017400, -113.424300, 20.133000 
54.886000, -110.466200, 59.149000 
54.975300, -110.354200, 32.742000 
54.062900, -117.782600, 54.021000 
53.436500, -115.989600, 31.619000 
51.396500, -114.028100, 21.853000 
54.830600, -119.662600, 162.215000 
50.898800, -110.483500, 22.847000 
52.302950, -112.081110, 76.716000 
56.063500, -118.088400, 23.880000 
55.346900, -114.030900, 22.993000 
53.081400, -115.570800, 70.482000 
58.439800, -119.154600, 37.240000 
50.861800, -114.767700, 23.610000 
55.748500, -112.560200, 24.991000 
55.022900, -118.573300, 140.172000 
53.713400, -110.746600, 52.941000 
53.044900, -115.985100, 23.750000 
52.459500, -113.729500, 22.843700 
52.732500, -115.225500, 80.539000 
53.653100, -116.834200, 15.540000 
55.239900, -115.083700, 21.320000 
52.283000, -113.222200, 13.460000 
50.247000, -110.356700, 28.717300 
54.541100, -118.179200, 42.041000 
54.439400, -118.250400, 46.643000 
54.241500, -117.291600, 25.935300 
53.957500, -117.076600, 157.322800 
53.855600, -116.983600, 135.258300 
53.499300, -117.155100, 44.497000 
54.154200, -117.222800, 28.433000 
53.943100, -118.746600, 25.584000 
52.758000, -115.310300, 20.370000 
54.346700, -114.898500, 34.979000 
54.248500, -114.730000, 79.685000 
53.840500, -111.901600, 27.415000 
51.074900, -114.138700, 31.200000 
57.286600, -111.599500, 57.597000 
57.335400, -111.755600, 857.358000 
55.554100, -119.755400, 179.236000 
54.120600, -116.996700, 33.737000 
52.734200, -114.625500, 91.360000 
51.629100, -114.243600, 51.149000 
50.894500, -111.490600, 20.683000 
58.768400, -111.098300, 38.705000 
56.846300, -114.417200, 30.350400 
56.853600, -114.417200, 30.350400 
56.751700, -115.278100, 30.350400 
54.493400, -119.890600, 44.823000 
54.146700, -116.123100, 39.641000 
53.587400, -113.364700, 50.000000 
55.306100, -111.193800, 24.729000 
54.883900, -119.864100, 31.794000 
52.530100, -114.511100, 32.714000 
52.674300, -114.185900, 34.768000 
51.872800, -113.363800, 31.632000 
54.015600, -116.965100, 28.810000 
54.234000, -119.221500, 62.238000 
53.110600, -116.223100, 46.666000 
54.229400, -117.589200, 155.027000 
52.968900, -115.872400, 24.882000 
51.852200, -113.254100, 72.639000 
54.841500, -119.135000, 48.430000 
53.676100, -110.987900, 30.234000 
54.517900, -118.488000, 78.870000 
53.659800, -116.650500, 55.660000 
53.190600, -115.528900, 172.948000 
54.643600, -118.382900, 30.431000 
53.982800, -116.734200, 22.112000 
54.516600, -111.028600, 24.525000 
54.488200, -111.018000, 32.903000 
54.462100, -110.820700, 35.838000 
54.447600, -110.801800, 21.003000 
54.482200, -111.078400, 24.034000 
54.517800, -110.817900, 45.622000 
54.476700, -111.053800, 27.383000 
54.516600, -110.990900, 25.812000 
54.492900, -111.069300, 34.149000 
54.479400, -111.025200, 23.357000 
54.496800, -111.021800, 24.323000 
54.505800, -111.034800, 27.660000 
54.491200, -111.041400, 31.550000 
54.447600, -110.820700, 31.304000 
54.534300, -111.121700, 27.706000 
54.515500, -111.014800, 51.529000 
54.502900, -110.909700, 37.946000 
54.489200, -110.918600, 28.268000 
54.520300, -111.053800, 35.910000 
54.505800, -111.057900, 27.553000 
54.520300, -111.060000, 27.945000 
54.487600, -111.028600, 27.298000 
54.516600, -111.047600, 46.057000 
54.511700, -111.007500, 29.184000 
52.563000, -112.952700, 23.252000 
52.139300, -112.941700, 39.542000 
52.032600, -113.030700, 47.278000 
51.980200, -113.005700, 53.105000 
50.083100, -110.049100, 22.671000 
55.765000, -119.574200, 66.412000 
51.531100, -113.276200, 30.666000 
51.642400, -113.334300, 60.419000 
56.151600, -117.919500, 27.850000 
54.006600, -119.105500, 1314.927000 
53.248700, -115.388000, 35.783000 
55.056600, -118.766200, 87.177000 
55.778500, -112.491600, 32.444000 
51.465100, -112.516000, 55.062200 
51.530200, -112.136700, 41.553300 
51.505300, -110.728600, 24.611000 
51.352400, -111.197300, 20.952000 
51.266400, -111.044600, 25.180000 
51.188700, -110.490400, 34.861000 
54.743500, -119.073300, 60.119000 
54.702200, -118.777800, 36.258000 
54.760400, -118.889100, 34.008000 
52.626700, -114.603400, 32.698000 
55.194800, -113.033400, 29.162000 
51.815600, -112.455500, 25.677000 
54.503700, -115.487800, 31.450000 
53.433700, -115.988400, 88.136000 
52.630200, -114.903300, 28.307000 
52.888600, -113.788000, 40.999000 
52.618800, -112.147700, 58.420000 
51.993100, -113.045100, 47.241000 
51.581700, -113.838000, 26.359000 
52.723200, -115.493000, 41.625000 
53.944600, -116.674600, 93.132000 
54.490100, -111.079400, 23.746000 
54.567900, -111.092800, 37.115000 
51.219100, -114.640500, 56.312000 
52.695900, -113.296600, 23.788000 
54.552600, -111.101300, 28.002000 
54.563900, -110.978100, 24.148000 
54.194130, -116.985507, 34.346000 
54.055670, -117.187925, 20.094000 
52.703757, -114.572462, 25.878000 
54.110410, -117.529300, 34.413000 
54.527530, -119.910600, 26.896000 
55.117900, -119.894000, 63.805000 
55.041500, -119.631000, 586.629000 
52.732520, -115.225400, 149.171000 
53.131335, -116.188861, 125.763000 
52.874260, -115.425100, 43.833000 
53.900650, -116.744400, 50.600000 
53.195910, -111.799700, 20.741000 
52.689440, -115.030300, 110.179000 
50.104502, -112.695343, 71.026000 
51.946060, -114.859300, 42.186000 
52.142190, -113.000000, 26.302000 
51.840630, -113.468600, 26.302000 
52.012583, -112.983617, 49.382000 
52.441500, -114.304600, 24.882000 
55.666382, -110.714044, 815.059000 
53.343377, -115.997169, 37.801000 
53.583622, -116.842838, 28.984000 
53.226456, -114.033728, 189.300000 
54.491400, -110.935100, 20.494000 
54.469100, -110.930300, 27.819000 
56.293250, -116.794830, 26.127700 
56.292560, -116.768520, 25.368300 
53.249497, -113.203491, 46.133700 
54.430059, -119.215241, 34.540000 
52.436100, -113.378300, 21.220900 
54.196180, -119.137859, 91.842000 
55.767572, -119.774656, 198.106000 
56.278970, -116.844250, 21.729500 
56.147110, -116.294328, 686.066800 
51.465640, -114.467560, 58.487000 
52.162940, -110.621170, 59.765000 
50.882910, -114.777600, 28.660000 
53.443180, -117.655400, 103.361000 
55.815390, -111.444400, 183.163000 
52.543170, -114.532650, 73.170000 
52.726153, -114.417716, 28.461000 
54.204974, -116.760593, 53.680000 
57.113650, -118.064470, 30.370000 
54.859641, -114.958118, 103.987200 
54.879140, -118.966200, 29.859200 
55.459690, -114.769748, 42.850000 
56.113140, -111.715340, 176.630000 
52.463020, -114.346890, 65.430000 
53.699375, -115.976323, 69.736000 
54.253534, -118.001306, 102.014000 
52.258050, -113.880800, 2.610000 
53.162257, -114.205282, 110.300000 
54.019300, -117.819900, 80.330000 
54.288550, -116.667100, 62.575000 
54.062895, -117.082694, 23.393000 
55.015940, -118.601180, 20.555000 
52.424682, -114.206755, 84.044000 
52.760118, -114.997929, 23.638000 
49.952697, -111.097089, 21.294000 
52.553348, -114.523110, 99.359000 
51.891500, -114.642450, 34.030000 
55.989470, -113.294787, 38.675000 
57.338567, -118.658395, 20.766000 
55.493589, -118.975282, 29.223000 
52.806108, -112.442343, 22.024000 
52.793459, -114.230068, 22.199000 
53.746585, -110.261976, 27.019000 
54.612765, -118.214339, 64.020000 
55.631636, -112.189239, 26.471000 
54.786452, -112.743829, 24.379000 
53.868547, -110.201304, 32.569000 
57.363681, -119.753423, 85.658000 
56.069368, -119.640148, 20.866000 
56.174252, -118.283492, 21.993000 
54.412662, -112.252014, 20.136000 
54.674098, -118.459589, 30.388000 
54.184783, -118.080993, 128.571000 
54.073409, -115.853394, 22.319000 
52.765274, -114.185866, 20.405000 
54.723108, -119.104521, 23.855000 
55.524545, -110.998753, 112.768000 
54.520552, -110.916413, 24.142000 
55.351198, -110.631166, 93.955000 
54.033822, -117.757794, 66.988000 
54.950802, -119.436852, 21.009000 
55.691822, -111.279327, 38.582000 
51.607863, -113.521976, 41.715000 
54.099661, -117.772711, 29.564000 
51.612076, -113.439760, 21.472000 
52.190693, -112.985860, 20.352000 
51.612778, -113.490278, 27.735000 
51.097986, -112.397404, 106.927000 
51.433058, -112.461961, 25.421000 
54.761590, -119.098400, 23.685000 
50.105628, -112.238941, 76.636000 
52.659529, -115.305903, 21.975000 
54.868300, -119.074800, 86.947000 
57.875447, -118.414035, 45.064000 
54.490657, -118.597906, 111.255000 
54.709648, -118.600073, 26.213000 
53.154195, -115.314893, 21.548000 
54.946359, -119.835394, 85.175000 
53.128697, -115.485803, 47.948000 
50.583659, -113.295243, 44.860000 
55.404330, -119.482020, 25.074000 
55.670280, -119.514970, 92.522000 
55.692060, -119.526920, 26.954000 
51.713230, -114.695610, 27.390000 
52.428360, -111.735360, 41.884000 
52.732440, -116.512950, 57.050000 
53.134160, -110.532510, 28.405000 
53.137820, -110.544690, 23.592000 
53.206260, -114.983810, 233.711000 
53.776065, -116.797230, 58.246000 
52.983000, -111.561000, 22.440000 
52.954130, -111.676010, 56.900000 
52.968780, -111.663940, 56.900000 
51.651280, -114.034230, 21.320000 
53.292420, -115.967240, 39.195000 
53.982920, -116.989870, 93.964000 
56.568280, -118.449240, 61.508000 
55.234190, -115.081850, 34.170000 
55.622580, -112.654920, 78.701000 
55.241540, -115.133220, 30.980000 
55.245070, -115.133230, 20.510000 
54.168660, -118.059720, 24.402000 
54.350029, -117.942696, 25.938000 
52.426770, -114.220820, 57.751000 
52.470520, -114.250870, 59.023000 
54.415870, -114.174330, 400.245000 
52.293671, -114.294419, 40.499600 
52.212940, -113.447860, 8.910000 
53.846565, -112.917641, 20.407000 
53.819806, -112.916951, 38.189000 
53.848653, -112.912213, 20.245000 
54.077740, -116.179690, 36.801000 
54.825813, -119.166614, 39.509000 
54.386810, -118.771920, 209.321000 
54.317560, -119.259270, 56.466000 
54.481680, -118.985290, 65.325000 
54.361360, -118.753140, 217.040000 
54.390420, -118.965610, 61.835000 
57.073680, -119.372700, 24.858000 
53.306830, -116.935880, 255.953000 
53.401901, -115.569198, 23.142000 
53.858000, -112.434000, 22.590000 
55.670280, -119.514970, 92.522000 
55.602130, -119.378720, 40.745000 
53.151622, -110.647409, 23.561000 
56.306500, -116.844200, 25.316100 
51.738477, -113.121682, 76.523000 
54.670697, -119.218295, 81.020000 
