56.377200, -117.175600, 243.766900 
53.733200, -113.175000, 0.022000 
53.288500, -110.018300, 0.018000 
50.747700, -114.494700, 0.373000 
54.572300, -115.522900, 1.194000 
54.596400, -110.395000, 0.100000 
53.343600, -113.526900, 2.590000 
49.789400, -112.126100, 2.403000 
52.496000, -114.988000, 0.600000 
52.959300, -115.893800, 1.200000 
52.776100, -115.660700, 1.200000 
52.758100, -114.111600, 1.200000 
52.226300, -115.177000, 1.200000 
52.308300, -113.550000, 1.020000 
50.080710, -110.727860, 488.768000 
51.191300, -113.940900, 2.178000 
53.841600, -113.097900, 120.600000 
50.982200, -113.974200, 0.113000 
53.570000, -113.611400, 0.778000 
53.227700, -114.988900, 13.357000 
53.593060, -116.390300, 39.887000 
55.071200, -118.691200, 148.056000 
53.413300, -117.570600, 489.921000 
50.845800, -113.586700, 91.000000 
53.541700, -113.391700, 0.200000 
53.181200, -115.762500, 0.322300 
54.833300, -118.646700, 0.362000 
53.204500, -116.811200, 1.000000 
50.086600, -110.716700, 211.042000 
51.526000, -113.880000, 0.146000 
51.400100, -114.034300, 0.259500 
51.789600, -114.702800, 9.836500 
54.238200, -115.379700, 102.580000 
55.029800, -118.744000, 156.653300 
55.162300, -118.816600, 10.218000 
53.250200, -115.555500, 0.110000 
53.571290, -113.355400, 8.650000 
59.063100, -118.875700, 0.219600 
51.000700, -113.965670, 4.448200 
51.010160, -113.964210, 5.308800 
54.133300, -115.366600, 21.064900 
58.518800, -117.119500, 19.509200 
53.902300, -115.189300, 1.200000 
53.402700, -117.599300, 10.331100 
53.282300, -113.542000, 0.114000 
59.641800, -118.307800, 0.241000 
56.218700, -116.251300, 16.300000 
53.559400, -113.347200, 5.000000 
52.309150, -113.809970, 0.460000 
55.175000, -118.785400, 1.301500 
53.301700, -110.012600, 0.432000 
53.504100, -113.373300, 0.114600 
55.666400, -110.714000, 0.002000 
56.411700, -110.937600, 0.001000 
56.303500, -116.556300, 69.000000 
54.323000, -110.250000, 20.400000 
53.576900, -116.452400, 0.388300 
52.346940, -113.783110, 0.056000 
