53.559200, -113.388800, 0.099000 
51.191300, -113.940900, 0.100000 
57.003300, -111.466100, 0.111100 
50.982200, -113.974200, 0.012000 
53.570000, -113.611400, 0.033000 
51.000700, -113.965670, 0.751800 
51.010160, -113.964210, 1.445500 
51.001500, -114.037200, 0.324000 
51.024190, -114.035300, 2.100000 
53.282300, -113.542000, 0.001000 
56.218700, -116.251300, 8.200000 
53.288900, -110.012000, 3.360000 
55.175000, -118.785400, 0.073800 
53.301700, -110.012600, 0.046000 
53.504100, -113.373300, 0.052000 
53.576900, -116.452400, 0.087800 
52.346940, -113.783110, 0.063000 
