53.288500, -110.018300, 0.877000 
50.747700, -114.494700, 1.923000 
54.596400, -110.395000, 0.509000 
50.647500, -113.772000, 0.277000 
53.746900, -113.164500, 2.267000 
52.959300, -115.893800, 2.196000 
52.776100, -115.660700, 1.323000 
52.758100, -114.111600, 3.018000 
52.226300, -115.177000, 1.603000 
52.308300, -113.550000, 3.315000 
51.191300, -113.940900, 1.599000 
53.652000, -116.099200, 3.344000 
54.423300, -117.760400, 1.399000 
57.003300, -111.466100, 21.636100 
57.040500, -111.619200, 34.727000 
53.795900, -113.099600, 1.775800 
53.804200, -113.082400, 5.666000 
53.541700, -113.391700, 3.800000 
53.181200, -115.762500, 0.180200 
54.833300, -118.646700, 1.572000 
51.526000, -113.880000, 0.737000 
51.696900, -114.475000, 1.915000 
54.772900, -110.579000, 0.263000 
51.400100, -114.034300, 0.770800 
52.035300, -115.137700, 2.792900 
55.489100, -119.750800, 2.645000 
53.581600, -113.599100, 0.007000 
53.557500, -116.547200, 1.990000 
52.327100, -112.718300, 1.489000 
53.670500, -115.762200, 1.827000 
53.902300, -115.189300, 1.232000 
53.740700, -113.023100, 1.900000 
52.228400, -114.397700, 2.569000 
52.674300, -111.311600, 0.042000 
57.298900, -111.503300, 1.940000 
53.286400, -110.017800, 0.328000 
52.656700, -111.311900, 0.470000 
54.420500, -110.213100, 0.050000 
55.582700, -110.888800, 1.844000 
57.351700, -111.522200, 2.855100 
53.530040, -113.402010, 2.488000 
57.217500, -110.895000, 12.235100 
53.566800, -113.365000, 1.218000 
52.639900, -111.273500, 1.173000 
54.342700, -110.328700, 0.007200 
55.527900, -110.873800, 0.844000 
56.411700, -110.937600, 2.053000 
56.113500, -111.829300, 2.289700 
57.335400, -111.755600, 2.158000 
56.113140, -111.715340, 2.171300 
