53.539700, -113.409200, 0.870000 
52.829200, -110.859200, 0.086500 
56.377200, -117.175600, 908.649000 
53.833100, -113.108900, 0.090000 
53.344000, -114.305000, 17071.170000 
53.733200, -113.175000, 31.469400 
53.288500, -110.018300, 43.388000 
52.146300, -115.330000, 3330.781600 
50.747700, -114.494700, 1927.800000 
53.952700, -113.078000, 300.820000 
54.572300, -115.522900, 10.850000 
54.596400, -110.395000, 1555.300000 
55.335900, -119.223000, 150.140000 
50.647500, -113.772000, 1962.990000 
54.194400, -116.632200, 3900.800000 
53.245000, -115.674300, 8.200000 
53.746900, -113.164500, 110.200000 
52.564700, -112.141400, 26069.930600 
51.531700, -111.786100, 34755.219200 
54.007100, -119.104000, 2325.000000 
51.742300, -114.134500, 1841.270000 
53.529100, -113.387500, 69.224000 
52.959300, -115.893800, 11.800000 
52.776100, -115.660700, 28.620000 
52.758100, -114.111600, 204.400000 
52.226300, -115.177000, 3782.400000 
58.500000, -119.416700, 133.527400 
53.559200, -113.388800, 0.002300 
52.940400, -114.832300, 197.870000 
52.308300, -113.550000, 3.961000 
51.191300, -113.940900, 743.005000 
53.733200, -113.486200, 15.290000 
49.305200, -114.000300, 10423.000000 
51.039600, -114.559000, 7207.200000 
51.965500, -114.753600, 2951.183000 
56.380600, -116.795000, 68.391000 
53.722900, -113.174000, 161.120000 
53.721700, -113.191700, 246.857000 
53.841600, -113.097900, 2212.400000 
53.652000, -116.099200, 46.700000 
54.423300, -117.760400, 521.170000 
57.003300, -111.466100, 20257.777600 
57.040500, -111.619200, 64726.988000 
53.508500, -114.557100, 20045.010000 
53.448700, -114.449100, 14153.770000 
52.385800, -113.595000, 0.017000 
51.570800, -114.851700, 5065.800000 
55.071200, -118.691200, 433.157000 
53.795900, -113.099600, 49.900000 
53.804200, -113.082400, 1.855000 
53.413300, -117.570600, 1511.200000 
53.541700, -113.391700, 3942.100000 
53.181200, -115.762500, 1752.310000 
51.219500, -114.645400, 1488.600000 
50.805300, -110.034900, 67.687000 
54.833300, -118.646700, 393.620000 
54.524700, -116.794300, 46.840000 
54.130900, -115.546700, 862.955000 
53.204500, -116.811200, 2231.832100 
51.086700, -114.008800, 7.342000 
53.550500, -113.358900, 4209.649600 
51.526000, -113.880000, 689.300000 
51.696900, -114.475000, 256.441000 
55.248100, -114.514000, 0.494000 
53.531993, -113.364925, 4.480000 
54.772900, -110.579000, 1282.610000 
54.185400, -116.210400, 148.420000 
51.400100, -114.034300, 1025.900000 
53.757500, -113.149900, 22.109000 
54.427200, -116.884300, 2272.200000 
53.132300, -115.981700, 1196.330000 
53.728270, -113.235520, 0.074000 
53.283800, -110.031900, 411.761200 
50.061200, -110.723000, 5.495000 
55.481900, -119.059200, 1711.601000 
49.628100, -114.571900, 2396.790000 
57.546300, -119.112600, 12.010000 
55.040000, -115.475800, 55.970000 
50.583700, -113.871100, 80.679700 
55.489100, -119.750800, 354.202000 
53.581600, -113.599100, 60.219000 
53.557500, -116.547200, 1294.602000 
59.063100, -118.875700, 37.600000 
53.817200, -113.133600, 279.290000 
51.058900, -115.174500, 1378.900000 
51.012800, -114.022000, 78.154000 
50.912700, -114.011800, 11.614000 
52.327100, -112.718300, 375.120000 
56.904200, -117.633600, 0.150000 
55.074200, -117.274200, 529.660000 
53.560800, -113.415300, 70.000000 
49.693900, -112.096200, 34.960000 
53.902300, -115.189300, 2.050000 
53.740700, -113.023100, 6464.025000 
52.228400, -114.397700, 176.260000 
52.766100, -114.285600, 87.794000 
52.308300, -113.550000, 1.321000 
55.582700, -110.888800, 277.673000 
55.069600, -110.536100, 512.716000 
51.024500, -114.025000, 0.215000 
51.130700, -114.009000, 0.200000 
53.431000, -117.540600, 0.493000 
53.010600, -112.810000, 0.125000 
52.255700, -113.886000, 0.271000 
53.645100, -114.130200, 2.629000 
55.969400, -117.575600, 65.713000 
52.412900, -114.407600, 45.782000 
52.555700, -111.805300, 304.700000 
58.568700, -119.201500, 120.330000 
50.129400, -111.908400, 110.902000 
54.494400, -115.957600, 46.797000 
54.538100, -115.932300, 97.220000 
58.943200, -118.916800, 139.000000 
59.230700, -119.275900, 66.713000 
59.067000, -118.875900, 585.117000 
59.194300, -118.604700, 21.792000 
52.588400, -113.161800, 23.470000 
52.333700, -111.357300, 291.891000 
51.911800, -111.188100, 26.803000 
52.421200, -110.388600, 29.926000 
49.852100, -111.665000, 22.605000 
53.821500, -113.490400, 207.841500 
52.479300, -110.936100, 51.782000 
53.861500, -114.756100, 48.635000 
55.698300, -118.783300, 101.962000 
55.714100, -118.830400, 339.018000 
50.220300, -112.444200, 208.424000 
55.585600, -117.891600, 31.352000 
52.544800, -114.545200, 87.043000 
51.065100, -114.130500, 0.226700 
52.915800, -113.022500, 41.886000 
54.130600, -115.231400, 477.679000 
53.607000, -116.703700, 29.403000 
53.583000, -116.842000, 457.400000 
53.706600, -117.241000, 7.620000 
53.928400, -116.717200, 31.420000 
53.388600, -115.315800, 27.910000 
54.541800, -117.884100, 179.968000 
50.653300, -111.166100, 50.560000 
52.851400, -114.046900, 107.157000 
56.930900, -115.252200, 67.413000 
56.281800, -119.166800, 26.860000 
54.033400, -117.756900, 94.004000 
56.347100, -119.190500, 52.718000 
55.954200, -117.710800, 114.824000 
52.217300, -112.307300, 90.540000 
50.536900, -112.031500, 77.060000 
50.700700, -111.022200, 82.251000 
51.239700, -115.564600, 213.180000 
53.374300, -114.527900, 112.743000 
52.640400, -113.252100, 30.153000 
52.435700, -113.390400, 154.782000 
52.450400, -110.851900, 200.340000 
56.233200, -113.896400, 22.500000 
49.936700, -111.406500, 71.580000 
50.711900, -111.057400, 26.512000 
58.568700, -119.061500, 50.150000 
56.313200, -111.636200, 184.900000 
52.359300, -113.715200, 351.130000 
58.615900, -119.015700, 31.776000 
58.761500, -118.690400, 148.989000 
59.641800, -118.307800, 94.360000 
51.868200, -110.139700, 35.538000 
59.601800, -117.409700, 12.580000 
56.458600, -119.914300, 490.269000 
53.428700, -115.125800, 396.138000 
52.155700, -110.893800, 63.261000 
52.519400, -110.085200, 85.358000 
57.042500, -111.905000, 105.908500 
55.603900, -119.347800, 420.188000 
49.896400, -111.765600, 51.136000 
53.272300, -114.725300, 23.471000 
55.378300, -118.499700, 595.800000 
50.168300, -112.299800, 93.481000 
50.013100, -112.611500, 25.100000 
52.188200, -110.988300, 30.220000 
49.616400, -111.917300, 110.596000 
54.317700, -116.573000, 38.043000 
54.432500, -116.139700, 149.651000 
55.072800, -116.975700, 40.267000 
52.366500, -110.791600, 217.022000 
52.942400, -113.511100, 0.360400 
57.217500, -110.895000, 369.063300 
56.666700, -111.345100, 30.000000 
53.558600, -113.368000, 5651.000000 
53.154100, -116.460300, 2320.200000 
50.993800, -113.990000, 0.143000 
53.539800, -113.397000, 5.750000 
55.160200, -118.818400, 28.330900 
53.559400, -113.347200, 0.500000 
56.473900, -119.722200, 307.300000 
52.361000, -113.819400, 2.432000 
52.549200, -113.840800, 9.942000 
49.720000, -113.500300, 6.408000 
53.599500, -111.416200, 5.529000 
54.040000, -114.130000, 0.006900 
53.745100, -113.235600, 0.699000 
54.342700, -110.328700, 194.222000 
52.457500, -110.313700, 27.312000 
56.528200, -114.071600, 34.150000 
53.343700, -113.184000, 76.775200 
54.285000, -115.698200, 284.530000 
52.196969, -112.869740, 28.040000 
52.470100, -114.346400, 63.112200 
49.591390, -114.028330, 65.130600 
50.266657, -112.836800, 92.004700 
54.525100, -116.796200, 44.370000 
54.125100, -116.816700, 83.861000 
51.157600, -114.191600, 72.897000 
53.678600, -113.804600, 0.004000 
53.007200, -117.327200, 0.220900 
56.193600, -110.950600, 293.656000 
55.527900, -110.873800, 466.370000 
55.666400, -110.714000, 98.785000 
56.411700, -110.937600, 1743.525000 
53.256100, -114.437200, 110.209000 
52.395800, -110.504900, 65.858000 
51.898100, -113.567200, 1666.800000 
55.662600, -111.257700, 24.485400 
56.284800, -116.111700, 59.634000 
55.608800, -118.003600, 284.110000 
55.640500, -117.119300, 608.900000 
55.489500, -118.325200, 588.060000 
53.957400, -116.720600, 46.280000 
50.858900, -113.988500, 13.734000 
56.113500, -111.829300, 171.860000 
56.143400, -119.360900, 43.427000 
50.196600, -111.343600, 47.344800 
53.241400, -113.838700, 35.110000 
53.943100, -118.746600, 27.597000 
51.074900, -114.138700, 0.223000 
53.761700, -113.679100, 59.540000 
57.335400, -111.755600, 1988.039000 
55.554100, -119.755400, 516.751000 
54.006600, -119.105500, 151.045000 
58.576400, -118.807300, 22.790000 
52.108364, -110.549451, 283.350000 
53.136060, -114.681100, 38.790000 
55.666382, -110.714044, 85.382000 
55.815390, -111.444400, 48.601000 
56.113140, -111.715340, 264.170000 
52.463020, -114.346890, 89.640000 
52.258050, -113.880800, 1.152000 
52.432100, -110.217900, 20.500000 
51.363330, -113.606940, 68.205300 
52.333053, -111.048566, 38.796000 
53.862689, -114.751704, 47.800000 
55.524545, -110.998753, 67.172000 
50.367454, -112.339518, 23.971000 
54.715833, -116.254234, 25.984000 
54.925153, -119.198874, 76.686000 
53.176045, -115.217660, 54.100000 
53.145250, -115.079080, 207.841500 
