50.747700, -114.494700, 147.855000 
54.194400, -116.632200, 14.720000 
53.746900, -113.164500, 1.267000 
52.226300, -115.177000, 12.238000 
52.940400, -114.832300, 2.272000 
51.191300, -113.940900, 8.964000 
53.733200, -113.486200, 0.104000 
49.305200, -114.000300, 110.810000 
51.039600, -114.559000, 75.000000 
54.423300, -117.760400, 5.687000 
57.003300, -111.466100, 102.606100 
57.040500, -111.619200, 37.675000 
51.570800, -114.851700, 48.660000 
53.181200, -115.762500, 6.665700 
51.219500, -114.645400, 3.628000 
53.204500, -116.811200, 66.370200 
51.526000, -113.880000, 13.414000 
54.427200, -116.884300, 13.580000 
