56.377200, -117.175600, 6.940000 
53.733200, -113.175000, 0.475000 
52.564700, -112.141400, 126.738200 
51.531700, -111.786100, 91.572300 
54.775000, -115.218600, 0.130000 
53.508500, -114.557100, 42.765000 
53.448700, -114.449100, 28.658000 
53.570000, -113.611400, 0.117000 
55.071200, -118.691200, 22.595000 
53.413300, -117.570600, 23.534000 
53.533000, -113.411500, 0.035000 
53.541700, -113.391700, 13.100000 
53.282300, -113.542000, 0.658000 
55.160200, -118.818400, 15.391500 
54.323000, -110.250000, 59.400000 
