56.377200, -117.175600, 4.442900 
53.344000, -114.305000, 8.054500 
53.288500, -110.018300, 1.590000 
51.531700, -111.786100, 12.097400 
54.007100, -119.104000, 26.278000 
51.039600, -114.559000, 63.400000 
53.721700, -113.191700, 6.147000 
53.841600, -113.097900, 30.930000 
57.003300, -111.466100, 325.733200 
57.040500, -111.619200, 189.192000 
53.508500, -114.557100, 25.172000 
53.448700, -114.449100, 17.774000 
53.413300, -117.570600, 6.883000 
53.541700, -113.391700, 135.500000 
53.550500, -113.358900, 13.553300 
50.058200, -110.728200, 0.005700 
51.290200, -113.992400, 0.013000 
54.323000, -110.250000, 33.120000 
