55.996700, -118.533600, 1.383000 
56.377200, -117.175600, 25.620000 
53.733200, -113.175000, 0.013000 
53.288500, -110.018300, 0.230000 
52.146300, -115.330000, 46.617900 
50.747700, -114.494700, 49.955000 
53.952700, -113.078000, 4.581000 
54.572300, -115.522900, 0.817000 
54.596400, -110.395000, 14.014000 
55.335900, -119.223000, 4.255000 
50.647500, -113.772000, 2.663000 
54.194400, -116.632200, 6.871000 
53.245000, -115.674300, 0.456000 
51.742300, -114.134500, 6.300000 
52.959300, -115.893800, 3.088000 
52.776100, -115.660700, 1.208000 
52.758100, -114.111600, 1.030000 
52.226300, -115.177000, 40.518000 
58.500000, -119.416700, 2.097700 
52.940400, -114.832300, 1.207000 
51.191300, -113.940900, 3.426000 
49.305200, -114.000300, 8.740000 
51.039600, -114.559000, 1.200000 
51.965500, -114.753600, 166.459000 
53.652000, -116.099200, 9.110000 
54.423300, -117.760400, 3.162000 
57.003300, -111.466100, 78.717900 
57.040500, -111.619200, 53.312000 
51.570800, -114.851700, 1.940000 
53.795900, -113.099600, 1.980000 
53.413300, -117.570600, 6.738000 
53.541700, -113.391700, 3.407000 
53.181200, -115.762500, 16.014800 
51.219500, -114.645400, 1.730000 
54.833300, -118.646700, 3.682000 
54.524700, -116.794300, 2.362000 
52.553700, -111.694000, 2.539000 
53.204500, -116.811200, 2.705000 
53.550500, -113.358900, 4.834400 
51.526000, -113.880000, 110.131000 
51.696900, -114.475000, 1.261000 
54.185400, -116.210400, 2.403000 
51.400100, -114.034300, 7.627900 
54.427200, -116.884300, 9.820000 
53.132300, -115.981700, 9.400000 
55.481900, -119.059200, 3.519000 
53.721800, -113.192700, 0.001000 
49.628100, -114.571900, 28.835000 
53.250200, -115.555500, 0.606000 
55.489100, -119.750800, 2.427000 
55.876700, -119.301100, 1.980000 
53.557500, -116.547200, 2.539000 
59.063100, -118.875700, 0.236000 
53.817200, -113.133600, 0.450000 
52.327100, -112.718300, 5.022000 
52.510900, -110.969600, 0.927000 
53.170200, -114.975000, 0.884000 
55.833000, -119.470000, 5.900000 
53.902300, -115.189300, 0.347000 
50.471500, -111.606500, 0.400000 
58.568700, -119.201500, 1.777000 
50.129400, -111.908400, 4.164000 
53.388600, -115.315800, 2.912000 
56.098600, -119.288100, 1.110000 
55.943900, -119.923100, 0.550000 
59.641800, -118.307800, 2.305000 
52.370000, -114.375800, 0.025000 
57.217500, -110.895000, 0.117200 
52.639900, -111.273500, 4.518000 
54.342700, -110.328700, 1.045500 
54.285000, -115.698200, 3.261000 
56.193600, -110.950600, 0.156000 
56.411700, -110.937600, 8.742000 
51.898100, -113.567200, 17.864000 
55.662600, -111.257700, 0.013100 
57.335400, -111.755600, 11.914000 
52.647440, -111.270000, 0.200000 
