54.596400, -110.395000, 0.221000 
51.191300, -113.940900, 0.107000 
57.003300, -111.466100, 85.585500 
57.040500, -111.619200, 21.299000 
53.541700, -113.391700, 2.230000 
53.181200, -115.762500, 0.001400 
53.550500, -113.358900, 6.722800 
51.696900, -114.475000, 0.055000 
54.772900, -110.579000, 0.022000 
51.400100, -114.034300, 0.071800 
53.250200, -115.555500, 0.262000 
55.489100, -119.750800, 0.015000 
51.000700, -113.965670, 0.115900 
51.010160, -113.964210, 0.059000 
57.298900, -111.503300, 1.781000 
56.218700, -116.251300, 2.980000 
55.175000, -118.785400, 0.012800 
56.303500, -116.556300, 3.200000 
57.335400, -111.755600, 1.664000 
56.113140, -111.715340, 0.720700 
53.293090, -113.537600, 0.611000 
