56.377200, -117.175600, 0.640000 
53.344000, -114.305000, 1.221400 
53.529100, -113.387500, 2.578000 
53.841600, -113.097900, 0.070000 
57.003300, -111.466100, 0.865700 
57.040500, -111.619200, 1.783000 
53.508500, -114.557100, 0.911000 
53.448700, -114.449100, 4.535000 
53.795900, -113.099600, 0.280000 
53.413300, -117.570600, 0.109000 
53.533000, -113.411500, 0.096000 
53.541700, -113.391700, 0.400000 
53.725400, -113.193000, 0.088900 
49.717200, -112.781900, 0.001000 
49.723497, -112.785116, 107.904000 
51.798200, -114.098000, 0.001400 
53.574500, -113.313900, 0.006000 
50.443600, -110.882500, 0.075000 
53.862700, -110.639000, 11.000000 
52.672300, -113.601300, 0.006000 
57.335400, -111.755600, 0.291000 
