55.996700, -118.533600, 2.379000 
53.539700, -113.409200, 8.710000 
52.829200, -110.859200, 1.302000 
56.377200, -117.175600, 179.315300 
53.833100, -113.108900, 0.860000 
53.344000, -114.305000, 746.100000 
53.733200, -113.175000, 36.370400 
53.288500, -110.018300, 1.504000 
52.146300, -115.330000, 9.029600 
50.747700, -114.494700, 7.167000 
54.952700, -119.195300, 9.878000 
53.952700, -113.078000, 0.685000 
54.572300, -115.522900, 5.380000 
54.596400, -110.395000, 69.094000 
55.335900, -119.223000, 8.970000 
50.647500, -113.772000, 4.842000 
54.194400, -116.632200, 16.050000 
53.546800, -113.734800, 0.688000 
53.245000, -115.674300, 2.080000 
53.746900, -113.164500, 0.580000 
54.144400, -115.691700, 0.980000 
49.789400, -112.126100, 122.911000 
54.179100, -115.806000, 1.649000 
52.564700, -112.141400, 713.156700 
51.531700, -111.786100, 223.409000 
54.007100, -119.104000, 67.640000 
54.775000, -115.218600, 0.169300 
51.742300, -114.134500, 1.850000 
52.496000, -114.988000, 1.685300 
50.675600, -110.025000, 452.519000 
53.529100, -113.387500, 52.978000 
53.571700, -113.349800, 98.522300 
52.959300, -115.893800, 4.480000 
51.637200, -112.866000, 1.756000 
52.776100, -115.660700, 5.010000 
52.758100, -114.111600, 11.210000 
52.226300, -115.177000, 8.200000 
58.500000, -119.416700, 8.437700 
53.089200, -116.805900, 2.042000 
52.940400, -114.832300, 4.020000 
55.725100, -119.399900, 1.390000 
52.308300, -113.550000, 831.619000 
50.080710, -110.727860, 14.919000 
49.713599, -112.796397, 1.530000 
51.191300, -113.940900, 5.950000 
49.305200, -114.000300, 13.298000 
51.039600, -114.559000, 14.700000 
51.965500, -114.753600, 24.106000 
56.380600, -116.795000, 6.321000 
53.721700, -113.191700, 37.717000 
53.841600, -113.097900, 330.170000 
53.652000, -116.099200, 1.520000 
54.423300, -117.760400, 7.220000 
57.003300, -111.466100, 1203.391000 
57.040500, -111.619200, 1409.956000 
53.508500, -114.557100, 1669.734000 
53.448700, -114.449100, 451.733000 
52.385800, -113.595000, 10.870800 
51.181625, -114.472100, 0.390000 
51.022770, -114.027660, 0.872000 
52.033030, -113.938910, 32.112000 
53.227700, -114.988900, 15.882000 
53.593060, -116.390300, 107.342000 
51.570800, -114.851700, 3.244000 
55.070600, -118.688800, 0.810000 
50.846700, -113.581170, 73.200000 
55.071200, -118.691200, 63.430000 
53.795900, -113.099600, 19.400000 
53.804200, -113.082400, 18.201000 
53.413300, -117.570600, 415.203000 
50.845800, -113.586700, 7.040000 
53.533000, -113.411500, 2.742000 
53.541700, -113.391700, 376.400000 
53.181200, -115.762500, 294.619200 
51.219500, -114.645400, 0.814000 
50.805300, -110.034900, 5.266000 
54.833300, -118.646700, 7.866000 
54.524700, -116.794300, 1.859000 
54.130900, -115.546700, 1.077000 
53.204500, -116.811200, 2.095900 
50.086600, -110.716700, 14.133000 
53.550500, -113.358900, 133.125400 
51.526000, -113.880000, 1.131000 
51.696900, -114.475000, 10.050000 
55.248100, -114.514000, 1.440000 
53.544350, -113.374010, 0.023000 
53.022700, -112.811400, 0.057000 
54.772900, -110.579000, 87.846000 
54.185400, -116.210400, 6.470000 
51.400100, -114.034300, 7.075200 
53.757500, -113.149900, 2.313000 
51.984500, -114.743800, 0.629000 
51.926500, -114.542700, 0.801000 
54.427200, -116.884300, 9.160000 
53.132300, -115.981700, 3.010000 
52.035300, -115.137700, 6.112400 
53.728270, -113.235520, 17.154000 
54.510900, -115.511700, 4.330000 
53.283800, -110.031900, 33.392000 
50.061200, -110.723000, 0.750000 
55.481900, -119.059200, 4.825000 
51.789600, -114.702800, 7.427100 
49.701943, -112.803037, 17.312000 
54.238200, -115.379700, 25.400000 
53.721800, -113.192700, 11.662000 
53.725400, -113.193000, 8.205000 
55.029800, -118.744000, 465.897300 
49.758379, -112.452561, 8.900000 
55.273300, -114.599700, 0.376900 
55.162300, -118.816600, 10.197000 
50.964200, -114.024100, 0.049000 
53.505652, -113.412963, 1.249000 
49.628100, -114.571900, 3.066000 
50.848000, -113.581300, 0.021000 
57.546300, -119.112600, 0.400000 
55.040000, -115.475800, 6.060000 
49.717200, -112.781900, 0.583700 
50.597600, -111.881800, 29.929000 
50.583700, -113.871100, 26.878700 
53.250200, -115.555500, 2.337000 
55.489100, -119.750800, 9.951000 
49.723497, -112.785116, 1.146200 
53.581600, -113.599100, 14.247000 
55.876700, -119.301100, 0.871000 
51.222500, -114.495600, 6.827000 
53.576280, -113.317500, 1.800000 
51.060740, -113.995090, 1.146000 
51.030750, -113.399500, 6.647300 
53.557500, -116.547200, 11.791000 
59.063100, -118.875700, 0.991300 
53.817200, -113.133600, 15.508000 
51.058900, -115.174500, 470.600000 
51.004210, -113.989400, 3.671000 
51.798200, -114.098000, 0.975000 
53.574500, -113.313900, 1.020000 
52.940500, -112.721400, 21.119000 
52.327100, -112.718300, 8.830000 
56.904200, -117.633600, 1.807000 
53.670500, -115.762200, 1.024000 
53.723500, -113.173800, 77.611000 
50.058200, -110.728200, 6.913400 
54.133300, -115.366600, 18.119900 
55.074200, -117.274200, 1.981000 
55.268600, -114.584700, 1.482000 
54.394900, -116.809000, 0.407000 
58.194700, -116.350400, 6.057600 
55.199400, -116.221900, 1.019000 
55.993500, -113.480500, 2.631000 
53.307896, -113.585092, 0.161000 
53.576900, -113.570600, 0.657000 
52.272900, -113.814480, 7.116000 
49.362300, -113.511500, 5.453000 
53.799100, -113.080700, 7.155000 
58.518800, -117.119500, 59.323700 
54.139800, -115.689100, 7.025000 
54.587200, -112.803100, 2.173000 
53.332300, -113.524100, 0.357700 
49.693900, -112.096200, 4.790000 
53.498600, -113.387900, 0.011000 
53.616600, -115.711100, 0.030000 
53.902300, -115.189300, 2.040000 
53.740700, -113.023100, 30.906000 
52.212400, -113.843700, 4.389400 
52.228400, -114.397700, 1.850000 
51.189400, -113.937800, 4.834000 
53.593600, -113.335600, 0.160000 
57.298900, -111.503300, 19.653000 
49.725296, -112.798487, 2.610000 
50.040920, -110.721904, 5.376400 
50.443600, -110.882500, 10.917000 
50.269600, -112.893800, 2.842000 
49.789000, -112.134440, 7.490000 
52.308300, -113.550000, 73.766000 
58.447100, -119.238300, 4.304600 
58.460300, -115.238300, 0.862700 
53.402700, -117.599300, 6.749500 
50.577200, -111.178100, 0.539000 
52.869000, -115.101000, 1.540000 
50.671900, -110.028900, 1.245000 
52.904700, -115.324700, 0.583000 
55.582700, -110.888800, 15.262000 
55.069600, -110.536100, 38.859000 
53.373100, -116.086000, 0.730000 
51.006900, -113.192800, 3.208000 
52.308800, -113.790000, 1.640000 
50.059700, -110.732000, 4.984000 
57.351700, -111.522200, 32.395700 
53.628800, -113.307700, 3.812000 
51.154200, -114.187700, 25.292000 
51.028800, -114.044800, 14.742000 
53.519600, -113.529000, 3.578000 
51.024500, -114.025000, 22.660000 
54.407700, -110.277800, 0.599000 
52.315900, -113.850000, 5.670000 
50.847000, -113.591000, 5.300000 
53.819400, -113.141900, 3.100000 
54.043500, -117.420000, 1.460000 
52.058000, -114.908000, 1.280000 
54.829600, -118.647000, 2.040000 
54.483500, -118.100000, 1.470000 
57.188000, -118.248900, 1.690000 
50.697800, -111.531000, 0.800000 
51.943400, -114.736000, 2.380000 
53.470500, -116.496100, 1.650000 
50.693800, -114.330000, 1.020000 
52.355300, -115.332000, 0.840000 
51.444300, -114.527000, 0.680000 
53.244500, -116.238000, 1.490000 
53.481700, -113.489000, 1.200000 
51.130700, -114.009000, 0.280000 
51.015020, -114.026480, 24.387000 
51.068200, -115.136400, 76.924000 
53.862700, -110.639000, 1.600000 
52.479300, -115.206900, 1.571000 
53.431000, -117.540600, 0.211000 
53.010600, -112.810000, 0.210000 
52.255700, -113.886000, 1.533000 
53.645100, -114.130200, 0.448000 
53.555610, -113.633750, 0.050000 
52.028360, -113.954260, 1.803000 
53.584100, -113.614400, 3.197000 
51.407800, -113.668300, 1.260000 
50.963300, -112.288300, 1.180000 
50.676800, -110.018000, 0.760000 
50.701100, -111.095600, 0.670000 
53.066500, -117.404800, 162.220000 
56.981400, -111.475800, 2.062000 
53.543100, -117.797900, 0.359000 
52.588100, -111.206100, 0.024000 
53.943200, -113.596900, 141.000000 
54.293100, -116.188300, 3.989000 
53.826700, -113.603300, 1.884000 
53.039700, -111.220000, 1.599000 
55.866700, -119.596700, 0.614000 
53.559040, -113.693580, 2.077900 
53.555000, -113.477400, 0.529800 
51.176400, -114.194800, 0.502800 
50.991700, -114.030300, 0.782000 
51.168600, -114.210900, 2.047100 
50.991500, -114.030100, 1.715700 
51.065300, -115.221100, 2.477000 
55.736900, -117.185800, 21.810000 
51.804300, -114.095400, 1.492000 
55.757600, -118.696700, 6.967000 
53.550100, -113.775600, 22.630000 
53.501040, -113.489732, 9.499500 
52.375200, -114.921600, 18.083800 
52.959900, -113.369000, 1.189000 
50.026580, -110.665700, 12.283500 
51.020210, -114.019246, 24.035000 
49.878996, -112.774388, 3.950000 
49.790600, -112.131400, 3.020000 
52.304300, -113.802700, 2.450000 
53.573220, -113.316410, 4.200000 
53.303500, -113.577500, 0.900000 
51.061300, -113.990200, 0.760000 
52.412900, -114.407600, 1.779000 
49.976800, -112.042900, 0.712000 
49.784800, -112.151000, 0.952000 
53.635900, -112.019200, 0.562000 
55.644000, -114.659700, 1.046000 
50.471500, -111.606500, 1.220000 
53.155900, -112.326700, 0.655000 
52.923200, -115.107500, 0.962000 
52.322800, -114.020800, 0.636000 
58.568700, -119.201500, 1.143000 
55.985900, -119.955800, 2.045000 
55.396400, -119.599700, 0.912000 
53.796100, -111.941900, 0.733000 
53.766900, -112.203100, 0.682000 
50.129400, -111.908400, 1.545000 
52.621200, -114.827900, 0.690000 
54.494400, -115.957600, 1.009000 
54.538100, -115.932300, 0.853000 
54.650900, -114.528900, 0.845000 
58.943200, -118.916800, 5.409000 
59.230700, -119.275900, 0.881000 
59.067000, -118.875900, 3.316000 
59.194300, -118.604700, 0.543000 
51.893700, -114.400400, 0.538000 
52.319300, -111.477600, 0.564000 
52.333700, -111.357300, 2.391000 
51.911800, -111.188100, 1.936000 
52.515700, -113.173800, 1.187000 
52.104400, -110.695000, 1.153000 
52.421200, -110.388600, 0.723000 
52.166500, -113.256300, 0.509000 
54.785300, -117.658000, 4.895000 
55.494700, -119.289500, 0.846000 
49.852100, -111.665000, 2.330000 
51.682500, -111.293600, 0.825000 
51.488700, -113.153900, 1.128000 
53.719800, -113.596300, 0.671000 
50.675000, -110.049200, 0.909000 
53.416800, -113.917700, 0.734000 
53.137600, -113.794100, 0.545000 
56.964500, -117.007100, 0.587500 
52.366500, -112.734900, 1.238500 
52.479300, -110.936100, 1.615000 
53.861500, -114.756100, 0.821000 
55.714100, -118.830400, 0.826000 
56.982800, -118.305800, 0.615000 
51.773700, -114.222900, 0.615000 
51.991800, -110.928600, 1.365000 
56.069400, -119.877200, 0.733000 
51.919000, -114.394600, 0.734000 
57.193700, -118.199700, 0.565000 
57.338900, -118.460000, 0.697000 
55.585600, -117.891600, 2.896000 
53.159500, -114.902800, 0.654000 
54.720000, -119.110600, 1.525000 
52.544800, -114.545200, 0.593000 
53.103200, -115.363400, 0.866000 
52.708400, -115.428900, 1.106000 
51.065100, -114.130500, 0.828400 
51.180450, -113.937280, 7.639000 
52.703800, -114.572500, 1.012000 
51.027000, -114.018600, 0.190000 
52.272200, -111.031700, 1.103000 
55.069400, -113.313900, 1.645000 
53.499300, -116.805300, 0.841000 
50.718600, -111.322200, 1.140000 
55.432800, -114.807200, 1.097000 
57.004500, -113.188600, 1.124000 
52.915800, -113.022500, 1.232000 
51.635300, -112.531400, 1.086000 
51.449700, -111.571700, 0.694000 
54.447400, -117.523700, 0.518000 
55.334700, -119.405300, 0.657000 
56.135000, -113.028300, 0.928000 
56.134800, -113.201300, 0.872000 
53.997000, -111.569200, 0.532000 
54.685600, -117.414400, 0.791000 
54.612500, -118.214300, 1.632000 
52.155600, -113.529700, 0.561000 
53.770600, -117.601400, 2.048000 
54.687300, -117.588700, 0.699000 
50.002600, -111.695600, 1.820000 
56.622700, -119.946500, 2.054000 
53.024700, -115.531100, 23.888000 
53.574200, -116.646900, 1.476000 
54.348900, -116.578900, 1.961000 
54.206700, -116.766700, 0.350000 
53.197300, -114.098200, 0.524000 
55.265600, -114.601400, 3.002000 
53.388600, -115.315800, 2.360000 
54.541800, -117.884100, 2.036000 
51.290200, -113.992400, 0.965000 
50.770500, -111.098100, 0.370000 
50.653300, -111.166100, 0.780000 
51.024500, -111.642800, 4.375000 
51.915100, -113.373700, 1.012000 
52.851400, -114.046900, 0.656000 
52.197100, -114.367700, 0.669000 
53.825000, -115.556700, 0.503000 
57.066100, -114.777500, 6.670000 
56.880600, -114.757200, 1.210000 
56.796900, -114.349300, 0.500000 
57.309200, -114.856300, 0.820000 
56.960600, -114.716900, 0.770000 
52.366300, -114.963000, 1.178000 
55.666900, -117.761600, 0.627000 
55.651800, -111.084400, 4.623000 
55.432800, -118.041700, 0.624000 
56.281800, -119.166800, 0.726000 
54.348900, -119.463300, 1.749000 
52.399300, -115.020500, 0.990000 
57.418900, -119.675000, 0.692000 
57.374300, -119.234900, 1.575000 
54.033400, -117.756900, 1.426000 
54.965100, -119.306800, 1.623000 
50.336700, -110.135000, 0.694000 
53.337800, -111.243900, 0.805000 
52.090700, -112.766700, 0.960000 
49.698011, -112.823139, 2.550000 
50.278300, -111.468400, 0.514000 
50.671500, -111.695300, 0.693000 
51.126200, -112.359500, 0.573000 
50.675000, -111.762200, 0.620000 
50.802300, -111.902000, 0.546000 
50.795100, -112.017800, 0.678000 
50.915100, -112.451700, 1.201000 
50.627900, -111.965600, 0.646000 
50.711500, -112.394000, 0.606000 
50.889400, -113.406800, 0.505000 
50.766500, -111.946400, 0.509000 
57.931900, -117.835000, 0.583000 
58.081200, -117.635600, 0.608000 
57.266800, -114.892000, 0.545000 
52.708400, -114.446600, 1.813000 
52.777600, -114.234300, 1.599000 
52.807000, -114.258600, 0.630000 
52.912000, -114.064600, 0.804000 
50.223900, -110.761900, 1.455000 
50.224000, -110.037500, 0.844000 
50.398600, -110.503300, 9.824000 
50.573100, -111.177500, 0.583000 
50.700700, -110.478000, 0.951000 
56.095100, -113.448600, 2.303000 
52.526800, -111.782500, 0.983000 
50.314700, -111.968400, 0.728000 
50.631500, -111.022200, 4.490000 
53.148600, -111.195000, 0.907000 
53.064800, -110.608900, 0.593000 
50.755100, -112.162300, 0.674000 
50.333200, -111.732800, 1.552000 
53.188700, -115.642200, 0.170000 
51.531300, -113.276300, 0.796000 
51.642600, -113.337700, 1.342000 
53.374300, -114.527900, 1.326000 
53.989000, -116.950100, 0.540000 
53.228700, -115.104400, 0.539000 
54.323400, -115.677500, 2.050000 
55.433300, -116.483200, 1.419000 
52.450400, -110.851900, 2.653000 
52.482800, -110.026900, 1.811000 
52.275700, -114.218800, 1.230000 
52.439300, -110.316400, 2.060000 
56.613100, -112.849000, 0.849000 
50.587900, -111.815100, 1.150000 
49.470800, -112.173400, 1.030000 
54.800000, -119.106100, 2.270000 
53.428700, -116.722200, 2.150000 
54.003300, -118.246500, 0.730000 
53.635900, -116.931800, 0.940000 
50.245900, -111.296200, 0.810000 
52.610400, -114.821800, 1.954000 
50.522300, -111.652300, 0.631000 
58.568700, -119.061500, 1.530000 
56.313200, -111.636200, 14.720000 
57.877200, -119.740900, 0.593000 
53.020800, -112.949800, 2.940000 
53.561500, -116.577900, 25.734000 
52.042900, -114.588800, 0.960000 
49.816400, -112.070100, 0.071000 
52.522900, -111.634000, 0.075000 
49.791100, -112.557000, 0.065000 
49.761900, -113.394800, 0.116000 
51.739900, -113.351900, 0.250000 
54.963600, -117.670700, 1.079400 
58.615900, -119.015700, 0.733000 
58.466800, -118.788700, 1.030000 
58.761500, -118.690400, 3.813000 
49.697836, -112.821799, 2.739000 
55.254700, -118.930800, 1.271000 
55.254700, -118.917800, 0.844000 
54.538100, -119.066400, 0.506000 
59.641800, -118.307800, 1.640000 
54.363300, -116.624000, 1.049000 
54.792900, -115.521700, 3.280000 
53.828700, -115.943300, 0.530000 
54.647300, -115.495800, 2.710000 
54.472500, -115.652800, 0.550000 
55.651200, -116.386000, 0.808000 
51.868200, -110.139700, 0.664000 
53.090400, -115.245000, 2.039000 
53.254000, -114.437900, 0.552000 
52.936200, -114.160900, 0.630000 
54.844900, -115.332400, 1.721000 
52.675900, -110.455200, 0.750000 
53.428700, -115.125800, 1.507000 
56.590200, -115.878400, 0.636000 
52.923200, -110.767700, 0.945000 
50.337100, -111.513600, 0.526000 
51.762600, -110.139700, 0.511000 
52.650400, -115.080800, 1.163000 
52.155700, -110.893800, 2.824000 
52.519400, -110.085200, 1.776000 
53.173900, -114.884600, 1.582000 
52.461400, -114.346900, 0.936900 
53.064700, -116.436900, 0.775400 
53.163100, -117.017800, 0.643000 
57.042500, -111.905000, 8.064400 
55.750400, -119.774500, 0.541000 
55.750400, -119.787600, 0.797000 
50.253200, -111.319200, 0.585000 
54.672800, -118.914700, 0.758000 
54.370800, -116.874800, 0.750000 
52.028200, -114.809600, 0.692000 
50.173400, -112.395600, 0.601000 
50.013100, -112.393100, 0.652000 
50.046300, -112.477200, 0.506000 
49.896400, -111.765600, 2.699000 
54.290800, -118.493200, 0.939100 
58.368300, -118.990000, 0.502000 
50.889400, -114.761800, 2.190000 
49.229200, -114.029100, 5.825000 
49.488900, -113.955100, 8.689000 
52.088200, -115.689400, 0.735000 
51.135900, -114.144900, 0.663000 
51.599900, -115.356900, 0.598000 
53.174000, -114.554100, 0.736000 
53.279500, -111.587000, 2.972000 
55.771100, -119.308900, 1.676000 
53.734200, -118.395600, 0.810000 
52.766700, -116.393000, 0.958800 
56.095100, -118.758700, 0.300000 
53.854300, -117.391200, 0.910000 
55.378300, -118.499700, 1.656000 
56.440600, -119.775700, 2.419000 
54.265300, -116.342000, 0.533000 
54.119800, -116.273100, 0.806000 
53.577900, -116.599000, 0.632000 
54.178700, -117.328400, 3.375000 
56.223300, -119.570800, 0.785000 
52.681000, -110.184000, 0.528000 
52.830300, -116.272200, 1.016000 
52.958200, -114.679900, 0.606000 
55.338100, -118.536700, 2.164000 
50.013100, -112.611500, 1.821000 
56.851800, -115.208100, 0.557000 
52.963700, -111.364700, 0.006000 
55.070800, -118.695000, 0.800000 
53.792300, -114.482500, 0.582000 
53.847000, -114.619400, 0.846000 
53.484800, -115.607600, 1.053000 
53.385100, -115.612800, 1.287000 
53.290400, -115.831900, 0.442000 
52.180900, -113.083200, 0.608000 
53.305100, -115.691100, 0.644000 
52.188200, -110.988300, 1.257000 
49.616400, -111.917300, 3.497000 
54.690800, -115.704500, 0.555000 
54.162360, -115.733900, 5.887000 
55.197120, -118.788450, 0.020000 
52.981500, -112.707700, 10.670000 
52.349900, -110.266600, 5.291000 
49.833300, -111.699800, 20.690000 
49.516600, -112.517500, 7.607000 
52.675700, -114.495200, 2.224600 
52.664800, -114.569300, 1.624300 
52.162900, -114.851300, 1.483400 
52.759300, -114.107100, 0.545000 
51.828200, -111.774200, 0.779800 
49.911100, -112.404500, 8.129000 
56.218700, -116.251300, 6.239000 
54.105400, -117.526500, 2.188000 
49.594700, -111.905900, 1.965000 
56.007600, -113.402800, 3.797000 
54.054200, -118.308700, 2.192000 
56.578600, -119.058300, 0.787000 
53.977900, -116.751200, 2.890000 
55.318300, -116.491800, 0.550000 
53.479500, -115.224400, 0.522000 
50.093100, -110.732800, 0.504000 
56.330380, -119.243490, 6.399000 
53.590480, -116.172680, 0.763000 
51.624500, -112.952600, 0.601000 
54.956400, -119.783300, 0.510000 
55.254700, -119.458100, 0.577000 
53.958000, -118.772800, 0.571000 
55.771200, -115.548700, 2.466000 
56.271846, -111.498890, 0.619000 
54.807300, -115.413300, 20.162000 
54.752900, -115.439200, 8.030000 
54.800000, -115.520600, 13.556000 
54.467300, -110.209200, 2.866000 
54.169000, -115.762200, 3.360000 
54.372300, -118.521700, 0.829000 
55.407500, -119.226700, 0.691000 
56.586100, -118.991700, 0.808000 
56.495700, -115.604300, 0.904000 
56.517000, -116.045500, 3.122000 
52.366500, -110.791600, 2.903000 
56.527900, -115.311500, 2.567000 
51.569700, -114.985200, 0.510000 
52.886800, -110.440200, 0.845600 
50.965800, -114.872700, 0.680000 
49.731100, -113.460100, 0.003700 
49.709466, -112.781685, 0.102100 
53.737500, -113.149000, 6.921400 
52.942400, -113.511100, 32.247700 
51.900900, -111.608400, 0.562400 
55.829400, -119.052200, 0.523000 
55.007200, -116.873400, 0.529000 
58.568700, -119.334300, 0.554000 
51.491800, -114.030200, 2.422000 
52.794000, -111.825900, 2.664000 
53.434200, -111.805800, 2.247000 
51.804500, -113.239900, 4.855000 
50.385800, -113.246500, 1.920000 
53.575400, -113.624100, 167.933000 
53.714800, -113.190000, 0.822000 
57.217500, -110.895000, 113.800500 
53.137600, -114.358500, 0.615000 
52.679300, -110.155200, 0.603000 
56.666700, -111.345100, 14.000000 
52.875700, -111.483300, 0.640000 
51.176500, -114.194900, 8.890800 
53.558800, -113.473700, 3.786700 
53.558600, -113.368000, 125.000000 
51.326800, -110.165300, 3.262000 
51.341500, -110.147900, 2.331000 
54.903200, -115.205800, 12.149000 
50.993800, -113.990000, 11.314000 
55.201500, -119.881400, 0.682000 
56.197600, -116.144500, 1.228000 
53.768900, -112.166400, 0.639000 
54.954100, -115.218400, 0.970000 
52.761600, -113.133400, 0.090000 
53.987100, -117.351500, 1.989900 
53.539800, -113.397000, 8.900000 
54.172300, -118.334400, 0.731000 
50.683000, -111.548000, 1.890000 
49.119100, -113.761500, 0.542000 
53.550000, -113.466700, 2.867100 
52.137500, -113.477800, 0.590000 
50.631900, -111.011300, 0.749000 
53.703000, -117.234900, 0.503000 
56.111500, -119.033900, 1.370000 
50.950500, -113.958000, 1.071000 
56.486500, -114.120400, 0.580000 
52.764900, -114.957500, 0.800000 
52.142500, -114.206900, 0.836600 
52.941200, -118.043000, 1.500000 
56.937100, -113.480800, 0.955000 
58.695200, -114.005000, 3.381000 
57.546100, -119.106200, 0.650000 
50.593000, -111.492000, 0.834000 
53.175900, -115.271100, 0.595000 
55.160200, -118.818400, 45.321700 
49.867000, -111.383000, 1.327000 
53.559400, -113.347200, 7.600000 
51.071400, -115.132000, 3.263700 
56.473900, -119.722200, 2.155000 
50.701400, -111.554300, 0.683000 
52.301300, -111.383000, 0.927000 
51.570600, -113.688200, 0.520000 
51.770800, -113.622100, 1.270000 
57.135500, -118.748800, 0.516000 
52.361000, -113.819400, 0.220000 
52.549200, -113.840800, 2.375000 
49.720000, -113.500300, 0.615000 
53.599500, -111.416200, 0.568000 
55.714100, -115.899700, 2.070000 
54.866900, -118.798100, 0.549000 
53.666400, -117.259600, 0.812000 
54.040000, -114.130000, 0.022000 
50.973600, -112.711700, 0.270000 
50.540900, -111.794500, 0.300000 
55.103300, -119.192300, 2.461000 
52.681500, -113.121100, 0.010000 
52.441300, -115.281800, 0.579000 
54.055700, -117.243900, 0.670200 
53.655600, -117.081700, 1.359300 
53.221600, -114.973300, 2.814000 
55.278800, -114.766600, 31.601000 
55.118600, -118.361300, 15.017000 
54.423900, -110.304200, 48.152000 
53.341300, -115.395600, 0.826000 
54.171000, -118.334400, 4.411000 
50.485300, -111.171600, 2.490000 
52.903100, -110.728700, 1.019000 
53.596200, -113.332100, 3.040000 
54.342700, -110.328700, 7.049100 
52.262900, -111.618200, 0.759000 
52.110100, -110.968400, 0.657000 
53.500000, -113.440000, 3.242000 
51.094400, -114.049700, 18.222200 
53.477900, -111.936300, 0.501000 
53.343700, -113.184000, 0.515700 
54.285000, -115.698200, 7.900000 
52.196969, -112.869740, 0.760000 
55.250000, -116.290000, 0.945000 
52.866700, -112.200000, 9.784000 
51.435000, -111.755000, 6.481000 
53.329400, -114.290300, 10.998000 
52.965200, -115.243900, 0.691000 
53.034200, -115.290800, 1.083000 
52.384800, -113.713200, 0.586000 
49.591390, -114.028330, 0.925400 
50.266657, -112.836800, 1.423200 
54.175700, -119.534400, 0.828000 
52.863400, -110.466700, 0.515000 
54.623400, -118.192200, 1.868000 
54.525100, -116.796200, 2.319000 
54.125100, -116.816700, 1.880000 
52.641400, -115.125800, 3.215000 
53.379400, -117.634100, 0.426000 
51.157600, -114.191600, 101.796000 
53.678600, -113.804600, 12.884000 
53.007200, -117.327200, 0.609000 
52.494100, -113.852000, 7.959500 
55.998000, -118.532200, 2.161000 
54.352100, -119.460100, 0.556000 
59.253700, -119.084100, 1.352000 
57.347300, -119.552100, 1.419000 
52.102500, -114.426100, 0.578000 
51.905900, -114.594200, 0.636000 
56.193600, -110.950600, 9.064000 
55.110500, -119.185900, 1.036000 
52.342200, -112.764800, 0.210000 
55.527900, -110.873800, 10.855000 
54.226800, -118.628100, 2.998000 
52.006600, -110.870900, 0.643000 
53.666600, -115.632200, 1.112000 
55.666400, -110.714000, 4.695000 
56.411700, -110.937600, 112.906000 
53.019700, -112.193800, 0.506000 
55.233400, -115.069700, 2.510000 
53.193900, -115.291900, 1.757000 
53.054200, -114.935400, 0.998000 
52.395800, -110.504900, 1.018000 
50.413600, -112.006400, 0.581000 
52.594100, -114.879300, 1.001000 
51.898100, -113.567200, 1.680000 
56.173100, -116.199000, 2.073000 
56.303500, -116.556300, 3.380000 
54.323000, -110.250000, 2.422000 
54.656560, -119.915230, 1.859400 
55.662600, -111.257700, 10.789900 
53.975700, -117.287500, 2.122000 
55.997100, -113.473700, 3.196000 
51.716800, -114.642400, 1.053000 
55.608800, -118.003600, 0.872000 
55.640500, -117.119300, 7.190000 
53.791200, -114.612900, 0.420000 
55.489500, -118.325200, 5.580000 
53.350200, -110.845800, 13.166000 
54.710600, -117.615400, 1.045000 
56.306500, -116.844200, 0.982000 
55.488600, -119.348200, 0.655000 
53.499200, -116.805300, 3.706000 
53.892300, -117.336400, 1.884000 
54.612700, -118.213800, 0.749000 
49.696800, -114.201400, 0.823000 
56.113500, -111.829300, 4.878400 
52.758000, -114.107400, 1.952000 
53.107500, -116.763500, 0.659000 
52.950900, -115.104400, 0.532000 
51.551400, -113.064300, 0.700000 
52.530400, -112.910800, 0.050000 
52.399400, -112.868800, 0.400000 
52.490300, -112.964700, 0.300000 
52.754200, -113.127400, 0.050000 
50.442800, -111.519600, 1.135000 
52.211100, -113.268100, 1.076000 
53.608500, -115.435600, 0.661000 
56.143400, -119.360900, 3.587000 
53.554250, -114.962760, 3.340000 
51.999300, -112.603300, 0.030000 
54.226800, -118.628100, 2.807000 
54.302500, -118.644200, 0.810000 
51.743600, -113.251600, 17.601000 
55.784600, -117.073300, 0.520000 
50.517100, -111.365900, 1.000000 
50.515600, -111.370600, 0.690000 
50.520200, -111.372300, 1.630000 
53.459500, -115.516300, 0.575000 
53.044900, -115.985100, 0.590000 
53.501700, -112.072600, 3.175000 
53.559500, -113.699200, 0.854800 
53.314600, -114.750600, 10.543400 
52.459500, -113.729500, 12.788300 
53.241400, -113.838700, 0.590000 
53.330700, -113.719400, 0.830000 
54.316200, -116.571100, 0.575000 
51.741800, -113.350300, 0.250000 
55.711400, -116.603500, 0.883000 
55.752800, -118.684100, 15.191000 
55.641500, -117.328600, 1.015000 
49.702567, -112.786857, 17.657000 
53.392300, -115.310000, 1.382000 
56.288300, -116.864000, 2.519000 
56.302800, -116.244700, 2.150000 
53.968400, -115.342600, 0.552000 
53.584400, -113.547900, 21.294000 
53.767200, -112.809500, 8.189000 
54.541100, -118.179200, 3.991000 
54.439400, -118.250400, 6.682000 
53.029200, -112.805800, 0.012000 
53.957500, -117.076600, 0.596300 
53.855600, -116.983600, 1.512500 
53.647500, -113.622100, 8.177000 
52.706500, -110.110100, 0.550000 
52.646900, -110.169800, 0.819000 
52.758000, -115.310300, 7.298000 
52.972600, -115.358600, 0.752000 
51.074900, -114.138700, 0.706000 
53.819900, -112.764600, 8.793000 
57.286600, -111.599500, 10.591000 
53.761700, -113.679100, 1.100000 
57.335400, -111.755600, 203.981000 
55.554100, -119.755400, 0.696000 
53.907100, -112.731200, 1.235000 
54.997700, -115.371200, 0.750000 
55.081500, -115.642100, 0.730000 
58.768400, -111.098300, 0.653000 
51.654800, -114.186600, 0.541000 
52.673800, -114.045000, 1.083000 
53.587400, -113.364700, 3.200000 
53.589200, -117.458900, 1.223000 
55.340500, -119.218500, 2.130700 
52.662300, -110.181900, 0.676000 
53.659800, -116.650500, 1.513000 
53.725200, -117.235600, 0.686000 
55.026700, -114.378900, 0.532000 
51.399400, -114.004900, 2.066000 
51.530700, -112.035500, 1.732000 
54.006600, -119.105500, 507.635000 
53.248700, -115.388000, 1.069000 
53.573700, -113.348400, 1.940000 
51.165500, -114.222000, 3.133700 
55.616000, -117.360800, 0.532600 
51.815600, -112.455500, 0.602000 
54.503700, -115.487800, 0.550000 
50.398900, -112.000800, 0.642000 
49.736700, -111.451600, 1.321000 
53.190200, -116.051700, 0.576000 
53.151800, -116.133900, 0.674000 
50.851900, -113.505200, 9.612000 
49.974100, -110.576900, 5.060000 
53.806900, -113.687400, 2.042000 
54.052100, -117.442000, 0.704000 
55.553200, -118.818900, 0.688000 
55.604800, -119.341100, 1.590000 
53.149400, -114.731900, 0.636000 
52.757100, -113.932900, 0.574000 
49.988737, -112.125173, 0.736000 
50.013318, -112.151393, 1.091000 
53.222701, -115.199115, 0.885000 
49.781749, -110.959125, 0.735000 
53.239300, -115.800100, 0.620000 
52.991200, -114.699200, 0.934000 
53.139700, -115.511100, 1.424000 
53.002100, -114.675100, 1.176000 
53.243300, -115.778600, 0.770000 
53.106900, -115.509600, 0.569000 
51.327200, -114.367600, 1.852000 
53.044900, -114.199900, 0.861000 
51.210600, -114.254400, 2.311000 
53.044400, -114.221300, 1.051000 
55.351300, -117.420400, 0.776000 
51.855153, -114.748583, 0.534000 
55.041500, -119.631000, 4.572000 
53.132252, -115.552423, 0.845000 
53.077847, -114.662900, 0.730000 
52.108364, -110.549451, 1.048000 
53.932050, -116.915300, 1.074000 
53.136060, -114.681100, 0.809000 
53.088750, -114.680900, 0.772000 
54.781490, -119.124700, 1.072000 
55.666382, -110.714044, 18.610000 
56.147110, -116.294328, 77.408700 
52.162940, -110.621170, 1.600000 
52.630165, -110.292177, 0.482700 
53.443180, -117.655400, 0.149000 
55.815390, -111.444400, 4.374000 
50.509360, -111.334264, 1.250000 
51.919097, -110.927455, 0.385100 
52.726153, -114.417716, 0.566000 
56.516487, -115.935907, 2.693900 
50.508703, -111.354642, 1.420000 
51.468368, -113.679899, 0.678300 
55.459690, -114.769748, 3.015000 
56.113140, -111.715340, 7.880000 
52.463020, -114.346890, 2.580000 
54.412270, -118.753150, 0.801000 
53.549000, -113.755000, 0.862000 
50.153177, -113.378808, 0.970000 
54.271530, -115.716900, 0.781000 
52.258050, -113.880800, 0.113000 
51.363330, -113.606940, 0.969100 
49.609300, -112.180770, 0.569000 
55.015950, -118.569410, 2.040000 
56.139855, -116.685909, 3.689000 
56.288280, -116.851000, 2.347000 
54.794218, -115.320030, 1.664000 
53.696100, -114.630500, 0.630000 
52.333053, -111.048566, 2.346000 
51.026500, -113.941900, 2.503000 
54.943222, -117.620947, 0.933000 
54.888743, -115.485435, 0.753000 
53.132306, -115.119814, 0.929000 
53.234199, -114.790932, 0.542000 
53.172445, -115.107766, 0.570000 
52.648678, -115.119963, 1.121000 
53.116573, -115.489755, 0.888000 
52.542211, -114.511056, 1.303000 
52.593826, -115.067593, 2.175000 
52.626848, -114.568225, 0.904000 
52.553348, -114.523110, 1.287000 
52.552820, -114.523126, 1.732000 
53.687177, -116.211405, 0.569000 
51.334654, -114.156826, 0.639000 
55.520237, -119.350126, 0.681000 
53.397712, -115.708888, 0.901000 
52.793459, -114.230068, 2.065000 
57.501323, -118.740406, 1.210000 
53.575731, -116.829849, 3.521000 
54.351092, -117.718334, 1.564000 
55.282727, -119.096271, 0.546000 
55.300962, -119.141954, 0.685000 
55.534958, -118.803266, 0.682000 
50.537335, -113.985933, 0.555000 
53.110624, -116.015732, 1.042000 
53.157782, -115.936628, 0.501000 
54.201274, -117.904311, 0.987000 
54.723108, -119.104521, 0.545000 
55.524545, -110.998753, 2.590000 
55.351198, -110.631166, 1.475000 
54.804949, -115.470992, 1.495000 
55.691822, -111.279327, 0.739000 
51.664078, -112.362875, 0.587000 
49.758781, -110.955730, 1.908000 
56.526927, -116.214967, 2.618000 
49.781742, -110.959039, 0.757000 
52.501875, -111.697322, 0.879000 
51.357157, -113.871660, 0.774000 
49.781742, -110.959071, 1.107000 
53.117713, -114.224346, 1.125000 
57.875447, -118.414035, 2.346000 
58.374668, -119.039580, 0.801000 
54.490657, -118.597906, 0.771000 
53.323587, -115.620257, 1.642000 
54.632605, -115.501306, 5.551000 
54.604544, -115.813011, 0.618000 
54.794218, -115.269184, 1.582000 
53.325107, -114.729713, 1.232000 
56.219286, -116.817863, 0.690000 
56.063148, -116.289253, 0.727000 
56.121602, -116.673018, 2.888000 
54.640540, -115.498259, 1.357000 
53.074128, -114.711648, 0.577000 
56.143464, -116.679462, 3.216000 
56.302783, -116.277596, 0.518000 
53.106945, -115.516013, 1.615000 
53.196277, -115.542591, 1.513000 
53.197408, -115.591879, 2.473000 
51.288252, -114.382374, 2.825000 
53.208714, -115.662254, 3.790000 
53.210190, -115.757618, 0.926000 
51.300811, -114.382369, 2.709000 
53.427173, -115.826111, 2.115000 
53.268293, -115.664492, 0.714000 
52.928991, -115.628051, 5.015000 
51.288252, -114.382439, 0.598000 
53.339727, -115.704575, 2.356000 
53.339766, -115.698667, 0.893000 
53.284947, -115.627584, 2.364000 
53.194689, -115.508623, 1.287000 
53.197505, -115.535595, 0.615000 
53.193436, -115.755258, 1.150000 
53.210890, -115.606985, 4.196000 
53.209727, -115.529662, 0.639000 
53.296012, -115.631563, 0.516000 
51.303065, -114.394326, 1.284000 
53.136435, -115.454732, 4.077000 
53.239267, -115.897307, 1.972000 
53.237810, -115.729055, 2.283000 
53.237816, -115.704682, 1.415000 
53.325123, -115.655937, 0.601000 
53.237806, -115.777803, 1.899000 
53.165141, -115.485320, 1.964000 
53.179395, -115.454593, 2.888000 
53.023252, -114.632203, 0.553000 
53.052358, -114.680954, 0.968000 
53.066813, -114.705330, 0.651000 
53.038421, -114.174975, 0.772000 
51.842765, -114.501926, 1.504000 
53.083689, -115.489891, 1.503000 
51.981437, -114.629921, 2.046000 
53.128630, -115.491640, 0.875000 
51.843388, -114.501786, 0.708000 
53.030486, -114.656578, 1.171000 
53.044947, -114.656579, 1.139000 
53.145766, -115.506027, 1.363000 
53.144216, -115.456417, 0.510000 
53.248641, -115.899673, 1.870000 
53.263304, -115.704683, 2.051000 
53.002132, -114.699265, 1.545000 
53.175846, -115.456846, 1.527000 
53.190453, -115.467296, 3.224000 
53.017501, -114.624664, 0.566000 
51.240762, -114.296780, 2.265000 
51.313896, -114.401557, 1.146000 
53.002127, -114.687332, 0.791000 
51.880455, -114.577427, 1.004000 
53.362724, -115.771458, 2.909000 
53.117778, -114.443540, 0.760000 
53.117791, -115.516013, 2.666000 
53.205089, -115.516013, 2.857000 
53.306866, -115.272252, 3.021000 
51.298919, -114.331026, 2.275000 
52.957939, -115.648726, 1.044000 
53.219559, -115.662254, 2.455000 
53.044945, -114.175599, 1.082000 
53.321510, -115.686630, 1.149000 
53.059580, -114.711649, 0.838000 
53.263285, -115.759748, 2.276000 
53.002062, -115.759748, 0.907000 
53.355610, -115.715625, 2.139000 
54.925153, -119.198874, 1.110000 
53.125083, -115.485806, 0.802000 
53.332389, -114.833722, 1.484000 
53.820800, -117.352690, 1.649000 
53.619480, -116.876420, 0.569000 
53.784310, -117.351850, 0.565000 
53.790260, -117.346100, 0.853000 
50.705185, -113.308724, 0.822000 
55.761557, -119.372098, 0.530000 
54.535435, -116.664800, 0.515000 
57.163300, -110.583600, 0.734000 
50.500900, -111.284790, 0.320000 
52.432010, -111.801300, 2.340000 
52.275680, -111.668660, 0.585000 
52.246600, -111.573440, 0.799000 
50.850743, -113.548443, 19.439000 
52.732440, -116.512950, 0.660000 
52.062310, -111.604850, 5.569100 
51.665310, -112.364410, 0.490000 
53.090310, -111.774300, 7.705000 
53.557770, -113.474200, 0.617000 
51.863410, -111.572630, 3.729700 
53.790550, -112.879940, 1.130000 
56.391780, -112.897800, 0.629100 
53.870700, -112.923280, 0.520000 
53.768700, -112.824100, 0.430000 
53.786960, -112.848990, 0.920000 
53.830630, -112.892260, 0.490000 
53.787200, -112.761960, 1.360000 
53.786990, -112.811810, 0.900000 
53.797870, -112.904700, 1.410000 
53.805250, -112.867480, 0.680000 
53.805290, -112.892240, 0.650000 
52.106210, -111.078240, 0.542400 
53.024090, -114.857200, 2.759000 
52.413970, -111.183600, 1.610000 
55.715460, -118.720150, 5.963400 
51.087610, -113.664590, 7.472000 
52.330160, -113.517950, 3.821000 
53.145250, -115.079080, 3.736500 
55.277820, -118.465050, 0.572000 
55.622580, -112.654920, 0.584000 
54.350029, -117.942696, 1.198000 
56.243930, -117.317150, 3.600000 
55.432106, -114.765716, 1.307000 
52.668150, -114.559610, 1.221400 
52.658240, -114.558000, 3.969900 
52.658520, -114.569990, 1.355900 
53.494403, -114.817858, 1.436400 
52.293671, -114.294419, 14.187300 
52.182455, -114.393500, 0.621600 
53.689940, -116.641820, 0.751000 
52.315630, -114.329980, 0.605200 
52.316380, -114.547820, 0.502300 
51.976760, -114.564800, 1.215500 
52.264740, -113.973900, 1.939800 
51.731390, -114.729870, 0.952700 
53.331289, -113.528895, 0.751000 
53.304640, -113.529593, 1.189000 
53.846565, -112.917641, 0.609000 
53.848653, -112.912213, 0.552000 
54.077740, -116.179690, 1.781000 
54.386810, -118.771920, 1.503000 
54.361360, -118.753140, 0.544000 
51.497690, -112.709480, 1.146000 
54.077740, -116.173450, 0.563000 
53.306830, -116.935880, 0.704000 
56.762550, -111.422370, 0.553000 
55.386860, -119.208590, 1.406000 
55.372260, -119.195750, 0.955000 
55.401330, -119.221400, 0.584000 
55.419540, -119.227790, 1.948000 
51.047700, -114.075770, 6.000000 
53.068129, -114.683168, 0.848000 
