56.377200, -117.175600, 0.000046 
53.344000, -114.305000, 0.052701 
54.007100, -119.104000, 0.023430 
53.529100, -113.387500, 0.035616 
53.841600, -113.097900, 0.000500 
57.003300, -111.466100, 0.115999 
57.040500, -111.619200, 0.023177 
53.508500, -114.557100, 0.140089 
53.448700, -114.449100, 0.038166 
51.181625, -114.472100, 0.000009 
51.789600, -114.702800, 0.000467 
53.581600, -113.599100, 0.002460 
51.058900, -115.174500, 0.000003 
58.518800, -117.119500, 0.007544 
53.740700, -113.023100, 0.000025 
57.335400, -111.755600, 0.002005 
