56.377200, -117.175600, 1.082000 
53.344000, -114.305000, 0.557700 
53.529100, -113.387500, 1.635700 
53.571700, -113.349800, 7.671800 
53.841600, -113.097900, 0.000900 
57.003300, -111.466100, 0.325400 
53.508500, -114.557100, 0.835000 
53.448700, -114.449100, 1.075000 
55.071200, -118.691200, 0.137000 
53.413300, -117.570600, 0.069000 
49.717200, -112.781900, 0.000400 
49.723497, -112.785116, 46.892000 
53.507791, -113.486900, 0.041400 
51.798200, -114.098000, 0.000400 
53.574500, -113.313900, 0.003600 
51.001450, -113.975960, 0.061900 
53.512500, -113.424700, 0.353800 
52.672300, -113.601300, 0.003600 
