56.377200, -117.175600, 0.006118 
53.344000, -114.305000, 0.306322 
50.992000, -114.059000, 0.000670 
54.007100, -119.104000, 0.036300 
54.775000, -115.218600, 0.001687 
53.529100, -113.387500, 0.479896 
53.841600, -113.097900, 0.001200 
57.003300, -111.466100, 0.457075 
57.040500, -111.619200, 0.150268 
53.508500, -114.557100, 0.305090 
53.448700, -114.449100, 1.354298 
53.593060, -116.390300, 0.005000 
53.413300, -117.570600, 0.017073 
53.533000, -113.411500, 0.000561 
53.541700, -113.391700, 0.059400 
51.789600, -114.702800, 0.007522 
53.581600, -113.599100, 0.030426 
51.058900, -115.174500, 0.023910 
58.518800, -117.119500, 0.125326 
53.740700, -113.023100, 0.000025 
50.443600, -110.882500, 0.033289 
53.402700, -117.599300, 0.006991 
51.068200, -115.136400, 0.000001 
55.160200, -118.818400, 0.000054 
57.335400, -111.755600, 0.005012 
54.270100, -110.803400, 0.006041 
