53.529100, -113.387500, 0.023010 
57.003300, -111.466100, 0.159972 
57.040500, -111.619200, 0.000058 
53.508500, -114.557100, 0.057896 
53.448700, -114.449100, 0.006927 
53.593060, -116.390300, 0.001000 
53.795900, -113.099600, 0.000000 
53.413300, -117.570600, 0.022103 
53.541700, -113.391700, 0.033500 
53.550500, -113.358900, 0.013290 
51.789600, -114.702800, 0.001167 
49.723497, -112.785116, 0.000010 
51.798200, -114.098000, 0.000003 
53.574500, -113.313900, 0.000023 
52.940500, -112.721400, 0.000014 
54.133300, -115.366600, 0.001234 
53.402700, -117.599300, 0.001084 
53.501040, -113.489732, 0.000004 
52.375200, -114.921600, 0.000646 
53.350200, -110.845800, 0.000011 
51.743600, -113.251600, 0.000012 
55.752800, -118.684100, 0.000012 
49.702567, -112.786857, 0.000013 
53.584400, -113.547900, 0.000018 
52.672300, -113.601300, 0.000023 
50.850743, -113.548443, 0.000011 
