53.582300, -113.588600, 45.130000 
55.996700, -118.533600, 74.552000 
53.539700, -113.409200, 851.400000 
52.829200, -110.859200, 5.040000 
56.377200, -117.175600, 144.821900 
53.833100, -113.108900, 0.900000 
53.344000, -114.305000, 1.024400 
53.733200, -113.175000, 223.714400 
53.288500, -110.018300, 66.181000 
52.146300, -115.330000, 16.678000 
50.747700, -114.494700, 395.211000 
54.952700, -119.195300, 64.385000 
54.572300, -115.522900, 103.337600 
54.596400, -110.395000, 218.063000 
55.335900, -119.223000, 116.035000 
50.987300, -113.971000, 150.077000 
50.647500, -113.772000, 30.961000 
54.194400, -116.632200, 175.184000 
53.245000, -115.674300, 92.678000 
53.746900, -113.164500, 596.003000 
51.419100, -114.027000, 325.455000 
51.742300, -114.134500, 106.975000 
52.496000, -114.988000, 27.540000 
50.675600, -110.025000, 53.184000 
53.529100, -113.387500, 8.773000 
53.571700, -113.349800, 25.492400 
52.959300, -115.893800, 196.056000 
52.776100, -115.660700, 128.251000 
52.758100, -114.111600, 418.096000 
52.226300, -115.177000, 248.072000 
49.720100, -112.781900, 26.170000 
52.940400, -114.832300, 67.871000 
52.308300, -113.550000, 318.273000 
50.080710, -110.727860, 495.488000 
49.713599, -112.796397, 1015.230000 
51.191300, -113.940900, 68.532000 
49.305200, -114.000300, 831.477000 
51.039600, -114.559000, 232.600000 
51.965500, -114.753600, 441.726000 
56.380600, -116.795000, 12.264000 
53.841600, -113.097900, 141.390000 
53.652000, -116.099200, 125.625000 
54.423300, -117.760400, 90.843000 
57.003300, -111.466100, 12648.631600 
57.040500, -111.619200, 7704.115000 
53.508500, -114.557100, 185.640000 
53.448700, -114.449100, 126.668000 
53.506100, -113.397900, 17.060000 
52.385800, -113.595000, 69.691500 
51.181625, -114.472100, 28.700000 
51.022770, -114.027660, 1268.349800 
52.033030, -113.938910, 54.857000 
53.227700, -114.988900, 77.100000 
53.593060, -116.390300, 155.200000 
51.570800, -114.851700, 122.318000 
55.071200, -118.691200, 277.817000 
53.795900, -113.099600, 247.550000 
53.804200, -113.082400, 55.419000 
53.413300, -117.570600, 198.037000 
50.983000, -113.988400, 40.566000 
50.845800, -113.586700, 111.420000 
53.541700, -113.391700, 645.400000 
53.181200, -115.762500, 62.778000 
51.219500, -114.645400, 43.986000 
50.805300, -110.034900, 386.582000 
54.833300, -118.646700, 68.579000 
54.524700, -116.794300, 201.742000 
52.553700, -111.694000, 17.302000 
53.204500, -116.811200, 141.037200 
50.086600, -110.716700, 252.032000 
53.550500, -113.358900, 771.842200 
51.526000, -113.880000, 102.071000 
51.696900, -114.475000, 184.372000 
55.248100, -114.514000, 42.122000 
53.531993, -113.364925, 33.770000 
53.544350, -113.374010, 3.730000 
54.772900, -110.579000, 152.452000 
54.185400, -116.210400, 60.453000 
51.400100, -114.034300, 46.843600 
53.757500, -113.149900, 150.689000 
54.427200, -116.884300, 225.650000 
53.132300, -115.981700, 187.457000 
52.035300, -115.137700, 83.116400 
53.456206, -113.487312, 18.443000 
53.728270, -113.235520, 111.868000 
54.510900, -115.511700, 148.929000 
53.283800, -110.031900, 308.991100 
55.481900, -119.059200, 10.856000 
51.789600, -114.702800, 116.895800 
49.701943, -112.803037, 439.780000 
54.238200, -115.379700, 661.600000 
51.034710, -114.025600, 23.120000 
53.725400, -113.193000, 25.070000 
55.029800, -118.744000, 494.165400 
51.005290, -114.058570, 87.200000 
55.162300, -118.816600, 93.362000 
49.628100, -114.571900, 4.815000 
57.546300, -119.112600, 138.030000 
50.597600, -111.881800, 2.253900 
50.583700, -113.871100, 126.778400 
53.250200, -115.555500, 69.657000 
55.489100, -119.750800, 74.918000 
53.581600, -113.599100, 5.646000 
53.571290, -113.355400, 23.740000 
55.876700, -119.301100, 53.851000 
51.222500, -114.495600, 41.812000 
53.506740, -113.396252, 45.840000 
53.557500, -116.547200, 66.525000 
59.063100, -118.875700, 31.455100 
53.817200, -113.133600, 97.422000 
51.000700, -113.965670, 22.778100 
51.012800, -114.022000, 107.704000 
50.912700, -114.011800, 10.135000 
52.327100, -112.718300, 175.725000 
56.904200, -117.633600, 41.158000 
51.010160, -113.964210, 18.009500 
50.058200, -110.728200, 20.310700 
54.133300, -115.366600, 105.556300 
55.074200, -117.274200, 54.689000 
55.268600, -114.584700, 26.762000 
54.394900, -116.809000, 20.708000 
58.194700, -116.350400, 4.185000 
53.567200, -113.599300, 21.280000 
53.532000, -113.394000, 11.257000 
53.563200, -113.634800, 15.060000 
49.729139, -112.781105, 12.275000 
53.799100, -113.080700, 12.958000 
58.518800, -117.119500, 859.692100 
54.139800, -115.689100, 117.885000 
54.587200, -112.803100, 21.071000 
53.170200, -114.975000, 40.700000 
53.745000, -110.810800, 20.200000 
53.902300, -115.189300, 83.006000 
53.740700, -113.023100, 385.603000 
50.981270, -113.971610, 58.902000 
52.212400, -113.843700, 107.588500 
52.228400, -114.397700, 147.017000 
53.550690, -113.349600, 786.060500 
53.593600, -113.335600, 14.300000 
52.674300, -111.311600, 12.471000 
57.298900, -111.503300, 4702.450000 
50.664700, -113.784200, 7.080000 
49.303500, -113.794000, 21.659000 
52.308300, -113.550000, 0.060000 
51.910600, -114.668100, 89.284000 
53.286400, -110.017800, 23.463000 
52.656700, -111.311900, 33.475000 
53.402700, -117.599300, 120.079400 
50.577200, -111.178100, 72.441000 
50.671900, -110.028900, 18.243000 
55.582700, -110.888800, 24.819000 
53.091100, -111.768600, 19.163000 
55.069600, -110.536100, 84.679000 
53.373100, -116.086000, 10.591000 
57.351700, -111.522200, 2049.669200 
53.628800, -113.307700, 30.670000 
50.959200, -113.981200, 262.444000 
53.527200, -113.354800, 570.167000 
51.001000, -114.061200, 111.140000 
51.024500, -114.025000, 0.750000 
52.315900, -113.850000, 8.050000 
53.481700, -113.489000, 23.000000 
51.130700, -114.009000, 0.600000 
51.015020, -114.026480, 16.825000 
51.016000, -114.061400, 10.000000 
53.431000, -117.540600, 0.262000 
53.010600, -112.810000, 1.534000 
52.255700, -113.886000, 3.299000 
53.645100, -114.130200, 1.883000 
53.544400, -113.366200, 92.261000 
51.024190, -114.035300, 165.900000 
53.573900, -113.597100, 103.748000 
56.981400, -111.475800, 492.696000 
53.543100, -117.797900, 105.838000 
52.588100, -111.206100, 218.403000 
51.004250, -114.050900, 37.981000 
53.576230, -113.595660, 84.906000 
53.501040, -113.489732, 11.631300 
52.375200, -114.921600, 356.680100 
50.963600, -113.976680, 746.437400 
53.530040, -113.402010, 1029.161500 
51.045078, -114.092040, 18.780000 
55.644000, -114.659700, 10.168000 
50.471500, -111.606500, 26.814000 
50.129400, -111.908400, 53.795000 
51.488700, -113.153900, 191.440000 
53.416800, -113.917700, 13.508000 
55.585600, -117.891600, 23.331300 
57.590100, -117.531700, 7.063000 
53.159500, -114.902800, 81.463000 
49.616400, -112.472000, 12.130000 
51.065100, -114.130500, 2.080000 
51.027000, -114.018600, 3.123400 
55.309200, -119.205800, 13.422000 
53.024700, -115.531100, 29.010000 
53.574200, -116.646900, 22.777000 
53.866900, -110.644900, 15.192000 
54.416000, -115.636200, 15.807000 
54.974300, -117.285800, 22.357000 
52.050100, -112.728300, 19.708000 
58.601100, -118.787200, 14.111000 
54.387000, -116.966700, 16.197000 
53.388600, -115.315800, 93.928000 
50.653300, -111.166100, 111.553000 
51.024500, -111.642800, 16.570000 
52.091000, -112.761500, 7.110000 
56.215000, -110.968100, 52.864000 
55.862200, -119.720300, 13.520000 
56.098600, -119.288100, 24.831000 
55.945800, -119.805300, 10.221000 
55.943900, -119.923100, 18.319000 
51.115100, -112.960100, 10.718000 
51.304300, -112.653700, 11.947000 
51.275400, -112.906500, 13.812000 
50.795100, -112.017800, 13.221000 
50.915100, -112.451700, 13.490000 
55.047300, -110.577800, 25.306000 
55.294800, -110.795100, 15.779000 
51.409800, -113.094600, 14.512000 
50.223900, -110.761900, 13.445000 
50.223900, -110.899700, 23.652000 
50.224000, -110.037500, 19.352000 
50.398600, -110.503300, 30.257000 
50.591500, -111.780300, 11.140000 
53.188700, -115.642200, 11.050000 
52.435700, -113.390400, 14.055000 
55.433300, -116.483200, 42.436000 
50.981000, -113.967800, 12.000000 
53.504050, -113.374400, 22.400000 
51.093400, -112.820100, 14.390000 
58.110400, -118.115600, 12.260000 
56.233200, -113.896400, 15.160000 
55.385700, -113.001600, 13.840000 
52.493600, -115.935000, 10.260000 
53.561500, -116.577900, 182.875000 
53.392300, -115.316900, 16.830000 
52.759300, -115.531900, 10.630000 
51.388100, -110.772500, 40.000000 
51.209800, -113.141000, 16.000000 
52.362900, -113.534900, 34.000000 
52.326500, -114.515200, 10.349000 
54.963600, -117.670700, 14.521000 
50.165900, -110.089100, 54.743000 
59.641800, -118.307800, 22.038000 
54.792900, -115.521700, 10.230000 
59.601800, -117.409700, 11.628000 
50.307500, -110.502500, 17.988600 
57.042500, -111.905000, 18.747900 
53.752300, -117.099300, 79.225000 
52.774000, -112.914300, 10.529000 
54.385300, -118.624900, 13.170700 
49.229200, -114.029100, 3.119000 
49.488900, -113.955100, 7.754000 
51.599900, -115.356900, 17.727000 
55.640300, -119.627000, 21.542800 
52.766700, -116.393000, 18.975200 
53.854300, -117.391200, 32.329000 
52.963700, -111.364700, 33.141000 
53.346200, -113.517200, 29.133000 
54.162360, -115.733900, 21.747800 
51.003200, -113.961000, 5.167200 
56.218700, -116.251300, 10.274000 
54.105400, -117.526500, 31.344000 
53.952600, -117.559000, 23.421000 
53.977900, -116.751200, 8.910000 
55.318300, -116.491800, 21.074000 
53.578344, -115.855642, 13.404000 
53.444100, -113.491800, 21.244000 
53.737500, -113.149000, 35.305400 
52.942400, -113.511100, 56.287900 
52.086500, -112.754800, 21.400000 
52.370000, -114.375800, 15.100000 
52.696100, -114.863800, 117.800000 
54.166900, -118.486900, 25.968000 
57.217500, -110.895000, 192.950000 
56.666700, -111.345100, 19.130000 
52.604900, -113.196300, 10.836600 
50.993800, -113.990000, 1.315000 
52.725100, -113.169500, 5.010000 
52.761600, -113.133400, 0.400000 
53.914400, -117.573700, 15.973600 
53.987100, -117.351500, 19.799600 
52.841500, -116.035500, 27.752000 
53.288900, -110.012000, 30.180000 
54.452300, -114.874300, 16.104000 
50.632000, -114.240300, 109.199000 
55.160200, -118.818400, 19.396600 
53.559400, -113.347200, 29.500000 
52.361000, -113.819400, 1.742000 
52.549200, -113.840800, 6.749000 
49.720000, -113.500300, 7.839000 
53.599500, -111.416200, 3.922000 
54.189800, -110.505800, 187.873000 
53.920600, -110.608500, 221.900200 
54.040000, -114.130000, 0.120000 
50.973600, -112.711700, 1.830000 
53.936200, -113.499600, 0.350000 
53.753700, -114.443000, 0.190000 
51.625300, -111.195200, 0.700000 
51.600900, -111.231500, 1.420000 
56.272700, -110.938200, 1.919100 
52.681500, -113.121100, 10.100000 
53.655600, -117.081700, 23.984100 
54.171000, -118.334400, 37.835000 
50.485300, -111.449700, 11.084000 
53.596200, -113.332100, 14.440000 
53.566800, -113.365000, 347.331000 
52.639900, -111.273500, 296.249000 
54.342700, -110.328700, 18.991600 
53.500000, -113.440000, 23.180000 
54.285000, -115.698200, 182.940400 
51.465100, -113.512200, 8.180000 
53.768300, -116.915400, 34.894000 
53.761100, -117.367500, 19.042000 
52.646000, -111.278000, 10.426000 
55.250000, -116.290000, 137.573000 
49.080000, -112.050000, 297.185000 
56.350000, -115.200000, 11.045000 
52.380000, -114.140000, 328.552000 
52.124700, -113.677200, 20.000000 
52.223000, -113.659300, 16.000000 
51.787100, -113.335700, 22.700000 
52.557700, -115.977200, 10.313000 
52.634000, -110.209100, 12.927000 
54.387300, -114.753100, 11.251000 
52.579300, -113.513500, 17.400000 
52.868700, -113.142400, 21.400000 
51.157600, -114.191600, 0.923000 
53.678600, -113.804600, 0.067000 
55.713300, -118.771000, 16.695000 
54.979700, -118.772700, 10.185000 
56.193600, -110.950600, 38.802000 
52.552400, -112.880800, 5.770000 
52.342200, -112.764800, 1.960000 
55.527900, -110.873800, 86.202000 
54.226800, -118.628100, 27.483000 
51.348700, -113.658600, 10.137000 
52.635200, -111.263900, 70.161000 
55.666400, -110.714000, 25.708000 
56.411700, -110.937600, 480.807000 
53.623400, -116.858600, 38.850000 
51.898100, -113.567200, 78.622000 
54.656560, -119.915230, 32.799200 
55.640500, -117.119300, 15.500000 
55.489500, -118.325200, 12.460000 
56.390700, -116.875400, 18.412000 
50.858900, -113.988500, 21.755000 
56.113500, -111.829300, 61.593000 
52.530400, -112.910800, 0.200000 
52.399400, -112.868800, 4.180000 
52.490300, -112.964700, 1.260000 
52.754200, -113.127400, 0.200000 
51.999300, -112.603300, 0.140000 
54.302500, -118.644200, 32.568000 
53.542800, -113.361400, 14.402000 
54.541100, -118.179200, 12.733000 
53.029200, -112.805800, 8.720000 
54.248500, -114.730000, 16.855000 
51.074900, -114.138700, 3.039000 
57.335400, -111.755600, 3431.980000 
55.554100, -119.755400, 35.948000 
50.966900, -112.664900, 19.281000 
53.659800, -116.650500, 16.127000 
54.006600, -119.105500, 193.718000 
53.573700, -113.348400, 59.927000 
55.910000, -115.140000, 468.030000 
55.041500, -119.631000, 48.477000 
55.666382, -110.714044, 38.156000 
55.767572, -119.774656, 28.740000 
56.147110, -116.294328, 415.812200 
55.815390, -111.444400, 27.127000 
54.204974, -116.760593, 20.240000 
56.113140, -111.715340, 54.012800 
53.699375, -115.976323, 16.160000 
52.258050, -113.880800, 0.819000 
51.713230, -114.695610, 10.340000 
51.090896, -114.004554, 7.803000 
53.024090, -114.857200, 20.636000 
53.776065, -116.797230, 11.485000 
53.293090, -113.537600, 10.140000 
56.059985, -115.372431, 10.212000 
52.405240, -114.912379, 20.358000 
51.694800, -114.469120, 11.863000 
56.248220, -110.904780, 191.932000 
54.670697, -119.218295, 13.478000 
