54.923116, -112.861867, 20.460000 
55.996700, -118.533600, 1.383000 
55.996700, -118.533600, 1.383000 
56.377200, -117.175600, 51.847000 
56.377200, -117.175600, 51.847000 
53.288500, -110.018300, 0.231000 
53.288500, -110.018300, 0.231000 
52.146300, -115.330000, 110.833900 
52.146300, -115.330000, 110.833900 
50.747700, -114.494700, 236.963000 
50.747700, -114.494700, 236.963000 
53.952700, -113.078000, 4.581000 
53.952700, -113.078000, 4.581000 
54.572300, -115.522900, 0.817000 
54.572300, -115.522900, 0.817000 
54.596400, -110.395000, 14.014000 
54.596400, -110.395000, 14.014000 
55.335900, -119.223000, 4.255000 
55.335900, -119.223000, 4.255000 
50.647500, -113.772000, 2.663000 
50.647500, -113.772000, 2.663000 
54.194400, -116.632200, 79.151000 
54.194400, -116.632200, 79.151000 
53.245000, -115.674300, 0.456000 
53.245000, -115.674300, 0.456000 
53.746900, -113.164500, 3.638000 
53.746900, -113.164500, 3.638000 
51.742300, -114.134500, 10.598000 
51.742300, -114.134500, 10.598000 
52.959300, -115.893800, 3.088000 
52.959300, -115.893800, 3.088000 
52.776100, -115.660700, 1.208000 
52.776100, -115.660700, 1.208000 
52.758100, -114.111600, 2.078000 
52.758100, -114.111600, 2.078000 
52.226300, -115.177000, 68.892000 
52.226300, -115.177000, 68.892000 
58.500000, -119.416700, 2.097700 
58.500000, -119.416700, 2.097700 
52.940400, -114.832300, 7.467000 
52.940400, -114.832300, 7.467000 
51.191300, -113.940900, 18.759000 
51.191300, -113.940900, 18.759000 
53.733200, -113.486200, 0.007000 
53.733200, -113.486200, 0.007000 
49.305200, -114.000300, 664.970000 
49.305200, -114.000300, 664.970000 
51.039600, -114.559000, 116.200000 
51.039600, -114.559000, 116.200000 
51.965500, -114.753600, 350.693000 
51.965500, -114.753600, 350.693000 
53.652000, -116.099200, 9.110000 
53.652000, -116.099200, 9.110000 
54.423300, -117.760400, 18.825000 
54.423300, -117.760400, 18.825000 
57.003300, -111.466100, 86.338800 
57.003300, -111.466100, 86.338800 
57.040500, -111.619200, 117.719000 
57.040500, -111.619200, 117.719000 
51.570800, -114.851700, 81.410000 
51.570800, -114.851700, 81.410000 
55.071200, -118.691200, 42.963000 
55.071200, -118.691200, 42.963000 
53.795900, -113.099600, 1.980000 
53.795900, -113.099600, 1.980000 
53.413300, -117.570600, 178.042000 
53.413300, -117.570600, 178.042000 
53.541700, -113.391700, 8.307000 
53.541700, -113.391700, 8.307000 
53.181200, -115.762500, 29.184000 
53.181200, -115.762500, 29.184000 
51.219500, -114.645400, 8.157000 
51.219500, -114.645400, 8.157000 
54.833300, -118.646700, 9.201000 
54.833300, -118.646700, 9.201000 
54.524700, -116.794300, 2.362000 
54.524700, -116.794300, 2.362000 
52.553700, -111.694000, 2.539000 
52.553700, -111.694000, 2.539000 
53.204500, -116.811200, 102.264500 
53.204500, -116.811200, 102.264500 
53.550500, -113.358900, 9.616500 
53.550500, -113.358900, 9.616500 
51.526000, -113.880000, 132.146000 
51.526000, -113.880000, 132.146000 
51.696900, -114.475000, 4.398000 
51.696900, -114.475000, 4.398000 
54.185400, -116.210400, 2.403000 
54.185400, -116.210400, 2.403000 
51.400100, -114.034300, 7.627900 
51.400100, -114.034300, 7.627900 
54.427200, -116.884300, 79.530000 
54.427200, -116.884300, 79.530000 
53.132300, -115.981700, 12.602000 
53.132300, -115.981700, 12.602000 
55.481900, -119.059200, 7.202000 
55.481900, -119.059200, 7.202000 
53.721800, -113.192700, 0.001000 
53.721800, -113.192700, 0.001000 
49.628100, -114.571900, 28.926000 
49.628100, -114.571900, 28.926000 
53.250200, -115.555500, 0.606000 
53.250200, -115.555500, 0.606000 
55.489100, -119.750800, 10.360000 
55.489100, -119.750800, 10.360000 
53.557500, -116.547200, 15.736000 
53.557500, -116.547200, 15.736000 
59.063100, -118.875700, 0.236000 
59.063100, -118.875700, 0.236000 
52.327100, -112.718300, 6.076000 
52.327100, -112.718300, 6.076000 
52.510900, -110.969600, 0.927000 
52.510900, -110.969600, 0.927000 
53.170200, -114.975000, 0.884000 
53.170200, -114.975000, 0.884000 
55.833000, -119.470000, 5.900000 
55.833000, -119.470000, 5.900000 
53.902300, -115.189300, 0.347000 
53.902300, -115.189300, 0.347000 
57.298900, -111.503300, 11.015000 
57.298900, -111.503300, 11.015000 
50.471500, -111.606500, 0.400000 
50.471500, -111.606500, 0.400000 
58.568700, -119.201500, 1.777000 
58.568700, -119.201500, 1.777000 
50.129400, -111.908400, 4.164000 
50.129400, -111.908400, 4.164000 
53.388600, -115.315800, 2.912000 
53.388600, -115.315800, 2.912000 
59.641800, -118.307800, 2.305000 
59.641800, -118.307800, 2.305000 
52.370000, -114.375800, 0.026000 
52.370000, -114.375800, 0.026000 
57.217500, -110.895000, 0.121000 
57.217500, -110.895000, 0.121000 
54.342700, -110.328700, 1.045500 
54.342700, -110.328700, 1.045500 
54.285000, -115.698200, 3.261000 
54.285000, -115.698200, 3.261000 
55.662600, -111.257700, 0.013100 
55.662600, -111.257700, 0.013100 
57.335400, -111.755600, 23.686000 
57.335400, -111.755600, 23.686000 
