56.377200, -117.175600, 108.914000 
54.144400, -115.691700, 0.158000 
49.789400, -112.126100, 29.676000 
52.322100, -113.516600, 51.693000 
53.721700, -113.191700, 38.706000 
53.841600, -113.097900, 1979.280000 
57.003300, -111.466100, 2.627900 
57.040500, -111.619200, 1021.350000 
53.508500, -114.557100, 26.000000 
53.448700, -114.449100, 34.145000 
50.846700, -113.581170, 32.100000 
55.071200, -118.691200, 45.184000 
53.413300, -117.570600, 42.288000 
50.845800, -113.586700, 1329.640000 
53.541700, -113.391700, 2.021000 
53.204500, -116.811200, 6.935000 
50.086600, -110.716700, 2351.337000 
55.248100, -114.514000, 0.070000 
53.721800, -113.192700, 173.272000 
53.725400, -113.193000, 636.685900 
50.597600, -111.881800, 4.535900 
50.583700, -113.871100, 4.350000 
51.000700, -113.965670, 0.429300 
51.012800, -114.022000, 293.109000 
50.912700, -114.011800, 27.464000 
53.719000, -113.205600, 7.680000 
53.560800, -113.415300, 226.000000 
52.266000, -113.808200, 9.500000 
52.308800, -113.790000, 33.183000 
53.628800, -113.307700, 65.190000 
55.736900, -117.185800, 0.470100 
55.757600, -118.696700, 0.074000 
51.180450, -113.937280, 25.522000 
55.197120, -118.788450, 0.772200 
52.349900, -110.266600, 0.128400 
51.491800, -114.030200, 0.639000 
52.794000, -111.825900, 0.528600 
53.434200, -111.805800, 0.267900 
50.385800, -113.246500, 1.543200 
53.714800, -113.190000, 9.100000 
55.160200, -118.818400, 72.477300 
50.858900, -113.988500, 58.967000 
51.074900, -114.138700, 1.189000 
57.335400, -111.755600, 91.211000 
51.048370, -113.587500, 0.223000 
