56.377200, -117.175600, 0.003097 
53.344000, -114.305000, 0.042751 
54.596400, -110.395000, 0.030949 
54.144400, -115.691700, 0.000002 
54.007100, -119.104000, 0.001800 
53.529100, -113.387500, 0.005634 
53.841600, -113.097900, 0.002700 
57.003300, -111.466100, 0.065981 
57.040500, -111.619200, 0.009763 
53.508500, -114.557100, 0.155928 
53.448700, -114.449100, 0.308510 
53.593060, -116.390300, 0.001000 
55.071200, -118.691200, 0.004771 
53.795900, -113.099600, 0.011000 
53.413300, -117.570600, 0.006240 
53.541700, -113.391700, 0.016400 
53.550500, -113.358900, 0.013394 
55.248100, -114.514000, 0.000001 
54.772900, -110.579000, 0.021024 
51.789600, -114.702800, 0.001323 
53.581600, -113.599100, 0.000798 
51.058900, -115.174500, 0.001240 
58.518800, -117.119500, 0.005109 
53.740700, -113.023100, 0.000025 
57.335400, -111.755600, 0.011026 
53.638797, -113.569796, 0.000000 
