53.344000, -114.305000, 0.056150 
54.596400, -110.395000, 0.007315 
52.564700, -112.141400, 0.048065 
51.531700, -111.786100, 0.033145 
54.007100, -119.104000, 0.003300 
54.775000, -115.218600, 0.051311 
53.529100, -113.387500, 0.011345 
57.003300, -111.466100, 0.036569 
57.040500, -111.619200, 0.014889 
53.508500, -114.557100, 0.056231 
53.448700, -114.449100, 0.018947 
53.413300, -117.570600, 0.000939 
53.541700, -113.391700, 0.005400 
53.581600, -113.599100, 0.032427 
51.058900, -115.174500, 0.019710 
52.827500, -110.859600, 0.000164 
52.674300, -111.311600, 0.000003 
51.068200, -115.136400, 0.000903 
