53.539700, -113.409200, 8.710000 
52.829200, -110.859200, 1.382000 
56.377200, -117.175600, 242.946500 
53.344000, -114.305000, 1342.630000 
53.733200, -113.175000, 36.370400 
53.288500, -110.018300, 1.504000 
54.596400, -110.395000, 69.094000 
54.144400, -115.691700, 0.980000 
49.789400, -112.126100, 122.911000 
54.179100, -115.806000, 2.991000 
52.564700, -112.141400, 1412.976200 
51.531700, -111.786100, 303.746600 
54.007100, -119.104000, 142.000000 
50.675600, -110.025000, 452.519000 
53.529100, -113.387500, 123.048000 
53.571700, -113.349800, 98.522300 
53.089200, -116.805900, 4.317000 
52.308300, -113.550000, 831.919000 
50.080710, -110.727860, 121.641000 
51.191300, -113.940900, 6.961000 
49.305200, -114.000300, 20.811000 
51.039600, -114.559000, 14.700000 
51.965500, -114.753600, 24.559000 
53.721700, -113.191700, 38.029000 
53.841600, -113.097900, 437.290000 
57.003300, -111.466100, 2192.164200 
57.040500, -111.619200, 2265.632000 
53.508500, -114.557100, 2220.046000 
53.448700, -114.449100, 674.229000 
52.385800, -113.595000, 10.870800 
51.181625, -114.472100, 1.290000 
52.033030, -113.938910, 39.146000 
53.593060, -116.390300, 144.153000 
51.570800, -114.851700, 3.296000 
50.846700, -113.581170, 73.200000 
55.071200, -118.691200, 81.957000 
53.795900, -113.099600, 19.400000 
53.804200, -113.082400, 18.970000 
53.413300, -117.570600, 513.635000 
50.845800, -113.586700, 67.580000 
53.541700, -113.391700, 569.700000 
53.181200, -115.762500, 294.619200 
50.086600, -110.716700, 32.647000 
53.550500, -113.358900, 183.401100 
55.248100, -114.514000, 3.400000 
54.772900, -110.579000, 87.846000 
53.728270, -113.235520, 43.671000 
53.283800, -110.031900, 33.395000 
51.789600, -114.702800, 18.183800 
49.701943, -112.803037, 57.210000 
54.238200, -115.379700, 27.200000 
53.721800, -113.192700, 11.795000 
53.725400, -113.193000, 39.626000 
55.029800, -118.744000, 504.743100 
55.273300, -114.599700, 0.927200 
55.162300, -118.816600, 34.830000 
50.964200, -114.024100, 0.104000 
50.848000, -113.581300, 0.021000 
50.597600, -111.881800, 29.929000 
50.583700, -113.871100, 26.878700 
49.723497, -112.785116, 3.485000 
53.581600, -113.599100, 43.432000 
51.058900, -115.174500, 590.800000 
51.798200, -114.098000, 2.970000 
53.574500, -113.313900, 3.100000 
52.940500, -112.721400, 38.502000 
56.904200, -117.633600, 6.603000 
54.133300, -115.366600, 52.665900 
54.394900, -116.809000, 13.741000 
58.194700, -116.350400, 18.930000 
53.307896, -113.585092, 0.220000 
58.518800, -117.119500, 138.971800 
54.139800, -115.689100, 19.235000 
54.587200, -112.803100, 6.156000 
53.332300, -113.524100, 0.513000 
53.740700, -113.023100, 300.076000 
57.298900, -111.503300, 19.653000 
52.308300, -113.550000, 73.766000 
53.402700, -117.599300, 18.914600 
55.069600, -110.536100, 38.859000 
57.351700, -111.522200, 32.395700 
51.154200, -114.187700, 35.244000 
51.024500, -114.025000, 40.800000 
51.130700, -114.009000, 4.010000 
51.015020, -114.026480, 30.282000 
51.068200, -115.136400, 106.315000 
53.431000, -117.540600, 1.045000 
53.010600, -112.810000, 0.653000 
52.255700, -113.886000, 6.321000 
53.645100, -114.130200, 0.821000 
53.555610, -113.633750, 0.050000 
53.584100, -113.614400, 4.215000 
53.066500, -117.404800, 656.530000 
56.981400, -111.475800, 2.062000 
53.543100, -117.797900, 0.359000 
52.588100, -111.206100, 0.024000 
53.943200, -113.596900, 157.000000 
51.065300, -115.221100, 23.363000 
55.736900, -117.185800, 181.400000 
51.804300, -114.095400, 3.805000 
53.550100, -113.775600, 145.000000 
53.501040, -113.489732, 19.552400 
52.375200, -114.921600, 21.097500 
51.020210, -114.019246, 25.567000 
49.784800, -112.151000, 5.669000 
51.065100, -114.130500, 0.828400 
53.024700, -115.531100, 23.888000 
56.313200, -111.636200, 14.720000 
53.561500, -116.577900, 92.677000 
57.042500, -111.905000, 8.125800 
50.889400, -114.761800, 2.190000 
49.229200, -114.029100, 7.324000 
49.488900, -113.955100, 10.923000 
54.162360, -115.733900, 62.508000 
55.197120, -118.788450, 0.058000 
52.981500, -112.707700, 27.232000 
52.349900, -110.266600, 19.225000 
49.833300, -111.699800, 123.540000 
54.807300, -115.413300, 20.162000 
54.467300, -110.209200, 20.381000 
54.169000, -115.762200, 23.894000 
49.731100, -113.460100, 0.004300 
49.709466, -112.781685, 0.089900 
53.737500, -113.149000, 6.921400 
52.942400, -113.511100, 32.247700 
51.491800, -114.030200, 12.324000 
52.794000, -111.825900, 14.337000 
53.434200, -111.805800, 12.686000 
51.804500, -113.239900, 23.851000 
50.385800, -113.246500, 10.495000 
53.575400, -113.624100, 293.882000 
57.217500, -110.895000, 113.809400 
51.176500, -114.194900, 19.335100 
53.558800, -113.473700, 7.199600 
53.558600, -113.368000, 125.000000 
50.993800, -113.990000, 13.890000 
52.761600, -113.133400, 0.090000 
55.160200, -118.818400, 61.298300 
49.867000, -111.383000, 7.896000 
53.559400, -113.347200, 30.800000 
51.071400, -115.132000, 7.386900 
52.361000, -113.819400, 0.792000 
52.549200, -113.840800, 9.631000 
49.720000, -113.500300, 1.927000 
53.599500, -111.416200, 1.738000 
54.040000, -114.130000, 0.022000 
50.973600, -112.711700, 0.270000 
52.681500, -113.121100, 0.010000 
55.278800, -114.766600, 31.601000 
55.118600, -118.361300, 3.520000 
54.423900, -110.304200, 210.666000 
53.745100, -113.235600, 16.208000 
51.094400, -114.049700, 18.222000 
52.866700, -112.200000, 20.687000 
51.435000, -111.755000, 13.702000 
53.329400, -114.290300, 25.252000 
51.157600, -114.191600, 307.006000 
53.678600, -113.804600, 37.351000 
53.007200, -117.327200, 1.216000 
52.494100, -113.852000, 23.772400 
52.342200, -112.764800, 0.210000 
55.666400, -110.714000, 4.705000 
56.411700, -110.937600, 113.677000 
55.608800, -118.003600, 0.872000 
55.640500, -117.119300, 7.190000 
55.489500, -118.325200, 5.580000 
55.201800, -117.914900, 1.038000 
53.350200, -110.845800, 27.045000 
56.113500, -111.829300, 4.878400 
52.530400, -112.910800, 0.050000 
52.399400, -112.868800, 0.400000 
52.490300, -112.964700, 0.300000 
52.754200, -113.127400, 0.050000 
51.999300, -112.603300, 0.030000 
51.743600, -113.251600, 30.553000 
53.314600, -114.750600, 26.945100 
52.459500, -113.729500, 50.686000 
55.752800, -118.684100, 30.525000 
49.702567, -112.786857, 35.077000 
53.584400, -113.547900, 45.585000 
53.767200, -112.809500, 20.896000 
53.647500, -113.622100, 21.217000 
51.074900, -114.138700, 0.706000 
53.819900, -112.764600, 33.013000 
57.286600, -111.599500, 20.460000 
57.335400, -111.755600, 346.548000 
50.079800, -110.790300, 32.125000 
53.589200, -117.458900, 2.585000 
54.006600, -119.105500, 1129.215000 
51.165500, -114.222000, 5.535400 
50.851900, -113.505200, 24.480000 
56.147110, -116.294328, 77.408700 
56.113140, -111.715340, 7.880000 
52.258050, -113.880800, 0.352000 
50.850743, -113.548443, 28.330000 
56.391780, -112.897800, 0.629100 
53.206260, -114.983810, 38.870000 
55.715460, -118.720150, 20.793400 
51.087610, -113.664590, 23.474000 
52.330160, -113.517950, 13.279000 
54.415870, -114.174330, 53.540000 
56.243930, -117.317150, 25.603000 
