53.288500, -110.018300, 0.035000 
54.572300, -115.522900, 0.014000 
54.194400, -116.632200, 0.169000 
53.245000, -115.674300, 0.106000 
53.746900, -113.164500, 0.032000 
51.742300, -114.134500, 0.094000 
52.959300, -115.893800, 1.274000 
52.776100, -115.660700, 0.903000 
52.758100, -114.111600, 1.113000 
52.226300, -115.177000, 0.073000 
49.720100, -112.781900, 8.590000 
55.725100, -119.399900, 0.024000 
51.191300, -113.940900, 0.235000 
51.965500, -114.753600, 0.131000 
56.380600, -116.795000, 0.023000 
53.652000, -116.099200, 0.456000 
54.423300, -117.760400, 0.119000 
57.003300, -111.466100, 507.596000 
57.040500, -111.619200, 66.787000 
50.982200, -113.974200, 0.048000 
53.570000, -113.611400, 0.038000 
51.570800, -114.851700, 0.026000 
53.795900, -113.099600, 0.541000 
53.804200, -113.082400, 7.366000 
53.559400, -113.597500, 0.608000 
53.541700, -113.391700, 2.162000 
53.181200, -115.762500, 0.003000 
52.553700, -111.694000, 0.002000 
53.550500, -113.358900, 4.107820 
51.696900, -114.475000, 0.049000 
53.022700, -112.811400, 10.440000 
54.185400, -116.210400, 0.159000 
51.400100, -114.034300, 0.141000 
54.427200, -116.884300, 0.319000 
53.132300, -115.981700, 1.202000 
52.035300, -115.137700, 0.012000 
54.510900, -115.511700, 0.069000 
53.340200, -113.538100, 0.008000 
49.628100, -114.571900, 0.096000 
57.546300, -119.112600, 0.041000 
55.489100, -119.750800, 0.002000 
59.063100, -118.875700, 0.006000 
53.498700, -113.383100, 0.012000 
51.000700, -113.965670, 0.142000 
53.950900, -113.088100, 0.001000 
53.902300, -115.189300, 0.198000 
52.228400, -114.397700, 0.158000 
52.674300, -111.311600, 0.089000 
55.069600, -110.536100, 0.102000 
50.959200, -113.981200, 0.217000 
53.527200, -113.354800, 0.535000 
50.963600, -113.976680, 0.294000 
53.530040, -113.402010, 0.306000 
53.388600, -115.315800, 0.513000 
50.653300, -111.166100, 0.015000 
53.499900, -113.418000, 0.095000 
52.309150, -113.809970, 0.105000 
55.175000, -118.785400, 0.026000 
53.504100, -113.373300, 0.001000 
56.113500, -111.829300, 0.836000 
