50.675600, -110.025000, 0.668000 
51.534800, -114.203700, 0.189000 
53.559200, -113.388800, 0.068000 
55.725100, -119.399900, 0.100000 
51.191300, -113.940900, 0.100000 
50.982200, -113.974200, 0.001000 
53.570000, -113.611400, 0.003000 
53.795900, -113.099600, 0.239000 
53.804200, -113.082400, 2.634000 
53.541700, -113.391700, 0.422000 
54.524700, -116.794300, 11.206000 
58.555500, -118.915900, 0.100000 
51.526000, -113.880000, 0.100000 
51.400100, -114.034300, 1.472000 
53.581600, -113.599100, 1.958000 
53.498700, -113.383100, 0.003000 
51.000700, -113.965670, 0.002000 
53.027300, -112.806300, 0.010000 
57.351700, -111.522200, 2.529000 
59.641800, -118.307800, 2.590000 
53.737500, -113.149000, 0.144000 
52.942400, -113.511100, 58.792000 
55.208300, -118.793000, 0.003000 
55.175000, -118.785400, 0.092000 
56.411700, -110.937600, 4.855000 
52.298600, -114.201500, 1.229000 
