53.733200, -113.175000, 0.007000 
53.288500, -110.018300, 0.233000 
53.048100, -113.921000, 2.972000 
50.747700, -114.494700, 0.413000 
54.952700, -119.195300, 0.649000 
54.572300, -115.522900, 0.118000 
54.596400, -110.395000, 1.053000 
55.335900, -119.223000, 0.072000 
50.647500, -113.772000, 0.087000 
54.194400, -116.632200, 5.276000 
53.245000, -115.674300, 0.361000 
53.746900, -113.164500, 0.878000 
51.742300, -114.134500, 1.224000 
50.675600, -110.025000, 0.068000 
52.959300, -115.893800, 4.315000 
52.776100, -115.660700, 1.093000 
52.758100, -114.111600, 1.132000 
52.226300, -115.177000, 2.404000 
51.534800, -114.203700, 0.930000 
53.559200, -113.388800, 0.012000 
55.725100, -119.399900, 0.565000 
52.308300, -113.550000, 0.591000 
51.191300, -113.940900, 2.933000 
49.305200, -114.000300, 1.385000 
51.965500, -114.753600, 1.939000 
56.380600, -116.795000, 0.153000 
53.652000, -116.099200, 3.952000 
54.423300, -117.760400, 0.565000 
57.003300, -111.466100, 1352.852000 
57.040500, -111.619200, 197.088000 
50.982200, -113.974200, 0.040000 
53.570000, -113.611400, 0.103000 
51.570800, -114.851700, 0.251000 
53.795900, -113.099600, 4.377000 
53.804200, -113.082400, 0.801000 
53.559400, -113.597500, 0.079000 
53.541700, -113.391700, 10.287000 
53.181200, -115.762500, 0.047000 
51.219500, -114.645400, 0.790000 
54.833300, -118.646700, 0.872000 
54.524700, -116.794300, 1.088000 
52.553700, -111.694000, 0.012000 
53.550500, -113.358900, 22.172620 
58.555500, -118.915900, 0.371000 
51.526000, -113.880000, 2.241000 
51.696900, -114.475000, 0.720000 
54.772900, -110.579000, 2.649000 
54.185400, -116.210400, 3.229000 
51.400100, -114.034300, 0.973000 
53.757500, -113.149900, 0.202000 
54.427200, -116.884300, 2.385000 
53.132300, -115.981700, 1.711000 
52.035300, -115.137700, 1.142000 
54.510900, -115.511700, 0.486000 
53.319300, -113.518000, 3.431000 
55.481900, -119.059200, 0.089000 
55.041500, -119.631000, 0.450000 
49.628100, -114.571900, 0.065000 
57.546300, -119.112600, 1.596000 
53.250200, -115.555500, 0.142000 
55.489100, -119.750800, 0.049000 
53.581600, -113.599100, 2.091000 
53.571290, -113.355400, 1.064000 
53.557500, -116.547200, 0.403000 
59.063100, -118.875700, 0.063000 
53.817200, -113.133600, 0.092000 
53.498700, -113.383100, 0.203000 
51.000700, -113.965670, 1.270000 
53.950900, -113.088100, 0.015000 
53.670500, -115.762200, 0.026000 
51.010160, -113.964210, 1.667000 
51.376000, -113.949200, 0.001000 
53.902300, -115.189300, 1.023000 
53.740700, -113.023100, 2.203000 
52.228400, -114.397700, 1.226000 
53.550690, -113.349600, 16.768740 
52.674300, -111.311600, 1.064000 
57.298900, -111.503300, 26.368000 
53.286400, -110.017800, 0.227000 
52.656700, -111.311900, 0.352000 
54.420500, -110.213100, 0.058000 
55.069600, -110.536100, 1.981000 
53.373100, -116.086000, 0.194000 
57.351700, -111.522200, 0.459000 
50.959200, -113.981200, 1.176000 
53.527200, -113.354800, 1.894000 
50.967800, -113.969900, 0.050000 
53.544400, -113.366200, 0.177000 
53.543100, -117.797900, 0.172000 
50.963600, -113.976680, 5.184000 
53.530040, -113.402010, 5.313000 
53.282300, -113.542000, 0.003000 
50.129400, -111.908400, 0.117000 
57.590100, -117.531700, 1.230000 
53.159500, -114.902800, 0.318000 
53.388600, -115.315800, 1.153000 
50.653300, -111.166100, 0.168000 
56.215000, -110.968100, 0.206000 
59.641800, -118.307800, 0.128000 
53.499900, -113.418000, 1.024000 
51.086830, -114.043150, 0.754000 
53.288900, -110.012000, 4.760000 
53.596200, -113.332100, 1.265000 
53.566800, -113.365000, 0.851000 
52.639900, -111.273500, 0.723000 
54.285000, -115.698200, 0.798000 
52.380000, -114.140000, 1.282000 
53.301700, -110.012600, 0.049000 
53.504100, -113.373300, 0.009000 
56.193600, -110.950600, 0.648000 
55.527900, -110.873800, 0.071000 
56.411700, -110.937600, 0.285000 
56.113500, -111.829300, 4.495000 
53.542800, -113.361400, 0.029000 
