53.733200, -113.175000, 0.011000 
53.288500, -110.018300, 3.170000 
53.048100, -113.921000, 19.344000 
50.747700, -114.494700, 8.496000 
54.952700, -119.195300, 2.488000 
53.952700, -113.078000, 0.010000 
54.572300, -115.522900, 1.601000 
54.596400, -110.395000, 56.161000 
50.647500, -113.772000, 0.006000 
54.194400, -116.632200, 2.657000 
53.245000, -115.674300, 1.714000 
53.746900, -113.164500, 15.482000 
51.742300, -114.134500, 4.238000 
52.959300, -115.893800, 7.756000 
52.776100, -115.660700, 3.634000 
52.758100, -114.111600, 21.198000 
52.226300, -115.177000, 9.829000 
51.534800, -114.203700, 3.319000 
53.559200, -113.388800, 0.267000 
55.725100, -119.399900, 5.844000 
52.308300, -113.550000, 4.935000 
49.713599, -112.796397, 0.314000 
51.191300, -113.940900, 5.816000 
51.039600, -114.559000, 1.670000 
51.965500, -114.753600, 4.109000 
53.652000, -116.099200, 6.552000 
54.423300, -117.760400, 1.880000 
57.003300, -111.466100, 244.246000 
57.040500, -111.619200, 103.911000 
50.982200, -113.974200, 0.267000 
53.570000, -113.611400, 0.022000 
51.570800, -114.851700, 0.120000 
53.795900, -113.099600, 4.256000 
53.541700, -113.391700, 10.939000 
53.181200, -115.762500, 0.196000 
51.219500, -114.645400, 0.878000 
54.833300, -118.646700, 3.060000 
54.524700, -116.794300, 13.702000 
52.553700, -111.694000, 0.657000 
54.130900, -115.546700, 2.733000 
53.550500, -113.358900, 19.151790 
58.555500, -118.915900, 4.205000 
51.526000, -113.880000, 14.094000 
54.772900, -110.579000, 27.542000 
54.185400, -116.210400, 4.024000 
51.400100, -114.034300, 0.849000 
54.427200, -116.884300, 5.473000 
53.132300, -115.981700, 16.144000 
52.035300, -115.137700, 0.042000 
53.728270, -113.235520, 63.937000 
54.510900, -115.511700, 5.911000 
53.283800, -110.031900, 185.349000 
53.319300, -113.518000, 1.875000 
49.701943, -112.803037, 230.337000 
55.041500, -119.631000, 0.134000 
49.628100, -114.571900, 0.441000 
57.546300, -119.112600, 3.681000 
53.250200, -115.555500, 6.780000 
55.489100, -119.750800, 0.008000 
51.222500, -114.495600, 1.394000 
53.557500, -116.547200, 0.351000 
59.063100, -118.875700, 0.143000 
53.817200, -113.133600, 1.796000 
51.000700, -113.965670, 6.065000 
52.327100, -112.718300, 4.185000 
53.670500, -115.762200, 0.013000 
51.010160, -113.964210, 3.427000 
55.074200, -117.274200, 3.361000 
53.902300, -115.189300, 4.965000 
53.740700, -113.023100, 26.913000 
52.228400, -114.397700, 3.850000 
53.550690, -113.349600, 22.400680 
52.674300, -111.311600, 4.560000 
50.671900, -110.028900, 1.133000 
53.373100, -116.086000, 0.230000 
57.351700, -111.522200, 205.001000 
50.959200, -113.981200, 1.786000 
53.527200, -113.354800, 2.465000 
53.544400, -113.366200, 7.138000 
51.002000, -113.988200, 0.041000 
56.981400, -111.475800, 13.929000 
53.543100, -117.797900, 6.882000 
52.588100, -111.206100, 2.166000 
55.393100, -110.738300, 0.478000 
57.054200, -111.917200, 8.711000 
50.963600, -113.976680, 8.891000 
53.530040, -113.402010, 8.777000 
53.282300, -113.542000, 0.012000 
50.129400, -111.908400, 2.581000 
52.104400, -110.695000, 0.211000 
53.159500, -114.902800, 0.023000 
53.866900, -110.644900, 1.161000 
53.388600, -115.315800, 2.494000 
50.653300, -111.166100, 8.269000 
56.215000, -110.968100, 1.404000 
50.336800, -111.169800, 0.613000 
59.641800, -118.307800, 0.782000 
52.963700, -111.364700, 0.876000 
49.449200, -111.616700, 3.135000 
49.372800, -110.672500, 0.129000 
53.288900, -110.012000, 0.010000 
50.632000, -114.240300, 2.485000 
56.272700, -110.938200, 0.621000 
53.579500, -113.316800, 0.326000 
53.566800, -113.365000, 33.655000 
52.639900, -111.273500, 36.025000 
54.285000, -115.698200, 6.752000 
51.020000, -112.490000, 2.837000 
52.646000, -111.278000, 6.121000 
55.250000, -116.290000, 4.263000 
49.080000, -112.050000, 7.174000 
52.380000, -114.140000, 9.423000 
55.175000, -118.785400, 0.129000 
53.504100, -113.373300, 0.066000 
55.527900, -110.873800, 4.605000 
52.635200, -111.263900, 3.110000 
56.411700, -110.937600, 1.974000 
52.298600, -114.201500, 0.034000 
56.113500, -111.829300, 5.015000 
53.542800, -113.361400, 1.277000 
