53.288500, -110.018300, 0.668000 
53.048100, -113.921000, 2.580000 
50.747700, -114.494700, 0.298000 
54.952700, -119.195300, 0.720000 
54.572300, -115.522900, 0.039000 
54.596400, -110.395000, 0.102000 
50.647500, -113.772000, 0.005000 
54.194400, -116.632200, 1.025000 
53.245000, -115.674300, 0.350000 
53.746900, -113.164500, 3.283000 
51.742300, -114.134500, 0.557000 
52.959300, -115.893800, 1.940000 
52.776100, -115.660700, 0.760000 
52.758100, -114.111600, 3.011000 
52.226300, -115.177000, 1.993000 
51.534800, -114.203700, 0.315000 
55.725100, -119.399900, 0.764000 
51.191300, -113.940900, 1.570000 
49.305200, -114.000300, 1.645000 
51.965500, -114.753600, 0.885000 
53.652000, -116.099200, 1.719000 
54.423300, -117.760400, 0.559000 
57.003300, -111.466100, 265.779000 
57.040500, -111.619200, 55.927000 
51.570800, -114.851700, 0.060000 
53.795900, -113.099600, 0.170000 
53.541700, -113.391700, 1.398000 
51.219500, -114.645400, 0.191000 
54.833300, -118.646700, 0.989000 
54.524700, -116.794300, 1.055000 
52.553700, -111.694000, 0.071000 
58.555500, -118.915900, 0.090000 
51.526000, -113.880000, 0.537000 
51.696900, -114.475000, 0.384000 
54.772900, -110.579000, 0.281000 
54.185400, -116.210400, 1.047000 
51.400100, -114.034300, 0.313000 
54.427200, -116.884300, 1.227000 
53.132300, -115.981700, 2.742000 
52.035300, -115.137700, 0.081000 
54.510900, -115.511700, 0.562000 
51.078650, -114.017660, 3.100000 
55.041500, -119.631000, 0.015000 
57.546300, -119.112600, 0.460000 
53.250200, -115.555500, 0.146000 
52.327100, -112.718300, 0.895000 
53.902300, -115.189300, 0.805000 
52.228400, -114.397700, 0.459000 
52.674300, -111.311600, 0.630000 
53.373100, -116.086000, 0.234000 
57.351700, -111.522200, 0.850000 
53.530040, -113.402010, 0.662000 
50.129400, -111.908400, 0.203000 
57.590100, -117.531700, 0.010000 
53.159500, -114.902800, 2.546000 
53.388600, -115.315800, 0.593000 
50.653300, -111.166100, 0.338000 
50.336800, -111.169800, 0.261000 
59.641800, -118.307800, 0.132000 
54.285000, -115.698200, 1.038000 
55.527900, -110.873800, 0.214000 
56.113500, -111.829300, 2.507000 
