55.996700, -118.533600, 720.535000 
53.539700, -113.409200, 343.100000 
56.377200, -117.175600, 1059.980000 
53.833100, -113.108900, 17.260000 
53.344000, -114.305000, 12620.490000 
53.733200, -113.175000, 1714.335000 
53.288500, -110.018300, 67.777000 
52.146300, -115.330000, 261.400000 
53.048100, -113.921000, 529.736000 
50.747700, -114.494700, 296.694000 
54.952700, -119.195300, 843.356000 
53.421300, -113.904400, 105.060000 
53.952700, -113.078000, 186.375000 
54.572300, -115.522900, 280.470000 
54.596400, -110.395000, 5804.339000 
55.335900, -119.223000, 29.722000 
50.647500, -113.772000, 49.234000 
54.194400, -116.632200, 856.020000 
53.245000, -115.674300, 95.800000 
53.746900, -113.164500, 37.010000 
53.718500, -113.183000, 0.051000 
54.144400, -115.691700, 36.000000 
49.789400, -112.126100, 70.317000 
54.179100, -115.806000, 45.010000 
52.564700, -112.141400, 9158.952000 
51.531700, -111.786100, 11838.133000 
54.007100, -119.104000, 2128.127000 
54.775000, -115.218600, 25.333000 
51.742300, -114.134500, 397.010000 
52.496000, -114.988000, 330.270000 
50.675600, -110.025000, 18.366000 
53.529100, -113.387500, 161.953000 
52.322100, -113.516600, 43.906000 
53.571700, -113.349800, 24.692000 
52.959300, -115.893800, 753.740000 
52.463000, -114.346500, 379.110000 
51.637200, -112.866000, 194.446000 
52.776100, -115.660700, 176.560000 
52.758100, -114.111600, 765.310000 
52.226300, -115.177000, 599.460000 
51.534800, -114.203700, 230.000000 
58.500000, -119.416700, 42.540000 
53.089200, -116.805900, 87.700000 
53.559200, -113.388800, 0.298000 
52.940400, -114.832300, 1192.940000 
55.725100, -119.399900, 261.109000 
52.308300, -113.550000, 2107.948000 
49.713599, -112.796397, 17.481000 
51.191300, -113.940900, 952.524000 
53.733200, -113.486200, 1.046000 
49.305200, -114.000300, 403.400000 
51.039600, -114.559000, 308.100000 
51.965500, -114.753600, 204.948000 
56.380600, -116.795000, 172.418000 
53.722900, -113.174000, 1.800000 
53.721700, -113.191700, 1999.513000 
53.841600, -113.097900, 1298.720000 
53.652000, -116.099200, 47.324000 
54.423300, -117.760400, 766.154000 
57.003300, -111.466100, 9841.580000 
57.040500, -111.619200, 12731.799000 
53.560000, -114.486200, 4337.410000 
53.508500, -114.557100, 27189.440000 
53.448700, -114.449100, 10623.070000 
52.385800, -113.595000, 17.559000 
50.989700, -113.993800, 12.824000 
51.181625, -114.472100, 1.857000 
51.022770, -114.027660, 49.405000 
52.033030, -113.938910, 19.282000 
53.227700, -114.988900, 27.200000 
53.593060, -116.390300, 113.700000 
51.570800, -114.851700, 40.773000 
55.070600, -118.688800, 0.345000 
50.846700, -113.581170, 269.690000 
55.071200, -118.691200, 920.565000 
53.795900, -113.099600, 873.036000 
53.804200, -113.082400, 380.290000 
53.413300, -117.570600, 775.200000 
50.845800, -113.586700, 1006.000000 
53.727300, -113.087100, 2.780000 
53.541700, -113.391700, 1635.177000 
53.181200, -115.762500, 637.889000 
51.219500, -114.645400, 368.958000 
50.805300, -110.034900, 2666.750000 
54.833300, -118.646700, 124.920000 
54.524700, -116.794300, 727.379000 
52.553700, -111.694000, 93.308000 
54.130900, -115.546700, 291.294000 
53.204500, -116.811200, 136.105000 
51.086700, -114.008800, 28.170000 
50.086600, -110.716700, 2250.821000 
53.550500, -113.358900, 1882.700000 
51.526000, -113.880000, 133.337000 
51.696900, -114.475000, 1882.667000 
55.248100, -114.514000, 31.670000 
53.531993, -113.364925, 193.700000 
54.772900, -110.579000, 3206.575000 
54.185400, -116.210400, 939.080000 
51.400100, -114.034300, 1023.824000 
53.757500, -113.149900, 56.211000 
51.984500, -114.743800, 20.220000 
51.926500, -114.542700, 68.188000 
54.427200, -116.884300, 665.730000 
53.132300, -115.981700, 73.910000 
55.913200, -115.150400, 364.348000 
52.035300, -115.137700, 229.959000 
54.510900, -115.511700, 1043.410000 
53.283800, -110.031900, 51.009000 
50.061200, -110.723000, 38.374000 
55.481900, -119.059200, 35.285000 
51.789600, -114.702800, 62.881000 
49.701943, -112.803037, 20.680000 
54.238200, -115.379700, 221.600000 
53.725400, -113.193000, 749.000000 
55.029800, -118.744000, 216.503000 
55.041500, -119.631000, 440.522000 
53.505652, -113.412963, 35.568000 
49.628100, -114.571900, 55.520000 
57.546300, -119.112600, 231.080000 
55.040000, -115.475800, 305.070000 
50.597600, -111.881800, 34.390000 
50.583700, -113.871100, 108.594000 
53.250200, -115.555500, 64.966000 
55.489100, -119.750800, 243.009000 
53.581600, -113.599100, 1767.445000 
55.876700, -119.301100, 224.590000 
51.222500, -114.495600, 766.110000 
53.557500, -116.547200, 673.895000 
59.063100, -118.875700, 271.310000 
51.058900, -115.174500, 3386.400000 
52.327100, -112.718300, 1443.700000 
56.904200, -117.633600, 35.890000 
53.670500, -115.762200, 227.228000 
53.723500, -113.173800, 57.862000 
53.908300, -118.816700, 44.290000 
50.058200, -110.728200, 747.917000 
54.133300, -115.366600, 66.888000 
55.074200, -117.274200, 87.569000 
58.194700, -116.350400, 16.749000 
55.199400, -116.221900, 106.396000 
55.993500, -113.480500, 235.131000 
53.799100, -113.080700, 239.589000 
58.518800, -117.119500, 78.954000 
54.139800, -115.689100, 15.000000 
54.587200, -112.803100, 5.900000 
53.902300, -115.189300, 81.290000 
53.740700, -113.023100, 793.308000 
52.212400, -113.843700, 36.978000 
52.228400, -114.397700, 519.434000 
51.189400, -113.937800, 205.226000 
52.766100, -114.285600, 43.806000 
53.593600, -113.335600, 26.640000 
57.298900, -111.503300, 687.000000 
49.797800, -113.043600, 10.850000 
53.345800, -111.251900, 20.210000 
50.040920, -110.721904, 566.783000 
50.664700, -113.784200, 16.920000 
50.443600, -110.882500, 34.350000 
49.801900, -113.104700, 48.460000 
49.677359, -112.862698, 2.300000 
53.608100, -111.264400, 10.000000 
53.622800, -115.869400, 10.110000 
50.269600, -112.893800, 127.619000 
53.652200, -113.716400, 11.380000 
54.846700, -112.567500, 113.733000 
54.926900, -111.936100, 63.191000 
52.308300, -113.550000, 478.630000 
58.447100, -119.238300, 316.259000 
58.460300, -115.238300, 203.137000 
53.402700, -117.599300, 61.211000 
50.577200, -111.178100, 215.354000 
52.869000, -115.101000, 76.448000 
50.671900, -110.028900, 62.573000 
52.904700, -115.324700, 27.560000 
55.582700, -110.888800, 49.015000 
53.091100, -111.768600, 468.365000 
55.069600, -110.536100, 495.766000 
53.373100, -116.086000, 110.685000 
51.006900, -113.192800, 228.097000 
57.351700, -111.522200, 640.836000 
53.519600, -113.529000, 155.617000 
51.024500, -114.025000, 32.800000 
52.315900, -113.850000, 70.230000 
50.847000, -113.591000, 174.505000 
53.819400, -113.141900, 65.151000 
53.637800, -112.028400, 25.453000 
54.043500, -117.420000, 239.938000 
49.975700, -114.130000, 123.581000 
50.817600, -110.448000, 44.205000 
55.125900, -117.838000, 68.221000 
52.058000, -114.908000, 196.313000 
57.879100, -118.418300, 23.241000 
52.983100, -112.189800, 23.233000 
54.288500, -116.978000, 71.899000 
54.829600, -118.647000, 314.937000 
54.402000, -112.553000, 27.680000 
51.099300, -112.639000, 258.250000 
53.960200, -116.460000, 140.448000 
54.483500, -118.100000, 103.738000 
57.188000, -118.248900, 50.089000 
52.719000, -115.708000, 26.925000 
55.450900, -113.923000, 66.789000 
50.697800, -111.531000, 245.928000 
50.704600, -110.844000, 102.906000 
51.943400, -114.736000, 404.716000 
54.094600, -112.306000, 26.676000 
53.470500, -116.496100, 93.551000 
50.693800, -114.330000, 237.230000 
52.355300, -115.332000, 139.905000 
52.755200, -110.747000, 52.167000 
51.444300, -114.527000, 63.570000 
53.244500, -116.238000, 271.477000 
51.068200, -115.136400, 529.580000 
53.862700, -110.639000, 26.000000 
52.479300, -115.206900, 141.904000 
53.431000, -117.540600, 2.061000 
53.010600, -112.810000, 1.134000 
52.255700, -113.886000, 2.450000 
53.645100, -114.130200, 2.871000 
51.407800, -113.668300, 178.855000 
50.963300, -112.288300, 186.353000 
50.676800, -110.018000, 37.365000 
50.701100, -111.095600, 193.128000 
53.066500, -117.404800, 68.400000 
54.293100, -116.188300, 219.195000 
53.826700, -113.603300, 98.299000 
53.039700, -111.220000, 88.236000 
55.866700, -119.596700, 155.026000 
54.839400, -118.658900, 82.320000 
54.285600, -115.711100, 65.988000 
54.140000, -115.553900, 67.764000 
51.065300, -115.221100, 3.281000 
54.938200, -114.342200, 158.191000 
53.501040, -113.489732, 49.605000 
52.375200, -114.921600, 27.296000 
53.303500, -113.577500, 25.170000 
55.969400, -117.575600, 226.160000 
53.691700, -113.614400, 25.002000 
53.109200, -114.981300, 100.814000 
52.752900, -114.445400, 48.940000 
51.890100, -114.495200, 59.575000 
52.119300, -114.684100, 52.491000 
52.035400, -114.612700, 64.528000 
52.046500, -114.588800, 125.529000 
52.002900, -114.597700, 50.826000 
52.581200, -113.971000, 29.668000 
53.740300, -116.622700, 48.594000 
53.937900, -116.660900, 39.202000 
53.767000, -116.751200, 38.311000 
51.878900, -114.666100, 30.656000 
51.813700, -114.536800, 125.867000 
53.006800, -110.995000, 105.308000 
50.194700, -110.479700, 203.311000 
50.187500, -110.476900, 47.964000 
50.205800, -110.476900, 43.138000 
52.246500, -112.444500, 35.493000 
53.601900, -111.628700, 420.600000 
53.057500, -111.097200, 35.683000 
53.152300, -111.076600, 46.412000 
50.716700, -112.983300, 50.020000 
55.141900, -118.464400, 20.204000 
52.843200, -111.722800, 437.421000 
52.970400, -111.689500, 22.896000 
53.607000, -112.592700, 155.573000 
53.537900, -111.785100, 363.884000 
53.635900, -112.019200, 262.329000 
55.931200, -112.047000, 153.417000 
54.687300, -111.944600, 44.954000 
54.658200, -111.622300, 23.460000 
51.209800, -110.161100, 152.051000 
52.308200, -114.096500, 116.940000 
52.322800, -114.020800, 74.697000 
51.649800, -110.187200, 176.320000 
52.926800, -111.889500, 80.851000 
52.923100, -111.882500, 20.401000 
51.770100, -111.422000, 173.271000 
51.791700, -111.536400, 178.961000 
52.555700, -111.805300, 129.451000 
52.402900, -111.844500, 29.200000 
56.036800, -113.782500, 167.543000 
52.402900, -111.736200, 215.583000 
55.644000, -114.659700, 330.849000 
55.513100, -113.475000, 248.969000 
55.858700, -113.841400, 118.623000 
54.897200, -117.708800, 367.877000 
54.218200, -110.712000, 72.805000 
54.101800, -114.292500, 143.808000 
55.225700, -114.493000, 67.549000 
55.247500, -116.641600, 341.953000 
54.359600, -116.152900, 69.955000 
54.116200, -114.856400, 24.413000 
54.229000, -110.348600, 54.283000 
54.432500, -110.306400, 40.676000 
54.210700, -110.241900, 40.095000 
54.025400, -110.681200, 64.347000 
54.056020, -110.357560, 38.609000 
54.113300, -110.564600, 44.802000 
54.221800, -110.584200, 252.956000 
54.105400, -113.442700, 59.931000 
54.479800, -110.332600, 28.922000 
53.277900, -110.034300, 73.185000 
53.883400, -110.041100, 540.459000 
53.821500, -110.035000, 24.066000 
50.471500, -111.606500, 43.816000 
50.227500, -113.548200, 145.015000 
50.937000, -113.292700, 44.731000 
50.904300, -113.308500, 79.784000 
50.231100, -113.519600, 28.669000 
50.151100, -113.562100, 20.532000 
52.912000, -110.682700, 21.552000 
52.908400, -112.435300, 71.076000 
53.155900, -112.326700, 603.274000 
53.072300, -112.400100, 26.761000 
52.366800, -112.136500, 72.979000 
54.298200, -112.824300, 114.980000 
56.091500, -111.817800, 126.795000 
55.991165, -112.032320, 162.807000 
55.869500, -112.001200, 75.999000 
55.924000, -111.896500, 55.359000 
55.873200, -112.145400, 60.760000 
52.923200, -115.107500, 24.235000 
52.779800, -113.629900, 180.256000 
52.774000, -113.520700, 133.779000 
52.719300, -113.617900, 122.552000 
52.857600, -113.320700, 30.527000 
53.345100, -114.743600, 60.667000 
52.872000, -113.629900, 115.567000 
52.868400, -113.666300, 104.928000 
52.734000, -113.162900, 110.100000 
52.104500, -113.077400, 95.371000 
52.592000, -113.967900, 118.332000 
52.322800, -114.020800, 393.756000 
52.373700, -114.076000, 75.773000 
58.568700, -119.201500, 65.767000 
55.985900, -119.955800, 22.288000 
55.767500, -119.588100, 99.190000 
54.138100, -111.908300, 149.237000 
53.890700, -117.354000, 189.994000 
50.198300, -112.119200, 51.424000 
55.728600, -119.775000, 57.337000 
55.640300, -119.568600, 57.470000 
52.790700, -114.130700, 202.809000 
55.641700, -119.635000, 58.359000 
53.850600, -112.190600, 46.098000 
55.396400, -119.599700, 123.801000 
50.100300, -111.988100, 31.939000 
53.956700, -111.172600, 155.566000 
53.796100, -111.941900, 20.159000 
51.540900, -114.103800, 153.635000 
55.483900, -118.970000, 70.536000 
54.203300, -116.848300, 127.900000 
52.808800, -114.257600, 118.386000 
53.766900, -112.203100, 194.701000 
50.129400, -111.908400, 283.757000 
52.621200, -114.827900, 88.860000 
55.720300, -119.406100, 658.590000 
54.494400, -115.957600, 97.415000 
53.927000, -114.376900, 23.861000 
54.650900, -114.528900, 80.773000 
54.338200, -114.060400, 108.572000 
55.913200, -114.482200, 54.802000 
54.078900, -113.346000, 40.590000 
54.221700, -112.905000, 42.366000 
54.403300, -112.528900, 24.697000 
54.443600, -112.583200, 112.580000 
53.952600, -112.390400, 37.158000 
54.068900, -112.184200, 45.596000 
54.206900, -112.409700, 48.817000 
54.545300, -112.670600, 57.278000 
54.530800, -112.920000, 59.067000 
53.908900, -113.172500, 85.759000 
55.116400, -116.712300, 75.030000 
52.544800, -110.713600, 55.173000 
58.943200, -118.916800, 44.857000 
58.975900, -119.118700, 65.576000 
59.165100, -118.725800, 148.804000 
59.117900, -118.654500, 89.130000 
58.997900, -118.797500, 133.037000 
59.005100, -119.033200, 50.074000 
59.219800, -119.268700, 193.854000 
59.095900, -118.576100, 92.642000 
57.364000, -119.763000, 125.388000 
57.360000, -119.749000, 51.756000 
57.368100, -119.729400, 59.292000 
57.382500, -119.778400, 112.245000 
57.318100, -119.860100, 113.952000 
52.632000, -112.945400, 21.274000 
52.746800, -112.988000, 34.775000 
52.588400, -113.161800, 57.430000 
52.144400, -115.535000, 31.425000 
52.180900, -112.647600, 172.601000 
52.198500, -112.638000, 112.848000 
52.166400, -112.658600, 99.422000 
52.549700, -112.579400, 59.200000 
51.893700, -114.400400, 356.937000 
52.402900, -114.707700, 189.858000 
52.480900, -114.870200, 192.237000 
52.395700, -115.188900, 24.467000 
52.199300, -114.564900, 35.440000 
52.544800, -114.641600, 82.094000 
52.319300, -111.477600, 429.220000 
52.235700, -111.788100, 239.947000 
52.220900, -111.937300, 256.914000 
51.955400, -111.845300, 154.600000 
52.326500, -111.128600, 118.591000 
51.977300, -111.173400, 155.480000 
52.064500, -111.298700, 172.775000 
52.446500, -111.272700, 190.661000 
52.515700, -113.173800, 809.584000 
52.450100, -113.167900, 148.569000 
49.871100, -112.913700, 138.837000 
52.490000, -113.034400, 31.019000 
52.512000, -112.999300, 7.071000 
52.366500, -113.191800, 56.105000 
52.515700, -113.366300, 31.911000 
51.748200, -113.592100, 65.441000 
52.104400, -110.695000, 635.835000 
52.028200, -110.564700, 64.422000 
51.977300, -110.486900, 48.871000 
52.264500, -110.570500, 111.280000 
54.294500, -114.887800, 25.844000 
50.737400, -112.084900, 215.478000 
50.542200, -112.204700, 26.733000 
54.162500, -112.841800, 94.271000 
50.704300, -111.155300, 416.977000 
50.518700, -111.910900, 61.706000 
50.838700, -111.520100, 122.726000 
50.977000, -111.683100, 59.760000 
50.922300, -111.391500, 122.496000 
51.300700, -112.042600, 32.024000 
57.299000, -118.228900, 131.836000 
52.166500, -113.256300, 271.640000 
54.796400, -117.658000, 30.084000 
52.286500, -114.123200, 53.620000 
54.785300, -117.658000, 291.117000 
52.457600, -114.419100, 59.775000 
57.200800, -118.819200, 46.545000 
55.494700, -119.289500, 32.405000 
54.290800, -116.918700, 23.580000 
51.488700, -113.153900, 861.678000 
53.104800, -111.556500, 99.906000 
53.719800, -113.596300, 40.231000 
50.675000, -110.049200, 13.521000 
53.416800, -113.917700, 110.507000 
53.941500, -113.664600, 27.316000 
53.137600, -113.794100, 29.270000 
55.305700, -115.046100, 18.851000 
53.179500, -111.779500, 30.760000 
57.189700, -119.054800, 558.328000 
53.821500, -113.490400, 178.905000 
56.731500, -115.478100, 32.797000 
53.949000, -113.285400, 95.270000 
57.157300, -115.122000, 81.822000 
55.938600, -117.239400, 37.929000 
52.366500, -112.734900, 168.179000 
52.355700, -112.831000, 37.833000 
52.268400, -112.790700, 18.584000 
51.504500, -112.677300, 56.598000 
59.623400, -117.727200, 34.918000 
51.213400, -111.030000, 65.214000 
56.058600, -118.161700, 57.101000 
56.582500, -118.118100, 119.439000 
51.591800, -110.750000, 143.531000 
51.607100, -110.282400, 42.203000 
49.689200, -112.942000, 67.205000 
57.153300, -118.334500, 58.011000 
56.818900, -118.570000, 43.039000 
54.127000, -110.486500, 69.674000 
51.333400, -110.667500, 138.042000 
51.959000, -110.767500, 159.869000 
55.698300, -118.783300, 102.209000 
55.714100, -118.830400, 53.943000 
56.532000, -117.993000, 78.551000 
51.977300, -110.988300, 26.232000 
54.334500, -110.310900, 119.586000 
56.982800, -118.305800, 79.499000 
50.987900, -111.741500, 35.264000 
51.425100, -110.513800, 126.455000 
56.691400, -118.771700, 79.982000 
56.727900, -116.305700, 80.799000 
56.069400, -119.877200, 68.559000 
56.506100, -117.982800, 194.742000 
51.937300, -111.099200, 85.329000 
56.069400, -118.247000, 95.810000 
51.413400, -111.766500, 26.477000 
51.254200, -110.402700, 101.880000 
50.220300, -112.444200, 321.505000 
49.521900, -112.859000, 152.994000 
51.620900, -114.483500, 73.639000 
52.068200, -114.546800, 93.855000 
51.919000, -114.394600, 378.698000 
51.897200, -115.040200, 74.275000 
52.093600, -115.143800, 195.214000 
52.104400, -115.161600, 152.750000 
51.777200, -114.897900, 39.301000 
51.791700, -114.915700, 34.510000 
53.035800, -115.965300, 20.323000 
53.912600, -116.745100, 140.178000 
54.029000, -116.769800, 34.814000 
54.047000, -116.887900, 23.969000 
54.319700, -116.718100, 37.492000 
54.385300, -116.975100, 255.215000 
54.345300, -116.880900, 59.202000 
54.350500, -116.766800, 84.124000 
57.338900, -119.657100, 697.338000 
57.349400, -118.670600, 103.663000 
57.193700, -118.199700, 61.333000 
57.418900, -118.942600, 168.894000 
57.502800, -118.745700, 152.896000 
57.338900, -118.460000, 327.804000 
55.676800, -111.113700, 23.844000 
55.720400, -111.347300, 104.945000 
54.381800, -111.238700, 34.437000 
55.713800, -111.263100, 115.885000 
55.352900, -110.627800, 608.494000 
55.451200, -110.853100, 69.531000 
55.396500, -110.737300, 123.759000 
55.691200, -111.275900, 326.242000 
54.436200, -111.205100, 122.650000 
54.447300, -111.318700, 25.945000 
55.694100, -113.599400, 41.547000 
55.520400, -113.781100, 34.714000 
55.509300, -114.146900, 55.452000 
55.640400, -114.536400, 35.532000 
55.585600, -117.891600, 486.722000 
53.159500, -114.902800, 47.110000 
54.836400, -119.145800, 93.388000 
54.872800, -119.361100, 107.762000 
54.829200, -119.490000, 221.311000 
54.607200, -119.332000, 24.337000 
54.720000, -119.110600, 111.930000 
54.803600, -119.796400, 33.402000 
54.829200, -119.668600, 36.550000 
54.956400, -119.445600, 48.856000 
54.876400, -119.286100, 28.961000 
55.494700, -119.412800, 45.071000 
52.544800, -114.545200, 102.537000 
52.184500, -114.737900, 48.030000 
53.103200, -115.363400, 29.767000 
53.159500, -114.205700, 62.581000 
52.814000, -114.786000, 188.257000 
52.923200, -115.156100, 67.811000 
52.140800, -115.060200, 22.485000 
52.708400, -115.428900, 70.844000 
53.101200, -114.761900, 101.678000 
51.649800, -114.501300, 25.890000 
53.257600, -115.507800, 32.023000 
54.099600, -117.535500, 34.559000 
53.610600, -117.695900, 165.055000 
53.625000, -117.782300, 58.053000 
54.450800, -117.228100, 68.523000 
53.909800, -115.787800, 92.298000 
53.828700, -115.943000, 167.496000 
53.366700, -116.022500, 49.946000 
53.326800, -116.168000, 69.861000 
49.616400, -112.472000, 23.470000 
49.958300, -113.556600, 70.698000 
53.076000, -111.299800, 31.005000 
53.035900, -111.403600, 50.996000 
53.777900, -115.974200, 33.180000 
53.777900, -115.769200, 74.745000 
54.130700, -115.765300, 63.102000 
54.887200, -119.828100, 63.072000 
55.061900, -119.388100, 35.383000 
55.061900, -119.337000, 25.000000 
55.032800, -119.745000, 25.066000 
55.018300, -119.413600, 25.000000 
55.047200, -119.828100, 25.066000 
55.032800, -119.699200, 25.000000 
55.032800, -119.623900, 25.066000 
55.010800, -119.865000, 47.971000 
54.901900, -119.891700, 21.090000 
56.011400, -119.759500, 31.025000 
57.480800, -119.160100, 149.391000 
55.979700, -119.426100, 45.340000 
57.399800, -119.513100, 37.781000 
57.418900, -119.561200, 58.000000 
57.560800, -119.521200, 36.572000 
51.065100, -114.130500, 59.660000 
51.180450, -113.937280, 105.684000 
53.013900, -116.258600, 125.784000 
52.703800, -114.572500, 61.209000 
51.500600, -113.804400, 42.527000 
50.805800, -111.507500, 134.481000 
52.064400, -114.271400, 245.174000 
52.020800, -110.891900, 30.166000 
52.253600, -114.295300, 53.357000 
53.564700, -116.719200, 54.816000 
51.027000, -114.018600, 20.228000 
52.122900, -113.847000, 104.033000 
52.999100, -112.971000, 23.892000 
54.130600, -119.218900, 75.822000 
54.439300, -119.655000, 21.822000 
54.459900, -119.717000, 67.987000 
54.152600, -110.931500, 33.438000 
56.088100, -119.934800, 27.893000 
56.538600, -119.950600, 125.233000 
51.213300, -111.355600, 139.842000 
52.013600, -112.986700, 154.784000 
54.894400, -111.813900, 248.987000 
55.069400, -113.313900, 276.953000 
53.499300, -116.805300, 444.343000 
56.917300, -112.960700, 50.384000 
50.718600, -111.322200, 44.974000 
51.082500, -111.915600, 130.168000 
54.527200, -112.926100, 51.843000 
51.620800, -112.069400, 121.352000 
54.152500, -111.588600, 217.612000 
54.734400, -112.638900, 119.007000 
53.440800, -111.000500, 28.751000 
54.923600, -114.111400, 52.359000 
55.026700, -112.185100, 68.180000 
54.967700, -113.936500, 42.200000 
53.686900, -116.776400, 28.068000 
57.004500, -113.188600, 845.638000 
54.763600, -114.302800, 92.126000 
52.334100, -113.674200, 117.961000 
57.485900, -113.793100, 99.315000 
50.863600, -111.847200, 95.128000 
51.300800, -112.041700, 26.292000 
55.418300, -111.411700, 111.178000 
55.186400, -111.439100, 242.700000 
51.449700, -111.571700, 232.690000 
50.314800, -111.468400, 104.363000 
54.257200, -112.373600, 289.855000 
54.345300, -112.905000, 61.888000 
54.798600, -114.203400, 47.050000 
54.375200, -110.402100, 35.418000 
56.033100, -119.489400, 41.976000 
54.855000, -118.521900, 91.248000 
52.235800, -113.377700, 56.240000 
51.639000, -112.407800, 23.313000 
50.940600, -111.880600, 170.145000 
54.447400, -117.523700, 402.930000 
50.867800, -111.796900, 87.899000 
55.843900, -111.090000, 83.636000 
53.415200, -110.857100, 73.649000 
56.135000, -113.028300, 31.705000 
51.943400, -112.077500, 63.399000 
51.609700, -112.623300, 49.841000 
54.536100, -117.111400, 146.250000 
56.891000, -112.671500, 325.348000 
54.708900, -113.448100, 103.448000 
54.548100, -117.411400, 234.152000 
56.134800, -113.201300, 233.283000 
53.968500, -110.458900, 77.125000 
52.599200, -113.973100, 61.501000 
54.985700, -111.789200, 25.960000 
55.597300, -111.770600, 151.490000 
49.485000, -111.218200, 28.392000 
55.684000, -115.094500, 62.547000 
51.961400, -112.370000, 74.074000 
55.121400, -114.159100, 125.367000 
55.643900, -111.924200, 29.540000 
53.997000, -111.569200, 35.611000 
50.698800, -111.458000, 57.960000 
54.989300, -111.636200, 21.019000 
54.130600, -115.231400, 207.005000 
50.201900, -111.439700, 63.892000 
51.264200, -112.381900, 62.879000 
54.685600, -117.414400, 171.424000 
54.523500, -113.846300, 39.021000 
54.612500, -118.214300, 267.326000 
53.215900, -116.497000, 218.069000 
54.102500, -112.310200, 297.350000 
54.627000, -117.464200, 151.683000 
50.101700, -111.307800, 95.905000 
54.814400, -113.605600, 33.692000 
55.688200, -113.897000, 42.571000 
50.828700, -111.791400, 37.341000 
55.631500, -112.189600, 489.610000 
54.261700, -117.249400, 34.895000 
55.136500, -113.794500, 32.408000 
51.570600, -111.357100, 67.625000 
54.452400, -116.966400, 30.394000 
55.949600, -110.624000, 126.282000 
53.607000, -116.703700, 20.014000 
55.876700, -110.880600, 51.150000 
57.273600, -115.892500, 32.128000 
50.989600, -112.067900, 25.465000 
52.821100, -112.440600, 129.770000 
55.891800, -111.717900, 98.080000 
54.510600, -117.501800, 163.834000 
54.974500, -112.140200, 31.900000 
53.418900, -110.297400, 59.380000 
53.868700, -110.202400, 32.383000 
55.822600, -113.525900, 130.519000 
52.155600, -113.529700, 316.015000 
56.956900, -112.850800, 201.483000 
54.352500, -111.150000, 149.604000 
54.702500, -112.900400, 278.991000 
52.797900, -112.371400, 161.631000 
53.946900, -110.794600, 119.119000 
53.770600, -117.601400, 210.749000 
54.209200, -113.773700, 131.281000 
56.913500, -112.765900, 202.160000 
51.706400, -112.386200, 55.747000 
54.760400, -113.959500, 76.754000 
52.941900, -114.043400, 97.014000 
55.125000, -111.690600, 35.520000 
53.583000, -116.842000, 669.871000 
54.803600, -110.347500, 24.237000 
55.152800, -112.974700, 56.134000 
56.986100, -113.032800, 38.014000 
54.949200, -112.304700, 81.870000 
54.528700, -117.464200, 242.627000 
53.916400, -114.707900, 34.808000 
56.199000, -110.675100, 99.575000 
56.302200, -112.309400, 150.955000 
55.093800, -113.623700, 142.985000 
50.047200, -113.556900, 181.332000 
49.098600, -111.476400, 140.784000 
55.823000, -110.792300, 208.776000 
56.083300, -112.515100, 61.740000 
49.448100, -111.396900, 23.561000 
51.733100, -111.640300, 88.194000 
52.958300, -111.238400, 96.147000 
50.511400, -111.289400, 192.877000 
56.622700, -119.946500, 552.531000 
54.294400, -111.306700, 144.421000 
50.191900, -111.301800, 65.072000 
54.745300, -112.126900, 54.059000 
53.714300, -110.747300, 84.867000 
54.410900, -112.260400, 20.366000 
51.460600, -112.652800, 79.613000 
51.468800, -112.609800, 32.572000 
51.468100, -112.688100, 31.260000 
54.156100, -112.008600, 59.319000 
51.665300, -112.323200, 20.600000 
51.715300, -111.702200, 28.924000 
54.348900, -116.578900, 37.854000 
56.027200, -115.328300, 29.432000 
54.206700, -116.766700, 271.660000 
53.706600, -117.241000, 41.750000 
51.971600, -112.630300, 50.588000 
51.315900, -113.428500, 99.026000 
52.202900, -112.677300, 36.665000 
52.613900, -112.805800, 196.463000 
52.544700, -112.902200, 193.285000 
51.691800, -112.224000, 312.998000 
51.225200, -113.612600, 43.553000 
52.517600, -114.346500, 45.586000 
54.896300, -118.487000, 33.126000 
55.993100, -119.771100, 78.379000 
55.265600, -114.601400, 284.910000 
54.037600, -116.698500, 88.862000 
53.388600, -115.315800, 239.110000 
54.350500, -116.766800, 87.149000 
55.698000, -118.137100, 59.868000 
50.973000, -113.852900, 34.072000 
50.544700, -113.991300, 26.948000 
50.006500, -114.146000, 36.755000 
50.609400, -113.706700, 48.900000 
50.496700, -113.403600, 51.510000 
50.443500, -113.952200, 177.617000 
50.397600, -113.925500, 58.999000 
50.677900, -113.715700, 26.279000 
56.556900, -119.363900, 436.276000 
50.957700, -113.714500, 23.963000 
53.706600, -115.976300, 62.497000 
53.655600, -115.933200, 135.015000 
52.598500, -114.400200, 92.869000 
50.653300, -111.166100, 262.460000 
50.576700, -112.630300, 74.503000 
50.704200, -111.160300, 134.090000 
52.926700, -113.998900, 24.097000 
51.024500, -111.642800, 79.100000 
51.552500, -111.490600, 246.831000 
51.176900, -112.055300, 79.532000 
51.915100, -113.373700, 84.979000 
52.358000, -114.324100, 51.253000 
52.091000, -112.761500, 27.820000 
51.684400, -111.851300, 29.546000 
51.637100, -112.865800, 181.141000 
51.552600, -111.632500, 58.196000 
52.743400, -114.113400, 126.945000 
51.493300, -111.201400, 69.319000 
52.851400, -114.046900, 46.769000 
51.137900, -111.577600, 37.476000 
52.010000, -113.601400, 25.546000 
50.656900, -112.607200, 43.749000 
55.781200, -114.307200, 83.150000 
52.265500, -114.517800, 42.337000 
52.193500, -112.771900, 79.050000 
52.707000, -114.137500, 30.424000 
51.609800, -112.700600, 25.829000 
53.825000, -115.556700, 155.301000 
52.881700, -115.733200, 20.913000 
53.216900, -116.358700, 27.517000 
55.245100, -119.689000, 31.986000 
54.772300, -116.680400, 74.440000 
55.519900, -119.349500, 27.981000 
56.215000, -110.968100, 22.937000 
52.260500, -113.816600, 154.244000 
55.639400, -118.984300, 27.162000 
52.366300, -114.963000, 454.950000 
55.666900, -117.761600, 35.525000 
55.651800, -111.084400, 58.687000 
55.432800, -118.041700, 43.669000 
52.829600, -113.910900, 97.061000 
56.930900, -115.252200, 85.033000 
55.883900, -117.462000, 21.232000 
49.729200, -114.427200, 49.422000 
55.800300, -117.813800, 42.848000 
55.145600, -114.118900, 43.364000 
54.388400, -110.949300, 91.650000 
55.640300, -118.502800, 58.716000 
55.917500, -119.835200, 18.385000 
53.385100, -110.034700, 64.585000 
52.221100, -112.418700, 66.947000 
53.210800, -110.201900, 54.498000 
56.281800, -119.166800, 21.568000 
56.731500, -115.611500, 102.600000 
52.370000, -115.061700, 48.161000 
53.884000, -110.206800, 20.274000 
54.348900, -119.463300, 126.562000 
55.586800, -119.433800, 37.637000 
53.403100, -110.403600, 25.948000 
52.399300, -115.020500, 221.768000 
55.471000, -110.720700, 58.053000 
57.418900, -119.675000, 37.823000 
54.552500, -111.305300, 42.753000 
57.374300, -119.234900, 58.352000 
57.303800, -114.973000, 67.449000 
53.756800, -110.101300, 66.548000 
55.769300, -118.567800, 246.885000 
55.429200, -113.618100, 427.800000 
54.033400, -117.756900, 146.798000 
54.965100, -119.306800, 143.230000 
56.091600, -111.039700, 99.436000 
52.140800, -112.157200, 100.063000 
56.347100, -119.190500, 32.469000 
55.954200, -117.710800, 134.730000 
55.895000, -118.317500, 24.378000 
50.165300, -110.666200, 32.756000 
50.707600, -110.485200, 79.644000 
51.495900, -114.210100, 87.087000 
50.202700, -110.661300, 176.556000 
50.336700, -110.135000, 451.055000 
50.294200, -110.593500, 361.654000 
50.191100, -110.259400, 201.252000 
52.464700, -110.664400, 47.426000 
53.337800, -111.243900, 393.494000 
53.178600, -112.537000, 42.740000 
53.562800, -112.328500, 110.813000 
53.967600, -112.269100, 93.381000 
53.036000, -111.665600, 100.387000 
53.414200, -111.334200, 45.804000 
53.391400, -111.213900, 67.468000 
52.719200, -111.500600, 107.050000 
52.090700, -112.766700, 148.790000 
55.862200, -119.589200, 16.090000 
55.862200, -119.720300, 12.310000 
56.098600, -119.288100, 267.190000 
55.945800, -119.805300, 18.170000 
55.943900, -119.923100, 544.370000 
52.268400, -113.351800, 80.722000 
50.918700, -112.967000, 30.412000 
50.955100, -112.697800, 81.940000 
51.002300, -112.884200, 61.975000 
50.995000, -112.801700, 194.528000 
50.965900, -113.030200, 230.237000 
51.037000, -113.196300, 64.837000 
51.013400, -112.907600, 58.343000 
51.115100, -112.960100, 76.933000 
51.122600, -113.164300, 43.929000 
51.217000, -113.977700, 153.132000 
51.279000, -113.065200, 37.205000 
51.006200, -113.176000, 83.106000 
51.020700, -112.948400, 486.717000 
50.278300, -111.468400, 162.197000 
50.289400, -112.007500, 137.610000 
50.296700, -111.566200, 42.177000 
50.274700, -111.847600, 76.463000 
50.238300, -111.939500, 33.108000 
50.438700, -111.284800, 574.788000 
50.485900, -111.451200, 195.856000 
50.536800, -112.031500, 54.038000 
50.656800, -111.410100, 134.601000 
50.671500, -111.695300, 191.321000 
50.998700, -112.464500, 57.694000 
51.126200, -112.359500, 185.094000 
51.304300, -112.653700, 196.399000 
51.275400, -112.906500, 99.373000 
51.402400, -112.918100, 528.259000 
51.075100, -112.231200, 31.229000 
51.042300, -112.254500, 31.816000 
51.060700, -112.412000, 37.339000 
51.118700, -112.505300, 28.558000 
51.147800, -112.621100, 63.045000 
51.129700, -114.767900, 59.508000 
51.151500, -112.703700, 48.374000 
51.177600, -112.785100, 43.796000 
51.322600, -112.542000, 65.661000 
51.307900, -112.712600, 31.073000 
51.336900, -112.911400, 28.821000 
51.319000, -112.965100, 20.889000 
51.406200, -112.347600, 142.893000 
50.675000, -111.762200, 122.396000 
50.802300, -111.902000, 162.219000 
50.795100, -112.017800, 393.110000 
50.893400, -112.174000, 227.518000 
50.842300, -112.463400, 146.517000 
50.915100, -112.451700, 655.309000 
50.627900, -111.965600, 120.132000 
50.700700, -112.110300, 44.138000 
50.707900, -112.353400, 64.339000 
50.711500, -112.394000, 253.115000 
50.755100, -111.786200, 22.150000 
50.809500, -111.693700, 49.852000 
50.867900, -111.936700, 177.762000 
50.860700, -112.035100, 114.086000 
50.864300, -112.353400, 91.243000 
50.849500, -112.411200, 23.732000 
50.835100, -112.538700, 23.318000 
50.977000, -112.242800, 128.235000 
50.929800, -112.458700, 29.837000 
50.889400, -113.406800, 347.512000 
51.264300, -113.205200, 45.006000 
51.380700, -113.229600, 137.837000 
51.402600, -113.247400, 159.619000 
50.984300, -113.444300, 32.205000 
51.075100, -113.409300, 165.404000 
51.078700, -113.537700, 33.556000 
51.177000, -113.438500, 37.001000 
51.264300, -113.281000, 63.674000 
51.264300, -113.403500, 65.041000 
51.359000, -113.352900, 41.779000 
50.103900, -112.700900, 42.938000 
49.030800, -111.052700, 29.472000 
49.038100, -111.158900, 27.523000 
49.205300, -111.037700, 197.050000 
49.300000, -110.806400, 23.293000 
49.358100, -111.375000, 37.526000 
49.758300, -110.479100, 98.240000 
57.840900, -117.867800, 25.938000 
57.931900, -117.835000, 379.633000 
58.081200, -117.635600, 194.298000 
57.808400, -118.093900, 60.155000 
58.030100, -118.399800, 22.966000 
56.222300, -112.706800, 67.351000 
54.567300, -111.976300, 25.500000 
54.883700, -110.418400, 38.118000 
54.854500, -111.802000, 111.813000 
54.949300, -110.622600, 45.336000 
54.970900, -110.750100, 27.002000 
54.985700, -110.737300, 23.294000 
55.047300, -110.577800, 95.940000 
55.102000, -110.507600, 21.762000 
55.149300, -111.090900, 26.254000 
55.240100, -114.042800, 170.081000 
55.218400, -111.316200, 142.446000 
55.294800, -110.795100, 109.584000 
55.305700, -113.715500, 68.793000 
57.266800, -114.892000, 288.426000 
57.251800, -112.498500, 24.978000 
57.240900, -112.620700, 55.800000 
57.542900, -112.226600, 42.342000 
51.304300, -112.970900, 20.517000 
51.409800, -113.094600, 256.654000 
50.740700, -112.324500, 69.971000 
52.708400, -114.446600, 99.199000 
52.777600, -114.234300, 37.707000 
52.792000, -114.204100, 30.076000 
52.807000, -114.258600, 53.259000 
52.912000, -114.064600, 72.621000 
50.096700, -111.110000, 25.835000 
50.165800, -110.841900, 21.389000 
50.165800, -111.052800, 182.047000 
50.187600, -111.167000, 124.499000 
50.223900, -110.761900, 135.895000 
50.223900, -110.899700, 48.621000 
50.224000, -110.037500, 263.916000 
50.398600, -110.503300, 332.215000 
50.573100, -111.177500, 279.122000 
50.700700, -110.478000, 250.930000 
50.700600, -110.772500, 129.353000 
55.363900, -119.760600, 33.467000 
55.443900, -119.522500, 32.390000 
55.378300, -119.760600, 80.804000 
55.418300, -119.773300, 23.252000 
52.217300, -112.307300, 102.999000 
56.095100, -113.448600, 615.419000 
50.536900, -112.031500, 21.695000 
50.700700, -111.022200, 68.094000 
50.314700, -111.968400, 63.629000 
50.631500, -111.022200, 69.104000 
50.336800, -111.169800, 66.345000 
52.755700, -113.939100, 115.114000 
52.599300, -113.083800, 67.348000 
52.701200, -113.266000, 36.065000 
53.763400, -114.770000, 130.039000 
52.606500, -115.014400, 57.600000 
53.999800, -116.670400, 62.638000 
54.223000, -113.478600, 93.928000 
53.130400, -112.834300, 28.795000 
53.254000, -113.048200, 278.541000 
53.054000, -110.787500, 50.337000 
51.239700, -115.564600, 196.720000 
50.784300, -113.667400, 57.706000 
50.755100, -112.162300, 79.028000 
51.766200, -111.963700, 241.743000 
52.020900, -112.402800, 60.955000 
50.922300, -112.003700, 289.647000 
55.619600, -119.503300, 184.647000 
53.837900, -113.933100, 59.764000 
52.188200, -114.344100, 53.291000 
52.934000, -114.022100, 45.068000 
52.908400, -114.088800, 51.492000 
52.861100, -114.057500, 20.586000 
55.771100, -119.828100, 32.170000 
50.591500, -111.780300, 46.075000 
50.325800, -110.255600, 58.353000 
50.078300, -110.419700, 171.519000 
53.188700, -115.642200, 215.400000 
51.439000, -112.054500, 98.200000 
51.522600, -113.018200, 85.700000 
51.359000, -112.360100, 345.730000 
54.967500, -119.131600, 18.680000 
51.784500, -113.402700, 113.850000 
51.531300, -113.276300, 506.150000 
51.642600, -113.337700, 448.110000 
53.374300, -114.527900, 87.510000 
53.363200, -114.456300, 51.510000 
50.817000, -113.100200, 152.900000 
50.707900, -113.221600, 24.490000 
50.835100, -112.799000, 126.010000 
51.122600, -112.149500, 28.000000 
51.038600, -111.864000, 146.930000 
51.046200, -112.044500, 26.150000 
51.042300, -111.298100, 118.350000 
49.958300, -111.030000, 23.170000 
50.456800, -110.181600, 107.030000 
50.565900, -110.210200, 120.490000 
50.755100, -110.310200, 180.940000 
53.876200, -117.149000, 81.731000 
53.937900, -116.900400, 44.641000 
54.181800, -117.257000, 44.697000 
53.228700, -115.104400, 146.569000 
54.323400, -115.677500, 94.520000 
54.276200, -115.690000, 19.290000 
51.726200, -114.436000, 53.273000 
51.697300, -114.536800, 104.151000 
51.569800, -113.964100, 28.604000 
54.509700, -110.909900, 172.901000 
52.640400, -113.252100, 79.701000 
55.574700, -118.815800, 144.830000 
52.435700, -113.390400, 602.843000 
55.433300, -116.483200, 78.430000 
52.359300, -114.785700, 75.367000 
53.825100, -116.396900, 68.482000 
51.366200, -112.771200, 31.100000 
51.093400, -112.820100, 115.200000 
52.275700, -114.218800, 22.100000 
52.017300, -113.148800, 50.300000 
51.962900, -113.734300, 24.800000 
51.635400, -112.792600, 49.600000 
51.871800, -112.887600, 78.800000 
51.751800, -113.864600, 44.900000 
52.522800, -116.380000, 24.500000 
52.475700, -111.441400, 25.700000 
52.439300, -110.316400, 39.400000 
51.737300, -112.561700, 68.900000 
54.560100, -113.841100, 23.900000 
55.087300, -113.141000, 42.300000 
54.352600, -110.517800, 29.100000 
56.613100, -112.849000, 484.940000 
56.502900, -116.750400, 158.840000 
58.110400, -118.115600, 96.000000 
56.233200, -113.896400, 116.100000 
56.513900, -115.606000, 20.296000 
55.887600, -112.125700, 22.200000 
55.293900, -112.897500, 25.800000 
55.542000, -113.430800, 46.800000 
55.585700, -112.963500, 38.000000 
55.625700, -114.374200, 41.300000 
55.785900, -112.982900, 27.900000 
56.098700, -111.824500, 23.200000 
58.128400, -118.382100, 43.700000 
55.774800, -113.774700, 26.000000 
58.550400, -117.426700, 50.400000 
55.385700, -113.001600, 105.000000 
49.521900, -112.139500, 24.800000 
49.569200, -112.149200, 41.700000 
49.936700, -111.406500, 20.400000 
50.711900, -111.057400, 33.974000 
54.436100, -118.743800, 45.600000 
52.319200, -115.580000, 21.200000 
53.635900, -116.931800, 46.100000 
52.493600, -115.935000, 119.800000 
52.806700, -116.210000, 25.400000 
51.777300, -113.195400, 22.300000 
50.427600, -112.462300, 55.900000 
50.616800, -112.845300, 29.300000 
50.675000, -113.087500, 43.700000 
55.196500, -112.570400, 24.000000 
53.068700, -110.572200, 22.900000 
50.689500, -111.554800, 344.658000 
52.610400, -114.821800, 362.820000 
53.265100, -115.520000, 71.455000 
50.009200, -110.847500, 139.125000 
50.897000, -111.693700, 499.435000 
50.522300, -111.652300, 1345.253000 
50.103900, -110.864700, 107.836000 
52.286500, -114.970800, 30.063000 
55.432900, -111.219800, 43.593000 
56.313200, -111.636200, 91.230000 
50.777100, -113.397000, 46.088000 
50.675000, -113.452200, 87.042000 
52.875700, -110.458600, 25.835000 
52.675900, -110.515800, 35.794000 
54.268900, -111.143600, 163.536000 
57.877200, -119.740900, 228.903000 
49.652800, -111.231900, 71.009000 
52.024500, -112.778700, 28.210000 
52.111800, -112.731200, 31.736000 
53.561500, -116.577900, 60.720000 
50.707900, -110.813900, 432.909000 
50.299100, -112.185400, 506.740000 
52.079300, -111.012200, 475.212000 
53.523200, -114.879200, 53.920000 
56.560600, -119.031700, 102.140000 
53.392300, -115.316900, 79.410000 
53.392300, -115.310800, 171.380000 
52.042900, -114.588800, 409.370000 
53.974300, -114.923900, 276.240000 
53.213700, -114.714000, 47.900000 
53.026900, -114.766400, 29.809000 
52.439300, -114.304600, 131.200000 
52.759300, -115.531900, 136.850000 
49.816400, -112.070100, 10.500000 
52.522900, -111.634000, 9.500000 
49.791100, -112.557000, 5.700000 
49.761900, -113.394800, 10.600000 
50.693200, -113.672900, 55.638000 
51.388100, -110.772500, 57.740000 
51.209800, -113.141000, 24.890000 
52.362900, -113.534900, 54.920000 
50.223900, -113.513800, 17.640000 
50.627800, -111.287500, 162.940000 
50.693100, -111.322200, 183.230000 
53.897900, -116.067500, 74.500000 
53.788700, -115.564200, 36.520000 
53.727000, -115.607500, 120.030000 
56.276930, -119.875770, 51.341000 
52.326500, -114.515200, 147.397000 
54.963600, -117.670700, 271.324000 
52.344800, -114.262400, 45.704000 
54.978300, -117.708800, 37.592000 
52.279300, -114.129100, 25.273000 
52.162900, -114.576800, 37.044000 
58.685100, -118.669200, 39.617000 
58.670400, -119.559800, 39.159000 
50.889600, -113.406800, 28.318000 
52.966800, -111.131600, 25.324000 
53.032300, -111.293600, 20.863000 
50.165900, -110.089100, 142.887000 
54.454400, -119.091700, 82.861000 
53.512300, -115.611900, 36.784000 
54.538100, -119.066400, 24.232000 
57.004500, -113.047100, 26.942000 
57.106200, -112.252700, 39.009000 
56.833400, -113.112100, 314.331000 
55.847500, -111.358600, 48.163000 
57.200900, -112.905700, 786.471000 
55.997300, -111.352400, 98.157000 
55.996800, -110.822600, 99.117000 
59.641800, -118.307800, 143.288000 
51.813600, -112.454200, 44.825000 
54.418100, -116.362000, 396.580000 
54.330800, -116.367000, 20.091000 
52.337200, -114.195300, 36.168000 
54.232500, -116.611500, 173.475000 
54.363300, -116.624000, 69.419000 
58.728700, -118.005300, 127.831000 
54.792900, -115.521700, 252.930000 
53.872500, -116.085000, 50.570000 
54.458200, -115.641400, 154.790000 
53.828700, -115.943300, 214.880000 
54.647300, -115.495800, 18.770000 
58.081200, -117.828800, 100.938000 
52.886800, -111.022500, 30.374000 
51.970000, -110.629400, 189.956000 
55.651200, -116.386000, 148.667000 
52.903500, -114.698900, 34.866000 
51.868200, -110.139700, 521.290000 
53.090400, -115.245000, 396.650000 
53.023200, -114.850900, 76.641000 
53.254000, -114.437900, 340.798000 
53.181200, -114.486800, 288.734000 
52.936200, -114.160900, 44.284000 
52.848900, -114.620300, 92.696000 
52.890400, -114.865000, 148.959000 
55.683900, -119.393300, 31.924000 
52.715600, -110.621400, 25.817000 
55.830300, -116.673400, 42.006000 
52.941600, -114.418200, 66.970000 
59.601800, -117.409700, 46.890000 
56.458600, -119.914300, 125.930000 
54.844900, -115.332400, 50.914000 
53.428700, -115.125800, 74.037000 
58.683300, -118.670000, 134.497000 
58.073200, -118.762000, 136.587000 
58.305400, -118.888000, 140.936000 
50.337100, -111.513600, 34.046000 
53.479400, -115.130800, 137.916000 
53.159500, -110.853300, 66.253000 
52.650400, -115.080800, 366.928000 
51.865400, -110.585600, 51.449000 
57.320900, -118.063600, 153.146000 
53.173900, -114.884600, 85.357000 
57.851600, -119.158100, 331.860000 
50.271200, -110.376900, 290.653000 
50.395000, -110.353900, 158.438000 
50.307500, -110.502500, 536.588000 
50.362200, -110.509100, 57.890000 
50.282400, -110.468900, 223.465000 
50.507600, -110.325200, 98.513000 
50.453200, -110.204700, 28.374000 
50.318700, -111.261700, 270.724000 
50.340400, -111.302000, 209.864000 
50.267600, -111.330600, 332.359000 
53.134000, -115.678900, 140.390000 
53.148700, -115.746100, 140.222000 
52.541200, -115.170800, 85.525000 
52.439300, -115.044700, 42.840000 
52.512000, -115.044700, 89.659000 
52.464700, -115.007500, 58.001000 
52.515700, -115.327200, 103.399000 
52.526400, -115.916900, 35.639000 
52.461400, -114.346900, 183.916000 
52.570100, -114.533200, 55.793000 
53.064700, -116.436900, 124.932000 
52.850300, -116.465800, 157.213000 
53.039400, -116.406400, 299.409000 
53.163100, -117.017800, 145.498000 
51.377000, -114.814600, 351.307000 
52.806800, -114.640400, 41.690000 
52.712000, -114.573800, 110.143000 
57.042500, -111.905000, 63.198000 
51.838900, -114.980700, 59.746000 
51.806100, -114.998500, 41.387000 
51.773600, -114.874300, 63.026000 
51.824000, -110.948800, 55.872000 
52.359400, -113.971400, 30.297000 
53.752300, -117.099300, 121.750000 
56.131500, -115.962400, 20.875000 
50.758700, -111.641500, 180.281000 
55.713100, -119.672200, 72.930000 
50.583900, -113.302700, 57.561000 
53.225100, -114.034600, 209.903000 
50.682300, -113.256300, 30.031000 
50.736800, -113.325700, 129.431000 
52.119200, -115.215400, 52.626000 
55.603900, -119.347800, 266.680000 
52.028200, -114.809600, 28.481000 
54.087500, -115.770200, 46.297000 
52.843100, -115.604700, 482.229000 
52.479300, -114.178200, 70.755000 
50.296700, -112.433700, 28.181000 
52.628400, -114.882100, 22.733000 
52.545700, -114.106000, 189.863000 
50.013100, -112.393100, 35.513000 
51.719000, -112.390100, 143.099000 
50.002300, -112.873400, 34.276000 
52.774000, -114.501000, 14.000000 
52.766800, -114.489100, 67.000000 
52.730400, -114.525400, 6.000000 
49.088900, -112.414800, 25.900000 
53.239500, -111.532000, 6.230000 
53.225100, -111.550300, 9.300000 
52.206500, -113.465200, 5.350000 
49.467200, -110.779100, 5.110000 
54.385300, -118.624900, 31.127000 
49.829600, -112.048200, 22.796000 
53.097500, -113.193900, 76.304000 
54.760100, -113.815800, 152.000000 
54.672900, -114.212800, 12.000000 
54.654500, -114.092500, 12.000000 
54.763700, -113.938300, 19.000000 
53.283200, -115.324400, 1.000000 
52.608500, -114.186200, 104.282000 
58.368300, -118.990000, 303.631000 
58.255700, -119.187300, 78.152000 
51.563500, -110.569800, 23.174000 
58.059200, -118.287500, 109.549000 
50.889400, -114.761800, 125.300000 
51.198900, -114.820200, 21.200000 
51.118600, -114.732700, 26.800000 
49.229200, -114.029100, 287.000000 
49.488900, -113.955100, 292.000000 
52.088200, -115.689400, 79.045000 
51.135900, -114.144900, 87.001000 
51.599900, -115.356900, 156.190000 
51.815100, -115.296600, 175.628000 
51.635300, -115.139200, 185.253000 
51.606100, -115.131800, 1.580000 
51.668100, -115.170400, 23.094000 
54.454400, -116.090400, 36.422000 
53.690700, -115.717500, 45.244000 
51.464500, -114.467900, 82.152000 
52.541400, -115.170800, 118.397000 
52.042800, -114.958800, 172.740000 
53.272300, -114.725300, 55.630000 
53.305100, -114.841400, 24.588000 
52.300900, -112.886300, 22.757000 
49.881900, -112.735100, 25.016000 
53.879800, -113.627400, 38.080000 
52.621200, -112.211500, 39.911000 
53.359500, -114.878000, 2.073000 
53.279500, -111.587000, 373.878000 
53.195900, -111.911200, 254.846000 
53.363200, -111.879500, 127.824000 
53.355900, -114.896400, 0.081000 
52.024500, -112.916300, 38.052000 
52.591900, -112.192500, 73.436000 
52.701200, -112.259500, 110.154000 
53.499900, -113.418000, 8.784000 
55.640300, -119.627000, 58.275000 
54.421700, -117.784300, 101.830000 
53.566900, -118.022600, 26.723000 
53.734200, -118.395600, 284.367000 
53.941500, -116.720100, 32.652000 
53.712300, -116.148900, 27.647000 
53.621500, -116.087200, 26.520000 
52.766700, -116.393000, 415.285000 
54.476300, -119.173900, 46.842000 
54.485300, -118.778300, 155.422000 
54.359700, -119.138900, 85.296000 
55.460400, -112.213500, 30.668000 
56.120300, -119.497500, 31.812000 
56.095100, -118.758700, 117.532000 
55.458300, -119.573900, 56.485000 
55.611700, -112.611600, 238.171000 
54.171500, -112.197600, 46.135000 
54.461800, -111.780100, 237.229000 
54.189000, -112.109800, 128.681000 
53.854300, -117.391200, 179.033000 
55.789500, -112.281800, 60.628000 
56.051400, -119.589200, 39.348000 
55.378300, -118.499700, 48.336000 
56.440600, -119.775700, 27.198000 
55.800300, -118.225300, 47.546000 
55.411100, -118.885600, 68.820000 
54.359700, -118.756300, 375.640000 
54.265300, -116.342000, 257.122000 
54.119800, -116.273100, 266.852000 
54.221800, -116.197900, 21.724000 
53.577900, -116.599000, 31.948000 
53.923400, -116.775900, 42.908000 
53.799800, -116.092200, 135.381000 
54.079700, -118.342700, 63.070000 
53.607000, -116.537300, 21.327000 
54.178700, -117.328400, 242.063000 
53.711900, -117.052500, 54.824000 
56.006700, -118.390800, 37.540000 
54.416100, -119.347500, 40.517000 
54.516700, -119.292000, 29.802000 
56.314400, -119.873400, 97.473000 
54.635300, -119.318300, 30.144000 
53.918400, -117.297000, 114.754000 
54.341400, -116.301500, 53.259000 
54.600800, -116.039000, 22.729000 
56.223300, -119.570800, 74.040000 
52.989300, -114.157900, 118.928000 
52.874300, -110.428000, 52.576000 
55.571800, -112.549600, 97.343000 
55.349000, -112.184100, 114.213000 
52.830300, -116.272200, 232.874000 
53.006700, -116.852800, 50.976000 
53.323600, -116.995400, 55.038000 
53.022200, -116.520800, 121.761000 
52.682300, -114.392900, 26.256000 
52.958200, -114.679900, 35.297000 
52.969200, -116.692500, 370.244000 
53.002000, -110.993900, 42.000000 
55.835100, -112.252100, 49.557000 
52.874300, -110.162700, 87.289000 
55.028400, -112.266100, 123.820000 
55.117900, -112.737900, 23.677000 
53.117300, -110.803900, 40.820000 
52.657700, -110.200000, 22.520000 
55.266800, -112.567900, 162.280000 
56.364200, -119.934300, 258.482000 
55.341700, -118.914200, 39.717000 
55.504200, -118.945300, 20.105000 
55.338100, -118.536700, 24.869000 
50.168300, -112.299800, 69.475000 
50.013100, -112.611500, 173.034000 
50.302500, -112.390600, 40.499000 
50.060300, -112.299800, 172.706000 
50.214700, -112.367800, 80.108000 
50.160800, -112.957000, 28.490000 
56.851800, -115.208100, 74.262000 
52.792000, -112.562700, 197.667000 
52.788400, -112.489800, 163.878000 
52.031800, -112.629500, 254.102000 
55.070800, -118.695000, 71.359000 
54.352600, -111.821500, 21.429000 
53.970700, -115.744200, 39.991000 
53.170400, -115.177800, 64.635000 
55.736000, -119.076000, 67.691000 
53.847000, -114.619400, 145.140000 
53.484800, -115.607600, 119.563000 
53.385100, -115.612800, 213.654000 
53.290400, -115.831900, 43.399000 
52.180900, -113.083200, 119.796000 
50.700700, -112.654200, 97.751000 
55.058700, -111.895500, 23.756000 
55.382000, -111.760100, 141.823000 
55.120000, -111.688300, 59.498000 
51.482600, -113.300200, 266.080000 
54.348990, -110.766800, 22.751000 
55.174800, -112.281000, 57.252000 
54.778200, -113.963900, 26.460000 
54.367200, -110.503100, 23.029000 
54.224660, -110.514600, 26.072000 
54.465400, -113.221600, 61.223000 
53.887000, -116.396900, 72.534000 
54.162360, -115.733900, 231.611000 
54.109000, -117.137900, 73.775000 
53.745000, -114.220600, 73.773000 
54.545400, -114.794200, 97.317000 
50.398600, -112.847300, 47.800000 
55.226800, -119.028200, 54.300000 
50.154700, -112.461500, 31.170000 
52.162900, -114.851300, 39.528000 
50.536800, -111.744200, 57.682000 
50.176700, -110.442700, 79.950000 
54.105400, -117.131800, 65.513000 
50.667900, -113.053800, 84.590000 
55.072800, -116.975700, 286.184000 
53.483200, -112.906800, 76.438000 
51.708200, -111.780100, 24.538000 
51.828200, -111.774200, 192.904000 
52.333700, -112.806800, 24.538000 
51.711800, -110.862200, 37.929000 
51.686200, -110.737700, 58.247000 
51.686200, -110.666900, 210.858000 
51.642600, -110.560200, 37.929000 
51.701600, -110.633900, 37.929000 
51.689800, -110.761600, 37.929000 
49.823900, -112.432300, 74.469000 
56.218700, -116.251300, 190.712000 
56.070600, -119.960500, 75.147000 
54.145400, -115.815500, 54.580000 
57.411700, -118.493900, 35.640000 
55.705900, -111.282600, 23.179000 
54.061800, -117.447300, 62.191000 
54.105400, -117.526500, 148.931000 
54.858100, -119.770600, 46.605000 
52.446500, -115.249200, 25.754000 
52.908400, -111.125500, 27.565000 
54.225300, -118.305200, 47.433000 
52.279300, -110.081400, 36.254000 
53.952600, -117.559000, 189.415000 
54.050700, -117.720600, 118.266000 
55.931200, -110.822600, 31.430000 
52.755700, -110.228000, 24.330000 
50.096700, -113.596300, 22.519000 
55.950000, -110.601900, 291.794000 
52.333700, -112.885200, 27.227000 
52.337300, -112.885200, 20.711000 
54.989300, -111.489500, 43.401000 
54.105400, -110.862600, 31.448000 
53.607000, -110.262700, 73.410000 
54.349000, -112.642700, 39.356000 
55.702000, -112.379300, 38.530000 
56.007600, -113.402800, 180.692000 
54.054200, -118.308700, 176.626000 
54.970900, -114.291100, 21.815000 
54.479700, -117.550400, 42.100000 
53.697900, -117.153700, 63.824000 
54.698600, -110.738900, 42.931000 
51.559000, -112.471500, 31.260000 
51.551800, -112.483400, 21.600000 
53.977900, -116.751200, 214.040000 
53.419200, -115.091500, 119.509000 
50.744200, -110.130000, 36.372000 
50.896900, -110.633600, 51.729000 
50.824200, -110.859400, 33.951000 
49.972800, -110.755600, 71.999000 
50.084400, -110.607000, 461.477000 
49.988300, -110.914000, 38.261000 
50.022400, -110.743000, 44.924000 
51.020600, -111.402200, 41.296000 
50.093100, -110.732800, 161.827000 
50.136700, -110.732800, 43.518000 
50.533100, -112.444200, 186.205000 
50.159000, -110.667200, 34.857000 
53.590480, -116.172680, 93.049000 
50.784300, -110.836900, 131.760000 
50.111100, -113.482500, 38.237000 
51.162600, -112.021200, 20.854000 
51.009610, -110.752190, 67.730000 
50.187500, -112.153400, 32.587000 
51.984500, -112.784800, 36.680000 
52.050000, -110.420600, 33.479000 
51.580900, -112.977000, 20.836000 
51.624500, -113.041600, 33.600000 
51.599000, -113.029900, 44.712000 
51.660900, -113.017900, 26.524000 
51.624500, -112.952600, 169.383000 
51.700900, -112.852000, 104.890000 
51.515400, -112.953400, 24.695000 
52.555700, -114.449100, 118.719000 
53.210400, -114.713000, 43.638000 
52.486500, -114.322700, 27.232000 
52.541200, -114.322700, 30.400000 
52.537600, -114.292700, 32.199000 
55.232800, -119.355300, 43.860000 
55.251100, -119.426100, 22.348000 
55.269200, -119.490300, 57.008000 
52.759300, -114.125200, 231.178000 
50.712300, -111.062700, 69.950000 
52.543100, -114.280500, 31.099000 
52.384800, -114.382900, 42.005000 
52.803100, -115.810800, 42.109000 
52.468400, -114.328800, 66.475000 
51.395400, -111.331700, 67.928000 
52.028200, -113.572700, 63.922000 
51.533400, -114.327100, 34.603000 
51.973700, -113.572700, 43.423000 
51.930100, -113.538800, 111.690000 
52.035400, -113.614300, 49.047000 
55.367500, -119.220300, 65.670000 
53.836200, -115.620000, 45.775000 
52.915900, -114.006000, 70.898000 
52.944800, -114.264600, 33.176000 
51.559000, -112.612600, 95.266000 
51.795400, -113.456000, 40.680000 
51.813700, -113.621800, 129.503000 
52.220900, -114.630400, 33.605000 
54.956400, -119.783300, 90.685000 
53.039400, -110.895300, 61.599000 
53.779500, -118.486200, 29.300000 
53.958000, -118.772800, 25.245000 
56.271846, -111.498890, 152.158000 
56.411400, -118.440600, 65.788000 
56.888200, -114.536100, 68.878000 
55.523900, -119.380300, 88.922000 
54.952800, -119.190300, 42.533000 
52.726800, -114.537400, 51.448000 
54.312600, -113.263200, 54.454000 
50.675000, -110.031700, 55.424000 
53.186800, -115.156400, 74.885000 
53.580200, -112.048700, 130.547000 
53.767000, -117.497000, 354.418000 
52.492800, -115.295100, 106.066000 
50.097100, -112.361800, 24.427000 
54.445300, -118.607600, 64.560000 
55.025700, -110.584200, 40.180000 
55.041200, -110.577800, 58.271000 
55.065700, -110.533100, 21.366000 
53.578344, -115.855642, 185.750000 
51.428200, -113.458800, 23.277000 
52.857600, -115.513900, 25.215000 
51.286200, -113.200200, 32.658000 
51.049800, -113.659900, 22.405000 
52.435700, -110.364700, 32.497000 
51.399000, -112.683100, 128.973000 
53.657900, -116.666800, 93.740000 
51.879000, -112.792600, 38.788000 
51.784500, -113.532900, 29.190000 
50.777000, -111.751500, 27.082000 
53.857900, -113.397400, 68.747000 
52.704800, -114.410200, 74.253000 
54.279800, -117.012600, 38.426000 
50.758700, -112.122000, 27.433000 
53.272300, -113.072700, 40.172000 
54.941900, -118.999200, 22.692000 
57.488000, -119.168900, 29.503000 
50.860700, -110.229100, 26.790000 
51.449800, -113.164900, 35.850000 
51.100700, -111.403100, 97.260000 
51.359000, -112.418700, 343.430000 
51.402600, -112.330600, 69.050000 
51.737300, -113.124300, 120.310000 
51.479000, -112.982800, 48.830000 
54.072600, -116.699300, 27.740000 
51.559000, -113.282700, 50.490000 
51.668100, -113.615000, 95.140000 
54.796400, -119.082000, 63.560000 
58.339500, -118.536800, 20.370000 
53.021100, -116.216900, 45.165000 
52.177300, -114.296300, 45.917000 
51.569700, -114.985200, 60.500000 
50.555100, -112.623100, 30.700000 
53.537900, -110.990000, 22.900000 
52.397600, -114.040600, 43.928000 
57.564400, -119.521200, 36.787000 
58.011900, -119.480700, 136.079000 
56.506100, -119.432000, 46.883000 
52.942400, -113.511100, 158.694000 
51.879000, -113.367100, 34.820000 
52.086500, -112.754800, 27.000000 
52.199300, -114.475200, 25.257000 
52.260900, -114.373800, 21.845000 
51.900900, -111.608400, 46.046000 
51.624500, -111.863100, 29.412000 
52.384800, -114.539300, 105.693000 
52.250100, -114.397700, 23.280000 
52.290100, -112.963800, 28.267000 
54.243300, -116.899800, 77.994000 
53.484800, -115.607600, 63.244000 
52.610400, -111.670100, 102.900000 
52.384800, -112.223400, 147.285000 
52.344800, -112.211500, 94.293000 
51.366200, -114.761800, 118.254000 
51.369700, -114.985200, 39.701000 
51.388200, -114.808800, 25.340000 
52.973900, -116.872200, 89.876000 
54.166900, -118.486900, 98.210000 
51.489800, -112.888700, 40.015000 
56.121200, -115.994600, 41.245000 
50.831400, -110.865000, 54.988000 
52.060900, -113.888800, 44.576000 
53.847000, -113.981600, 29.900000 
52.235800, -113.377700, 5.900000 
52.217300, -113.387700, 30.300000 
52.111800, -114.481300, 6.910000 
52.828400, -114.386000, 8.100000 
54.668900, -117.651600, 46.053000 
52.192000, -114.111300, 91.666000 
51.071500, -114.697700, 26.500000 
51.086100, -114.767700, 27.300000 
53.374300, -111.809800, 38.052000 
53.363200, -112.039500, 38.178000 
52.828400, -113.872400, 23.144000 
51.671700, -112.507500, 22.869000 
52.039300, -112.987700, 22.869000 
53.134000, -111.850100, 113.757000 
52.282900, -113.113200, 68.590000 
55.363900, -118.905000, 85.121000 
57.217500, -110.895000, 553.298000 
53.581500, -112.531000, 27.941000 
53.454300, -117.159800, 30.799000 
52.661200, -110.496900, 20.850000 
57.579200, -119.301800, 40.315000 
50.556100, -114.236300, 66.504000 
54.301700, -118.649900, 47.540000 
52.020900, -112.665300, 38.851000 
56.651500, -112.878800, 20.598000 
56.666700, -111.345100, 366.617000 
56.055100, -115.366500, 54.042000 
52.039300, -111.376500, 23.913000 
53.486800, -114.330700, 63.806000 
52.875700, -111.422500, 145.143000 
52.875700, -111.483300, 41.235000 
54.506800, -116.789100, 67.120000 
53.681200, -113.821000, 25.148000 
52.144900, -111.752000, 25.683000 
52.224800, -113.025700, 103.320000 
52.053700, -112.150800, 70.717000 
53.558600, -113.368000, 345.000000 
55.835800, -114.697100, 78.567000 
50.291300, -112.185500, 26.569000 
52.019700, -114.234100, 46.163000 
51.948100, -113.711300, 46.814000 
52.555900, -113.042600, 28.482000 
51.727500, -113.819000, 75.644000 
52.401200, -113.100700, 30.111000 
52.604900, -113.196300, 55.745000 
53.885300, -117.178700, 481.522000 
58.716000, -119.708200, 125.996000 
57.382700, -118.979400, 38.846000 
53.154100, -116.460300, 40.638000 
55.965300, -119.935100, 31.919000 
52.776000, -112.909800, 62.468000 
54.467700, -115.393000, 22.846000 
55.830600, -119.504300, 48.548000 
55.890300, -119.758000, 38.542000 
51.760400, -114.913900, 35.982000 
50.993800, -113.990000, 25.687000 
54.525200, -118.670400, 86.582000 
54.786900, -119.942200, 23.441000 
54.956600, -119.775000, 30.335000 
55.201500, -119.881400, 112.182000 
52.098800, -112.852000, 57.246000 
56.291700, -111.589500, 24.030000 
59.237200, -119.885800, 30.116000 
56.106100, -119.714300, 43.212000 
54.394600, -113.504300, 35.411000 
50.393900, -111.701000, 59.661000 
51.505300, -112.475000, 31.260000 
50.086100, -110.485500, 72.347000 
51.668900, -111.378300, 34.160000 
55.554200, -119.760200, 29.648000 
52.761600, -113.133400, 148.378000 
55.434200, -114.550000, 30.146000 
57.211800, -118.010800, 90.688000 
54.438200, -119.676100, 36.148000 
53.834000, -117.912400, 188.753000 
51.484500, -110.414400, 135.034000 
53.914400, -117.573700, 803.151000 
53.987100, -117.351500, 578.461000 
53.539800, -113.397000, 18.910000 
50.571300, -112.146100, 47.582000 
51.411700, -113.285800, 64.100000 
50.442900, -111.857300, 129.897000 
50.509600, -112.002900, 33.670000 
51.280800, -112.818900, 59.182000 
55.460700, -119.982500, 35.505000 
54.172300, -118.334400, 58.237000 
52.648500, -114.376400, 77.909000 
52.634000, -114.519800, 77.909000 
52.734900, -114.347100, 178.936000 
52.657700, -112.281000, 45.405000 
53.783400, -112.339300, 37.953000 
51.557200, -113.402600, 32.411000 
52.706700, -112.981000, 36.361000 
52.561200, -112.312100, 45.405000 
53.798000, -114.611000, 25.830000 
52.013700, -112.381800, 25.800000 
52.692200, -113.210800, 20.627000 
54.226700, -117.096600, 20.900000 
54.274100, -115.597000, 36.307000 
55.146900, -119.700500, 20.262000 
55.488600, -119.521000, 25.830000 
50.617400, -111.835800, 43.685000 
50.683000, -111.548000, 26.344000 
55.320300, -118.762000, 74.451000 
54.016200, -117.154000, 25.726000 
52.841500, -116.035500, 106.603000 
50.624800, -111.588500, 50.152000 
52.867000, -116.253100, 63.500000 
51.993700, -113.123700, 38.500000 
51.865500, -112.954700, 52.800000 
52.095600, -113.147400, 26.500000 
54.200600, -111.268800, 26.400000 
54.199700, -119.263700, 21.500000 
49.119100, -113.761500, 202.258000 
51.364000, -110.285900, 61.739000 
55.193600, -113.035100, 75.600000 
50.723300, -112.789100, 550.949000 
50.730600, -112.887200, 162.066000 
50.326300, -110.328500, 103.131000 
50.468200, -110.322500, 97.273000 
53.023200, -116.899000, 213.874000 
53.430200, -117.118100, 43.253000 
52.936200, -116.748600, 48.210000 
53.488400, -117.351700, 43.818000 
53.125000, -116.881000, 126.908000 
52.968900, -116.688300, 259.016000 
52.867000, -116.549200, 139.193000 
52.910700, -116.645900, 29.626000 
53.026800, -116.679700, 23.712000 
53.143200, -116.923400, 56.017000 
52.943400, -116.742600, 199.004000 
53.114200, -115.698700, 106.508000 
50.155700, -114.453300, 269.709000 
54.423700, -119.349700, 49.670000 
51.508900, -113.453800, 39.317000 
50.887900, -110.385200, 48.359000 
54.830200, -118.652600, 201.140000 
51.222600, -114.642900, 25.243000 
52.706700, -113.896400, 59.650000 
52.837700, -114.403500, 29.883000 
50.486700, -112.917000, 107.540000 
52.747200, -114.415600, 4.270000 
52.546700, -115.260600, 113.233000 
53.703000, -117.234900, 51.906000 
52.168300, -114.088900, 34.743000 
52.094000, -114.737100, 21.201000 
58.781600, -118.602700, 93.060000 
53.332400, -111.451000, 62.615000 
50.505800, -111.201000, 24.566000 
51.135300, -111.523300, 24.564000 
53.608800, -113.005500, 25.856000 
53.332400, -111.548200, 36.422000 
53.245100, -111.596700, 26.923000 
53.326800, -111.488800, 26.923000 
53.303300, -111.451000, 37.860000 
53.230500, -111.863900, 24.564000 
53.376000, -111.830200, 24.564000 
53.870700, -116.166400, 66.522000 
54.321800, -118.790500, 56.806000 
56.111500, -119.033900, 20.623000 
52.063200, -112.629000, 74.975000 
52.503000, -113.435200, 207.186000 
52.481500, -113.419000, 110.933000 
52.735800, -112.451100, 38.759000 
56.486500, -114.120400, 101.280000 
54.452300, -114.874300, 72.087000 
54.353900, -114.811100, 33.878000 
52.764900, -114.957500, 122.845000 
52.941200, -118.043000, 942.286000 
58.695200, -114.005000, 46.527000 
57.546100, -119.106200, 78.759000 
57.066400, -118.029400, 67.831000 
55.714000, -115.898300, 69.571000 
58.727600, -111.136400, 151.575000 
54.263100, -118.576800, 28.869000 
54.343100, -118.595300, 20.785000 
51.494600, -110.483500, 32.685000 
50.593000, -111.492000, 20.453000 
53.175900, -115.271100, 610.892000 
55.160200, -118.818400, 284.752000 
53.707700, -116.435600, 23.400000 
50.187900, -112.225200, 47.221000 
58.098500, -119.426100, 23.126000 
53.559400, -113.347200, 174.300000 
56.850000, -119.836900, 198.495000 
53.748200, -112.734000, 72.979000 
56.623600, -119.913600, 25.332000 
55.160300, -116.162000, 45.723000 
53.782800, -114.060700, 18.869000 
51.906000, -114.158200, 15.194000 
52.068800, -114.330200, 15.335000 
52.317400, -114.225000, 40.386000 
52.264600, -111.043600, 29.037000 
52.308400, -111.728200, 23.617000 
52.352200, -113.222800, 51.315000 
52.352100, -112.683000, 35.336000 
51.570600, -113.688200, 92.941000 
51.680100, -113.935100, 55.173000 
51.723600, -113.616200, 87.793000 
51.770800, -113.622100, 225.135000 
51.640200, -113.710700, 14.722000 
58.650600, -119.455000, 27.341000 
59.254000, -119.683100, 65.549000 
59.072200, -118.502300, 29.265000 
53.969000, -113.511700, 27.564000 
55.924100, -119.821600, 92.050000 
55.880200, -119.937200, 50.858000 
51.574800, -114.520200, 37.566000 
54.113900, -114.654900, 62.256000 
52.361000, -113.819400, 0.219000 
52.549200, -113.840800, 4.117000 
49.720000, -113.500300, 8.696000 
53.599500, -111.416200, 3.170000 
54.691700, -119.161000, 29.668000 
53.034500, -116.079600, 67.166000 
54.782400, -119.338700, 22.245000 
54.862400, -118.960500, 38.373000 
54.728000, -113.211400, 57.876000 
52.639100, -113.102700, 78.488000 
54.215900, -117.410600, 115.719000 
51.639700, -110.089700, 33.595000 
52.334100, -113.096100, 74.902000 
54.414300, -110.326300, 24.072000 
54.379500, -117.210700, 210.802000 
55.874600, -116.379500, 153.541000 
54.714300, -118.670000, 62.229000 
52.337500, -113.042500, 74.383000 
53.484900, -116.921800, 31.903000 
49.011900, -111.466800, 31.822000 
52.280200, -113.060200, 23.467000 
51.597800, -110.472400, 56.843000 
55.827200, -116.555400, 41.627000 
52.776000, -113.864500, 48.496000 
52.921600, -113.828400, 59.017000 
52.111900, -112.311300, 114.703000 
52.404900, -114.592200, 48.655000 
52.867000, -114.045900, 112.973000 
52.630400, -114.346500, 31.224000 
54.455100, -111.092200, 65.676000 
56.482100, -117.963100, 180.493000 
52.295900, -115.146700, 59.472000 
52.530400, -112.934800, 59.667000 
54.554100, -115.661400, 36.422000 
56.007400, -119.073000, 90.549000 
52.211700, -114.897100, 29.911000 
52.240800, -114.909200, 25.426000 
50.973600, -112.711700, 102.265000 
53.753700, -114.443000, 37.890000 
51.625300, -111.195200, 36.012000 
51.600900, -111.231500, 239.330000 
51.872400, -112.841200, 35.188000 
52.213900, -112.953600, 22.892000 
50.765400, -113.688300, 27.908000 
56.584400, -119.410600, 149.723000 
50.393200, -113.828900, 115.804000 
50.698800, -113.558500, 36.273000 
51.557200, -113.110700, 22.875000 
50.320400, -113.087100, 111.405000 
52.525000, -115.173800, 33.106000 
52.419400, -115.029800, 37.782000 
51.716900, -112.761700, 33.600000 
51.578500, -112.916200, 66.588000 
51.621900, -113.066000, 33.000000 
51.712500, -112.896000, 33.600000 
51.654100, -113.085700, 33.600000 
51.669300, -113.084300, 32.571000 
51.683500, -112.588700, 32.571000 
51.526700, -112.959600, 33.600000 
51.658400, -113.037600, 34.286000 
51.661400, -113.084700, 32.571000 
52.517100, -114.370800, 41.562000 
53.735600, -115.701500, 56.541000 
53.721200, -115.769900, 26.146000 
49.959800, -113.546000, 35.842000 
55.128700, -119.714600, 31.535000 
54.986900, -119.719600, 30.928000 
55.017200, -119.840600, 30.928000 
54.979700, -119.637200, 31.474000 
54.030100, -117.008300, 22.427000 
52.459500, -114.304600, 35.294000 
53.084700, -114.765600, 32.661000 
52.681500, -113.121100, 38.487000 
54.323200, -110.925700, 29.755000 
58.686900, -118.870200, 109.342000 
54.740600, -113.931600, 4.000000 
52.441300, -115.281800, 96.305000 
54.723500, -113.921900, 5.000000 
53.738400, -111.680500, 94.401000 
54.055700, -117.243900, 586.680000 
53.761100, -117.349200, 400.483000 
53.655600, -117.081700, 375.537000 
50.708300, -112.454400, 22.220000 
50.658800, -111.702400, 22.269000 
52.581500, -113.048400, 28.845000 
50.838100, -112.396300, 22.434000 
50.873300, -112.446000, 22.812000 
51.016600, -113.215600, 23.309000 
50.501000, -112.223700, 48.965000 
51.027600, -112.360200, 24.742000 
51.017900, -112.478800, 46.803000 
51.727200, -113.196900, 39.028000 
51.137900, -112.752200, 22.269000 
51.068800, -112.961500, 69.392000 
55.311000, -119.932400, 46.107000 
51.319600, -113.717600, 31.410000 
51.385000, -113.729000, 24.986000 
49.427200, -112.351200, 47.608000 
52.135300, -114.373500, 37.762000 
52.072000, -113.073300, 21.957000 
52.526700, -111.459200, 28.020000 
54.171000, -118.334400, 240.553000 
50.846800, -112.165700, 22.383000 
50.846700, -112.073300, 21.035000 
51.901800, -112.925200, 21.321000 
50.964000, -112.866300, 40.560000 
50.485300, -111.171600, 170.072000 
50.448100, -110.574400, 81.947000 
51.989100, -113.452300, 41.133000 
50.485300, -111.449700, 400.593000 
51.294100, -112.668100, 35.756000 
52.678000, -114.349200, 38.955000 
52.678100, -114.451600, 75.500000 
52.546800, -114.520400, 23.929000 
51.134300, -112.548700, 20.692000 
55.373190, -114.747800, 263.437000 
53.745100, -113.235600, 31.624000 
52.808600, -115.270700, 94.587000 
52.648500, -113.064800, 38.153000 
50.837800, -110.928500, 24.680000 
52.226500, -111.677400, 62.490000 
55.071100, -119.032100, 73.010000 
53.596200, -113.332100, 55.650000 
50.221100, -113.501200, 51.496000 
52.228400, -110.269100, 59.767000 
52.583200, -114.946100, 142.813000 
52.437900, -113.858500, 150.189000 
54.638200, -118.396100, 54.918000 
54.769600, -111.904600, 23.723000 
51.339000, -112.433700, 31.730000 
51.359800, -112.205300, 28.080000 
51.077100, -112.426900, 45.380000 
51.710000, -111.488000, 25.050000 
54.128600, -116.928000, 106.384000 
53.325100, -111.681700, 49.050000 
53.266900, -111.912400, 100.580000 
53.463300, -111.903700, 24.050000 
53.419700, -111.977100, 44.170000 
53.477900, -111.936300, 268.300000 
53.485200, -111.928200, 56.360000 
53.272200, -111.781400, 22.730000 
53.528800, -111.964900, 24.050000 
53.427000, -112.075100, 131.480000 
53.858600, -112.279100, 24.050000 
54.197700, -116.761000, 433.197000 
56.454600, -119.905000, 21.677000 
55.743000, -114.147400, 219.696000 
56.528200, -114.071600, 53.130000 
56.524400, -113.464600, 288.344000 
53.812800, -110.003500, 26.114000 
50.423400, -112.788800, 104.998000 
49.904200, -111.332400, 95.870000 
54.248700, -115.685800, 20.400000 
54.285000, -115.698200, 398.430000 
52.000000, -115.000000, 5.980000 
51.774500, -113.090500, 20.180000 
51.673600, -113.123000, 29.050000 
52.881600, -116.573400, 179.165000 
54.000000, -115.000000, 0.690000 
51.760400, -114.105100, 26.290000 
51.862400, -114.128700, 32.890000 
51.764000, -114.034200, 15.730000 
51.618300, -114.075000, 45.880000 
51.669000, -113.208600, 21.140000 
51.727700, -114.087300, 139.230000 
51.742300, -114.122900, 20.010000 
51.465100, -113.559100, 5.570000 
51.465100, -113.512200, 17.130000 
51.730800, -113.155500, 134.450000 
51.694400, -113.214400, 168.110000 
50.719600, -112.730500, 75.316000 
50.748800, -112.903600, 75.316000 
53.036000, -116.221100, 121.977000 
53.196100, -116.948000, 46.953000 
51.436100, -114.961600, 206.586000 
50.247400, -110.510300, 60.864000 
50.290800, -110.486300, 104.700000 
53.768300, -116.915400, 55.720000 
53.761100, -117.367500, 56.110000 
50.166300, -112.686000, 33.601000 
52.747000, -115.455300, 22.213000 
58.367100, -118.994100, 135.871000 
51.878200, -113.359300, 25.190000 
52.041000, -113.576100, 34.750000 
51.787100, -113.335700, 32.190000 
52.718000, -114.022900, 89.469000 
52.192000, -110.990000, 62.348000 
52.050200, -111.109100, 62.348000 
51.869900, -113.092200, 13.600000 
52.790600, -114.549600, 12.200000 
51.547300, -115.065400, 7.386000 
53.034200, -115.290800, 51.185000 
52.514000, -115.042200, 30.098000 
52.423000, -112.993100, 21.223000 
52.277500, -112.862900, 35.337000 
52.259300, -111.280500, 108.267000 
55.343200, -119.464900, 54.626000 
53.870300, -117.088800, 22.269000 
52.295400, -115.825300, 301.497000 
57.288700, -111.886800, 121.116000 
54.972300, -114.291800, 33.564000 
51.651800, -112.723100, 30.790000 
54.387300, -114.753100, 69.392000 
51.950100, -112.805400, 30.761000 
51.848200, -113.758200, 78.631000 
54.623400, -118.192200, 83.430000 
54.125100, -116.816700, 457.438000 
53.733000, -112.959300, 52.624000 
51.319500, -112.737600, 79.859000 
52.583000, -113.734000, 62.963000 
52.626700, -114.495900, 32.058000 
55.300100, -118.701000, 38.786000 
52.868700, -113.142400, 31.140000 
51.157600, -114.191600, 57.916000 
53.678600, -113.804600, 29.600000 
53.007200, -117.327200, 1.698000 
53.693700, -113.844600, 22.655000 
55.684500, -111.011500, 45.295000 
55.998000, -118.532200, 789.832000 
54.518400, -110.905000, 28.554000 
54.863300, -119.001700, 275.835000 
54.352100, -119.460100, 23.267000 
54.942200, -113.345600, 23.083000 
52.278900, -114.537300, 0.098000 
52.341200, -114.295500, 0.020000 
54.306200, -110.558500, 24.101000 
50.916200, -113.193300, 40.463000 
54.116900, -110.214800, 288.487000 
54.030400, -110.789800, 23.967000 
54.029600, -110.788100, 30.731000 
52.148200, -112.786300, 29.325000 
52.410100, -112.969700, 52.474000 
51.814300, -113.763000, 46.570000 
52.590300, -114.855300, 24.017000 
52.253700, -113.024300, 28.928000 
49.958600, -113.543700, 97.028000 
52.096300, -112.701200, 25.571000 
51.767000, -113.703800, 31.266000 
57.347300, -119.552100, 107.308000 
53.066800, -115.412200, 106.173000 
51.876300, -111.732700, 24.939000 
52.102500, -114.390500, 33.790000 
51.887800, -114.647300, 64.389000 
51.924200, -114.789000, 21.780000 
54.811600, -118.871600, 42.844000 
54.810600, -119.388000, 67.301000 
54.658100, -119.277400, 80.718000 
54.702000, -119.095000, 65.671000 
54.479100, -119.749800, 25.121000 
53.688100, -111.365700, 231.773000 
53.891300, -110.100600, 38.647000 
55.670500, -119.619500, 31.132000 
52.366700, -113.017800, 21.826000 
52.907200, -114.113400, 36.846000 
57.007300, -113.188000, 32.111000 
53.604400, -111.322600, 91.439000 
54.786900, -118.720400, 20.399000 
57.171900, -119.914500, 82.894000 
54.829600, -112.562800, 34.769000 
54.830600, -118.682100, 35.701000 
52.301200, -113.160700, 22.435000 
54.179500, -116.685600, 122.138000 
55.644900, -114.658300, 76.518000 
55.808500, -114.897500, 56.759000 
55.779400, -114.658300, 93.308000 
55.463300, -119.012100, 25.810000 
54.416700, -118.735900, 47.134000 
52.960600, -115.259800, 103.405000 
54.736300, -119.010500, 31.049000 
52.830800, -115.141000, 91.070000 
53.106900, -115.936400, 23.663000 
54.154200, -117.560400, 56.546000 
52.335800, -114.346500, 49.308000 
53.064200, -115.935200, 24.572000 
53.194200, -115.333000, 38.681000 
52.773600, -115.590400, 23.294000 
57.309900, -119.751300, 74.431000 
53.048700, -115.918000, 30.632000 
53.064600, -116.671200, 49.436000 
55.000700, -119.237900, 77.920000 
54.752100, -119.602200, 52.332000 
55.026500, -119.139400, 31.049000 
53.032100, -111.245100, 33.748000 
53.311800, -117.238300, 49.436000 
52.830700, -115.618300, 31.990000 
53.196200, -116.948100, 49.436000 
52.586000, -114.476900, 33.600000 
56.193600, -110.950600, 109.154000 
53.348000, -115.995300, 32.115000 
53.704600, -116.405000, 40.835000 
53.022300, -115.798200, 37.735000 
54.855200, -119.569100, 30.042000 
51.043300, -111.414800, 30.295000 
55.336900, -119.167900, 33.935000 
52.908200, -115.080000, 27.231000 
53.778700, -116.000600, 28.034000 
52.818600, -115.590500, 20.913000 
52.921600, -115.733200, 24.471000 
54.665400, -119.026200, 111.968000 
54.608900, -119.016700, 25.555000 
57.329700, -119.660700, 49.640000 
53.066800, -116.058300, 37.152000 
52.819800, -115.630500, 56.748000 
52.818900, -115.629100, 56.720000 
53.166800, -111.525500, 34.643000 
54.404000, -118.882700, 82.301000 
53.299600, -115.223500, 33.598000 
53.065200, -116.103000, 29.819000 
53.519000, -118.083400, 23.997000 
53.851700, -117.914700, 74.311000 
53.259700, -117.539100, 25.061000 
53.116000, -116.202000, 43.732000 
53.913800, -115.868900, 25.830000 
54.786900, -119.383000, 31.049000 
54.976900, -119.889800, 36.558000 
50.362800, -112.922600, 26.196000 
52.983400, -111.319100, 26.973000 
54.146800, -116.685600, 23.932000 
50.348300, -112.905400, 21.393000 
54.715300, -119.505100, 44.541000 
54.712300, -119.655600, 31.049000 
53.085700, -116.114600, 24.411000 
52.909400, -115.830100, 20.913000 
52.736100, -115.733200, 31.990000 
53.958100, -116.372100, 24.344000 
51.701400, -112.878200, 23.731000 
52.954900, -115.013400, 21.197000 
52.400900, -114.406300, 21.307000 
53.115800, -111.586300, 29.064000 
54.120200, -115.796100, 22.315000 
50.233800, -113.660500, 54.358000 
52.535700, -114.546400, 33.950000 
54.643700, -119.376800, 52.465000 
52.840800, -115.731300, 20.913000 
54.803700, -118.976400, 59.454000 
53.815700, -115.937100, 24.638000 
54.833700, -119.425700, 99.049000 
52.298900, -113.004200, 74.673000 
52.342200, -112.764800, 171.451000 
50.395500, -112.521600, 57.894000 
52.674300, -113.985300, 150.348000 
53.272400, -110.593500, 21.885000 
51.912900, -113.627900, 49.671000 
52.366300, -114.963500, 104.937000 
55.527900, -110.873800, 217.840000 
55.596900, -119.346000, 27.554000 
51.495900, -114.210200, 48.755000 
54.226800, -118.628100, 79.804000 
52.494100, -113.324500, 27.686000 
52.613600, -114.451100, 43.108000 
51.156200, -113.095000, 30.428000 
55.148500, -110.723000, 48.529000 
55.787200, -119.623500, 75.098000 
51.348700, -113.658600, 35.720000 
51.188900, -113.031200, 30.412000 
51.057000, -113.703900, 55.968000 
49.398800, -112.696800, 33.216000 
51.348700, -113.031900, 61.321000 
52.678700, -114.536800, 38.980000 
51.249400, -112.917100, 35.410000 
51.396700, -113.016600, 24.649000 
51.308800, -113.341700, 33.337000 
55.543100, -118.940900, 34.124000 
51.225300, -112.769400, 22.252000 
52.621400, -113.684400, 58.452000 
52.053800, -113.251900, 23.172000 
55.692200, -119.529200, 82.650000 
50.308300, -111.978500, 25.521000 
52.372100, -115.060000, 43.192000 
52.657700, -113.276600, 23.148000 
52.881600, -116.162400, 55.264000 
54.416100, -118.286600, 58.182000 
51.967200, -114.757000, 77.887000 
56.415500, -116.896700, 35.662000 
55.666400, -110.714000, 27.204000 
52.777600, -110.873200, 20.435000 
54.131600, -113.159260, 74.403000 
51.190100, -113.966500, 22.175000 
51.174300, -113.967100, 21.630000 
51.105200, -113.810000, 43.222000 
56.411700, -110.937600, 1094.423000 
51.304900, -111.209400, 35.992000 
54.856700, -119.333400, 20.855000 
53.623400, -116.858600, 28.170000 
53.019700, -112.193800, 240.141000 
55.225800, -115.084900, 20.177000 
55.227500, -115.057800, 23.264000 
55.233400, -115.069700, 91.450000 
51.786500, -113.399100, 191.510000 
55.234400, -115.069100, 107.450000 
52.112000, -112.984200, 43.390000 
53.280400, -114.773900, 38.380000 
52.013800, -110.150800, 126.962000 
53.280300, -114.773800, 49.419000 
53.193900, -115.291900, 122.396000 
57.884300, -118.604400, 177.988000 
56.150000, -116.027700, 20.376000 
53.054200, -114.935400, 251.239000 
52.368600, -115.162000, 89.640000 
55.775800, -119.122000, 41.207000 
56.285900, -116.153100, 62.620000 
53.026800, -116.009000, 49.080000 
53.572400, -113.013900, 56.313000 
50.741200, -112.189000, 87.542000 
51.764600, -110.147600, 37.599000 
52.862900, -110.988100, 27.585000 
51.970400, -114.303000, 41.699000 
57.187100, -117.994000, 202.327000 
52.697300, -111.200700, 131.834000 
52.047700, -113.673500, 296.278000 
53.026800, -114.766900, 129.872000 
56.375700, -116.230000, 56.494000 
57.666100, -119.185500, 232.020000 
54.590500, -115.856500, 39.805000 
52.594100, -114.879300, 408.900000 
51.898100, -113.567200, 318.626000 
50.697900, -112.789000, 62.469000 
50.235000, -110.391000, 102.824000 
51.815000, -114.931700, 24.136000 
54.198900, -119.052900, 258.561000 
52.591600, -115.347500, 80.578000 
52.734600, -115.560300, 66.653000 
56.173100, -116.199000, 134.024000 
54.323000, -110.250000, 49.915000 
51.118200, -114.555800, 23.200000 
54.656560, -119.915230, 98.932000 
50.155000, -110.665200, 91.893000 
52.047700, -112.638200, 23.349000 
52.022000, -112.631300, 26.963000 
51.956400, -112.754100, 48.386000 
52.801600, -116.463200, 109.334000 
55.350200, -119.327600, 98.025000 
52.969000, -116.688400, 94.099000 
52.436100, -112.234300, 30.923000 
54.441400, -116.121600, 46.974000 
53.221400, -111.531600, 33.083000 
54.247600, -114.958600, 78.154000 
53.579500, -116.138000, 126.868000 
53.176000, -115.272300, 110.412000 
56.274500, -119.553300, 9.190000 
56.510100, -119.434500, 12.000000 
55.662600, -111.257700, 55.304000 
53.184300, -115.488000, 49.931000 
52.180400, -114.636500, 65.808000 
57.486000, -113.793600, 24.940000 
56.039100, -114.139200, 74.575000 
53.975700, -117.287500, 267.492000 
53.862200, -111.637100, 177.943000 
55.397800, -119.592300, 92.091000 
54.419600, -117.293100, 158.731000 
53.997500, -117.349600, 23.997000 
55.997100, -113.473700, 161.810000 
53.786900, -114.532300, 33.861000 
54.190500, -116.891700, 21.820000 
51.691300, -114.477100, 81.694000 
55.608800, -118.003600, 79.167000 
55.640500, -117.119300, 730.324000 
53.791200, -114.612900, 25.012000 
55.201800, -117.914900, 131.957000 
54.074200, -116.568300, 20.452000 
55.848200, -111.961800, 44.051000 
52.884000, -111.721700, 65.797000 
51.718700, -111.472200, 25.460000 
52.483800, -114.282200, 36.501000 
53.085100, -114.693300, 21.740000 
53.391700, -115.151300, 29.326000 
52.257500, -113.162600, 22.007000 
52.299900, -113.046100, 33.579000 
52.144900, -113.180500, 47.585000 
57.208200, -118.803100, 56.813000 
57.197200, -118.794400, 68.839000 
57.197200, -118.822400, 43.708000 
57.182800, -118.835900, 32.781000 
57.175400, -118.822400, 43.708000 
56.306500, -116.844200, 22.052000 
56.281000, -116.844200, 21.515000 
53.169700, -115.111700, 58.321000 
52.765200, -112.679800, 27.078000 
53.190400, -115.223500, 126.704000 
55.335100, -118.482400, 182.055000 
56.040100, -119.296100, 34.833000 
55.923900, -119.976500, 47.091000 
55.753300, -119.679800, 37.673000 
49.410600, -110.620600, 20.568000 
57.357200, -119.466900, 80.219000 
52.608600, -114.724200, 161.288000 
54.030800, -116.659500, 36.029000 
54.221400, -117.108800, 20.487000 
51.979900, -114.212900, 26.987000 
51.854600, -113.119900, 40.072000 
55.069400, -113.313900, 24.595000 
53.499200, -116.805300, 189.324000 
53.920600, -110.608600, 24.747000 
51.300300, -112.042900, 90.503000 
53.808400, -110.960000, 20.171000 
55.683100, -119.514900, 66.670000 
51.609300, -112.622800, 26.021000 
51.667500, -110.173600, 26.834000 
55.689300, -119.605400, 47.580000 
54.916300, -110.619700, 30.109000 
51.977700, -112.370800, 29.186000 
53.825900, -111.400300, 32.510000 
54.612700, -118.213800, 328.496000 
55.704000, -119.301500, 60.630000 
55.645600, -119.436200, 49.320000 
53.870700, -111.379700, 58.240000 
54.916000, -111.930200, 21.584000 
55.543200, -119.024800, 27.998000 
54.234200, -111.691400, 51.741000 
55.509000, -118.981800, 28.987000 
57.087200, -112.899500, 392.668000 
54.760400, -113.959500, 103.220000 
55.647300, -119.541400, 326.050000 
55.211900, -111.676500, 26.570000 
55.721300, -119.399900, 74.783000 
55.308100, -119.526700, 52.000000 
50.399100, -113.681500, 68.784000 
50.315400, -113.658600, 24.212000 
50.289900, -113.394900, 31.808000 
49.696800, -114.201400, 44.019000 
50.876100, -113.686900, 23.811000 
50.235500, -113.100200, 34.222000 
56.113500, -111.829300, 108.432000 
51.650800, -113.008000, 30.406000 
53.048700, -115.077200, 43.571000 
52.042900, -113.579100, 62.051000 
54.676700, -119.574000, 31.019000 
52.758000, -114.107400, 89.768000 
53.107500, -116.763500, 137.410000 
52.670700, -111.954000, 22.291000 
54.242700, -116.793600, 33.758000 
51.984700, -113.311200, 31.025000 
53.075900, -111.488800, 25.192000 
54.140900, -116.995900, 60.363000 
53.106500, -111.564300, 25.507000 
50.402900, -112.727800, 20.253000 
51.552300, -112.768100, 24.442000 
53.734800, -118.391200, 189.026000 
54.986500, -119.647300, 20.681000 
53.166800, -111.659400, 25.507000 
51.959900, -113.562700, 31.028000 
52.950900, -115.104400, 44.455000 
53.212300, -116.990500, 102.496000 
54.712200, -119.655400, 31.049000 
53.153000, -116.286100, 44.247000 
53.239800, -116.530500, 24.151000 
54.652600, -119.451300, 20.917000 
54.054300, -117.165300, 22.500000 
54.856100, -119.688000, 20.663000 
54.856600, -119.610300, 41.262000 
54.029500, -117.010300, 30.406000 
54.724800, -119.092900, 32.097000 
52.983900, -115.025700, 71.692000 
51.687800, -112.990000, 23.699000 
50.028400, -113.624100, 28.433000 
55.286400, -119.178100, 46.882000 
54.771500, -119.694900, 31.049000 
54.699800, -119.048100, 20.663000 
52.954300, -115.926600, 26.537000 
53.056000, -116.113000, 23.913000 
54.033000, -117.758100, 22.718000 
54.743500, -119.048100, 76.362000 
51.934500, -113.332500, 60.812000 
52.811100, -114.348600, 41.522000 
52.390400, -114.376400, 28.723000 
53.450100, -116.033600, 95.724000 
51.879900, -113.362300, 60.812000 
54.674300, -119.438800, 31.066000 
52.530400, -112.910800, 48.118000 
52.399400, -112.868800, 74.131000 
52.399400, -112.964700, 47.733000 
52.490300, -112.964700, 22.001000 
52.754200, -113.127400, 47.644000 
50.442800, -111.519600, 44.128000 
53.492100, -116.191400, 56.745000 
53.827700, -116.388000, 41.076000 
53.608500, -115.435600, 58.699000 
54.946700, -119.715200, 34.749000 
53.870200, -116.828800, 28.068000 
52.568700, -114.796200, 57.918000 
54.417200, -119.582200, 62.508000 
52.441300, -115.281800, 31.350000 
54.061900, -117.748000, 28.680000 
52.261800, -113.086100, 22.597000 
51.999300, -112.603300, 29.304000 
49.964300, -112.706200, 32.544000 
55.814200, -119.679600, 27.366000 
54.302500, -118.644200, 37.368000 
56.177100, -113.058200, 54.155000 
55.073200, -111.222700, 30.261000 
49.951400, -112.708700, 24.602000 
51.116100, -112.414900, 32.058000 
57.764800, -115.823800, 29.174000 
50.956000, -112.786900, 23.434000 
52.017400, -113.424300, 21.321000 
50.445300, -112.120700, 25.090000 
53.273000, -116.983900, 34.645000 
54.055900, -118.306700, 29.682000 
54.886000, -110.466200, 42.849000 
58.246000, -117.744600, 29.174000 
51.045600, -113.288500, 74.760000 
54.975300, -110.354200, 31.531000 
55.413500, -119.835200, 37.401000 
54.321300, -118.615500, 90.187000 
52.739700, -115.715000, 25.080000 
54.266700, -118.734300, 90.187000 
53.436500, -115.989600, 26.968000 
51.650800, -112.701000, 30.395000 
51.805300, -112.905600, 62.354000 
50.080900, -110.043100, 23.090000 
50.083600, -110.630900, 54.336000 
51.763500, -111.644000, 71.219000 
54.830600, -119.662600, 76.362000 
53.179600, -115.272300, 30.490000 
50.898800, -110.483500, 22.890000 
53.924800, -117.299600, 20.590000 
55.919100, -116.804900, 133.153000 
56.067200, -116.946400, 84.263000 
55.699700, -118.129900, 24.044000 
56.438300, -118.142300, 28.920000 
56.063500, -118.088400, 65.395000 
56.048900, -117.775900, 25.364000 
55.634100, -118.016400, 23.495000 
55.767400, -117.517800, 37.294000 
53.704600, -114.639600, 22.104000 
53.697300, -114.658500, 35.109000 
55.769100, -117.029600, 23.824000 
55.940800, -117.224900, 53.240000 
55.562400, -117.052700, 199.706000 
55.751100, -117.145700, 74.831000 
55.346900, -114.030900, 40.790000 
52.437300, -113.837800, 25.362000 
53.081400, -115.570800, 108.449000 
52.149900, -115.325500, 50.600000 
54.148900, -113.988200, 27.600000 
55.281300, -114.425500, 35.100000 
58.439800, -119.154600, 55.300000 
50.861800, -114.767700, 36.100000 
55.748500, -112.560200, 41.779000 
52.659600, -114.694100, 21.913000 
53.713400, -110.746600, 376.868000 
52.968900, -115.872200, 21.060000 
53.044900, -115.985100, 213.210000 
53.742800, -116.692400, 42.871000 
53.241400, -113.838700, 122.698000 
53.330700, -113.719400, 28.201000 
54.110600, -116.621100, 35.352000 
52.222600, -114.516300, 23.280000 
51.538100, -111.472900, 47.057000 
51.468700, -112.533400, 48.047000 
52.170200, -114.248100, 35.369000 
52.732500, -115.225500, 99.594000 
51.392400, -113.811200, 20.217000 
51.592700, -110.752000, 54.991000 
51.607100, -110.283200, 39.217000 
51.363400, -110.283200, 36.027000 
51.334300, -110.670100, 163.482000 
53.653100, -116.834200, 20.060000 
56.615200, -112.846300, 26.682000 
56.833400, -113.105600, 70.341000 
55.848100, -111.359400, 60.495000 
54.390500, -118.640500, 79.584000 
52.144900, -113.460100, 33.650000 
53.935700, -116.042300, 80.340000 
54.274200, -115.673200, 55.670000 
51.858700, -114.990600, 80.160000 
51.669000, -113.208600, 27.510000 
51.814500, -113.456700, 25.210000 
52.137500, -113.150800, 30.930000 
49.579700, -112.736500, 19.450000 
53.557900, -115.091600, 24.202000 
52.397600, -114.352400, 24.157000 
53.392300, -115.310200, 27.569000 
55.270500, -114.607600, 22.252000 
52.697100, -111.200600, 42.289000 
50.247000, -110.356700, 36.127000 
54.830600, -118.810700, 26.417000 
54.834200, -118.639200, 63.320000 
54.834200, -118.639200, 422.403000 
55.008800, -118.639200, 92.076000 
54.796800, -113.714000, 3.000000 
54.541100, -118.179200, 77.665000 
54.439400, -118.250400, 143.738000 
54.241500, -117.291600, 99.971000 
53.957500, -117.076600, 220.541000 
53.855600, -116.983600, 405.511000 
53.647500, -113.622100, 122.455000 
53.499300, -117.155100, 28.777000 
54.154200, -117.222800, 30.707000 
55.859800, -119.850000, 25.526000 
53.706600, -117.241000, 94.725000 
55.103300, -118.378400, 33.559000 
55.670500, -119.619500, 28.925000 
53.943100, -118.746600, 20.870000 
49.499600, -111.012000, 31.547000 
54.128600, -114.655000, 30.867000 
52.707000, -115.443100, 211.450000 
53.728000, -114.630900, 57.648000 
55.247600, -114.491700, 109.710000 
54.346700, -114.898500, 38.799000 
54.248500, -114.730000, 79.550000 
54.445200, -117.684800, 79.675000 
51.074900, -114.138700, 37.300000 
49.070100, -111.433600, 50.290000 
54.291300, -117.111900, 29.930000 
57.286600, -111.599500, 162.402000 
55.666900, -119.147700, 23.822000 
53.874500, -113.691300, 24.506000 
53.785591, -110.559210, 26.007000 
53.440800, -111.001100, 26.908000 
53.193200, -110.862900, 22.116000 
54.670697, -119.218295, 29.575000 
