53.288500, -110.018300, 0.025000 
53.048100, -113.921000, 3.080000 
50.747700, -114.494700, 0.414000 
54.952700, -119.195300, 0.488000 
54.572300, -115.522900, 0.034000 
54.596400, -110.395000, 0.725000 
50.647500, -113.772000, 0.025000 
54.194400, -116.632200, 1.800000 
53.245000, -115.674300, 0.292000 
53.746900, -113.164500, 0.245000 
51.742300, -114.134500, 1.053000 
52.959300, -115.893800, 1.435000 
52.776100, -115.660700, 0.241000 
52.758100, -114.111600, 0.276000 
52.226300, -115.177000, 0.799000 
51.534800, -114.203700, 0.299000 
49.720100, -112.781900, 30.790000 
53.559200, -113.388800, 0.082000 
55.725100, -119.399900, 0.355000 
52.308300, -113.550000, 0.598000 
51.191300, -113.940900, 2.115000 
49.305200, -114.000300, 1.690000 
51.965500, -114.753600, 2.055000 
56.380600, -116.795000, 0.310000 
53.652000, -116.099200, 3.523000 
54.423300, -117.760400, 0.649000 
57.003300, -111.466100, 2651.608000 
57.040500, -111.619200, 471.076000 
50.982200, -113.974200, 0.012000 
53.570000, -113.611400, 0.021000 
51.570800, -114.851700, 0.358000 
53.795900, -113.099600, 7.276000 
53.804200, -113.082400, 0.052000 
50.983000, -113.988400, 17.793000 
53.559400, -113.597500, 2.769000 
53.541700, -113.391700, 12.634000 
53.181200, -115.762500, 0.020000 
51.219500, -114.645400, 0.865000 
54.833300, -118.646700, 0.525000 
54.524700, -116.794300, 1.343000 
52.553700, -111.694000, 0.013000 
53.550500, -113.358900, 20.467830 
58.555500, -118.915900, 0.285000 
51.526000, -113.880000, 1.379000 
51.696900, -114.475000, 0.237000 
53.531993, -113.364925, 0.111000 
53.022700, -112.811400, 37.800000 
54.772900, -110.579000, 0.812000 
54.185400, -116.210400, 1.486000 
51.400100, -114.034300, 0.769000 
54.427200, -116.884300, 2.046000 
53.132300, -115.981700, 0.646000 
52.035300, -115.137700, 0.059000 
54.510900, -115.511700, 0.273000 
53.340200, -113.538100, 0.128000 
55.481900, -119.059200, 0.009000 
51.078650, -114.017660, 0.579000 
55.041500, -119.631000, 0.189000 
51.005290, -114.058570, 3.500000 
49.628100, -114.571900, 0.049000 
57.546300, -119.112600, 0.494000 
53.250200, -115.555500, 0.301000 
55.489100, -119.750800, 0.007000 
53.557500, -116.547200, 0.127000 
59.063100, -118.875700, 0.028000 
53.817200, -113.133600, 0.026000 
53.498700, -113.383100, 0.023000 
51.000700, -113.965670, 0.993000 
53.950900, -113.088100, 0.002000 
53.670500, -115.762200, 0.013000 
53.616600, -115.711100, 0.041000 
53.170200, -114.975000, 0.005000 
50.543800, -111.795000, 0.003000 
53.902300, -115.189300, 0.724000 
52.228400, -114.397700, 0.375000 
52.674300, -111.311600, 0.871000 
53.286400, -110.017800, 0.011000 
52.656700, -111.311900, 0.017000 
54.420500, -110.213100, 0.003000 
55.069600, -110.536100, 0.204000 
53.373100, -116.086000, 0.090000 
57.351700, -111.522200, 2.562000 
50.959200, -113.981200, 0.322000 
53.527200, -113.354800, 0.516000 
50.967800, -113.969900, 0.009000 
53.544400, -113.366200, 0.061000 
56.981400, -111.475800, 0.104000 
53.543100, -117.797900, 0.065000 
50.963600, -113.976680, 1.203000 
53.530040, -113.402010, 1.235000 
53.282300, -113.542000, 0.004000 
57.590100, -117.531700, 1.022000 
53.159500, -114.902800, 0.190000 
53.574200, -116.646900, 3.138000 
53.388600, -115.315800, 0.103000 
50.653300, -111.166100, 0.067000 
56.215000, -110.968100, 0.055000 
59.641800, -118.307800, 0.241000 
53.499900, -113.418000, 0.280000 
52.292200, -113.816900, 0.489000 
49.449200, -111.616700, 0.028000 
49.372800, -110.672500, 0.001000 
52.370000, -114.375800, 0.001000 
52.696100, -114.863800, 0.007000 
57.217500, -110.895000, 3.295000 
53.288900, -110.012000, 5.190000 
52.309150, -113.809970, 0.027000 
53.596200, -113.332100, 3.472000 
53.579500, -113.316800, 0.003000 
53.566800, -113.365000, 0.209000 
52.639900, -111.273500, 0.196000 
54.285000, -115.698200, 0.780000 
52.380000, -114.140000, 1.308000 
53.307000, -110.019000, 6.300000 
55.175000, -118.785400, 0.105000 
53.301700, -110.012600, 0.089000 
53.504100, -113.373300, 0.012000 
55.527900, -110.873800, 0.048000 
53.070400, -114.205900, 0.001000 
56.411700, -110.937600, 0.133000 
52.298600, -114.201500, 0.227000 
53.542800, -113.361400, 0.007000 
