52.146300, -115.330000, 221.300000 
50.747700, -114.494700, 95.140000 
54.194400, -116.632200, 78.470000 
53.746900, -113.164500, 10.031000 
51.742300, -114.134500, 18.550000 
52.776100, -115.660700, 64.130000 
52.758100, -114.111600, 7.405000 
52.226300, -115.177000, 29.990000 
51.534800, -114.203700, 18.482000 
55.725100, -119.399900, 11.101000 
51.191300, -113.940900, 26.149000 
53.733200, -113.486200, 0.218000 
49.305200, -114.000300, 28.400000 
51.039600, -114.559000, 111.500000 
51.965500, -114.753600, 267.546000 
57.003300, -111.466100, 44.216000 
57.040500, -111.619200, 70.662000 
51.570800, -114.851700, 67.170000 
53.181200, -115.762500, 18.132000 
51.219500, -114.645400, 31.780000 
53.204500, -116.811200, 128.015000 
53.550500, -113.358900, 11.202000 
51.526000, -113.880000, 17.847000 
54.185400, -116.210400, 119.850000 
54.427200, -116.884300, 76.900000 
53.132300, -115.981700, 112.763000 
57.546300, -119.112600, 1.534000 
53.557500, -116.547200, 18.733000 
52.327100, -112.718300, 17.364000 
