53.582300, -113.588600, 0.633000 
53.571700, -113.349800, 8.043000 
53.652000, -116.099200, 2.280000 
54.423300, -117.760400, 2.805000 
57.003300, -111.466100, 7.975000 
50.982200, -113.974200, 0.001000 
53.227700, -114.988900, 0.600000 
53.593060, -116.390300, 84.100000 
53.804200, -113.082400, 1.233000 
50.845800, -113.586700, 3.160000 
50.086600, -110.716700, 7.290000 
51.400100, -114.034300, 4.569000 
54.238200, -115.379700, 56.800000 
55.029800, -118.744000, 66.221000 
51.002000, -113.988200, 0.002000 
53.501040, -113.489732, 14.232000 
53.737500, -113.149000, 0.034000 
52.942400, -113.511100, 0.185000 
53.745100, -113.235600, 0.874000 
56.113500, -111.829300, 1.541000 
