55.996700, -118.533600, 61.733000 
53.539700, -113.409200, 350.000000 
56.377200, -117.175600, 1054.666000 
53.833100, -113.108900, 15.040000 
53.344000, -114.305000, 3153.120000 
53.733200, -113.175000, 1126.871000 
53.288500, -110.018300, 62.367000 
52.146300, -115.330000, 190.400000 
53.048100, -113.921000, 70.369000 
50.747700, -114.494700, 795.056000 
54.952700, -119.195300, 117.207000 
53.421300, -113.904400, 162.543000 
53.952700, -113.078000, 283.055000 
54.572300, -115.522900, 73.369000 
54.596400, -110.395000, 2489.353000 
55.335900, -119.223000, 28.644000 
50.647500, -113.772000, 29.773000 
54.194400, -116.632200, 244.780000 
53.245000, -115.674300, 16.440000 
53.746900, -113.164500, 27.810000 
53.718500, -113.183000, 0.043000 
54.144400, -115.691700, 31.000000 
49.789400, -112.126100, 337.849000 
54.179100, -115.806000, 20.520000 
52.564700, -112.141400, 586.227000 
51.531700, -111.786100, 701.620000 
54.007100, -119.104000, 109.156000 
51.742300, -114.134500, 67.464000 
52.496000, -114.988000, 63.796000 
50.675600, -110.025000, 19.008000 
53.529100, -113.387500, 569.789000 
53.571700, -113.349800, 79.615000 
52.959300, -115.893800, 105.560000 
52.463000, -114.346500, 70.220000 
51.637200, -112.866000, 300.313000 
52.776100, -115.660700, 49.630000 
52.758100, -114.111600, 650.570000 
52.226300, -115.177000, 183.370000 
51.534800, -114.203700, 188.239000 
58.500000, -119.416700, 73.070000 
53.559200, -113.388800, 0.246000 
52.940400, -114.832300, 153.609000 
55.725100, -119.399900, 315.726000 
52.308300, -113.550000, 558.228000 
49.713599, -112.796397, 14.684000 
51.191300, -113.940900, 444.637000 
53.733200, -113.486200, 5.530000 
49.305200, -114.000300, 138.200000 
51.039600, -114.559000, 245.000000 
51.965500, -114.753600, 148.736000 
56.380600, -116.795000, 175.123000 
53.722900, -113.174000, 1.500000 
53.721700, -113.191700, 169.629000 
53.841600, -113.097900, 941.130000 
53.652000, -116.099200, 60.245000 
54.423300, -117.760400, 124.492000 
57.003300, -111.466100, 3288.071000 
57.040500, -111.619200, 5578.810000 
53.560000, -114.486200, 368.315000 
53.508500, -114.557100, 2215.565000 
53.448700, -114.449100, 869.051000 
52.385800, -113.595000, 140.253000 
51.181625, -114.472100, 2.154000 
52.033030, -113.938910, 144.241000 
53.227700, -114.988900, 139.300000 
53.593060, -116.390300, 1140.400000 
51.570800, -114.851700, 35.795000 
55.071200, -118.691200, 707.606000 
53.795900, -113.099600, 505.324000 
53.804200, -113.082400, 231.000000 
53.413300, -117.570600, 876.072000 
50.845800, -113.586700, 633.000000 
53.541700, -113.391700, 1841.503000 
53.181200, -115.762500, 318.542000 
51.219500, -114.645400, 531.024000 
50.805300, -110.034900, 472.260000 
54.833300, -118.646700, 114.403000 
54.524700, -116.794300, 780.069000 
52.553700, -111.694000, 46.584000 
54.130900, -115.546700, 87.121000 
53.204500, -116.811200, 130.879000 
50.086600, -110.716700, 700.064000 
53.550500, -113.358900, 1605.292000 
51.526000, -113.880000, 357.338000 
51.696900, -114.475000, 301.979000 
55.248100, -114.514000, 1003.230000 
53.531993, -113.364925, 117.730000 
54.772900, -110.579000, 2057.092000 
54.185400, -116.210400, 187.620000 
51.400100, -114.034300, 202.167000 
53.757500, -113.149900, 47.856000 
51.984500, -114.743800, 29.829000 
54.427200, -116.884300, 185.740000 
53.132300, -115.981700, 43.210000 
55.913200, -115.150400, 26.062000 
52.035300, -115.137700, 212.671000 
54.510900, -115.511700, 184.891000 
50.061200, -110.723000, 27.840000 
55.481900, -119.059200, 44.921000 
51.789600, -114.702800, 131.702000 
54.238200, -115.379700, 19.700000 
53.725400, -113.193000, 391.100000 
55.029800, -118.744000, 354.190000 
55.041500, -119.631000, 614.410000 
55.273300, -114.599700, 27.184000 
49.628100, -114.571900, 43.381000 
57.546300, -119.112600, 151.640000 
55.040000, -115.475800, 233.088000 
50.597600, -111.881800, 3.450000 
50.583700, -113.871100, 48.042000 
53.250200, -115.555500, 95.789000 
55.489100, -119.750800, 237.279000 
53.581600, -113.599100, 1330.127000 
55.876700, -119.301100, 210.770000 
51.222500, -114.495600, 211.597000 
53.557500, -116.547200, 155.459000 
59.063100, -118.875700, 153.485000 
53.817200, -113.133600, 43.855000 
51.058900, -115.174500, 477.000000 
52.327100, -112.718300, 264.810000 
56.904200, -117.633600, 1628.710000 
53.670500, -115.762200, 360.002000 
53.723500, -113.173800, 93.917000 
53.908300, -118.816700, 1015.000000 
50.058200, -110.728200, 31.058000 
54.133300, -115.366600, 141.382000 
52.827500, -110.859600, 0.263000 
53.099900, -115.316800, 247.800000 
55.074200, -117.274200, 59.280000 
54.394900, -116.809000, 1711.900000 
58.194700, -116.350400, 2107.467000 
55.199400, -116.221900, 369.149000 
55.993500, -113.480500, 354.944000 
53.576900, -113.570600, 34.630000 
49.729139, -112.781105, 26.144000 
53.799100, -113.080700, 61.975000 
58.518800, -117.119500, 7537.545000 
54.139800, -115.689100, 12.000000 
54.587200, -112.803100, 5.000000 
53.902300, -115.189300, 71.430000 
53.740700, -113.023100, 483.700000 
52.212400, -113.843700, 168.076000 
52.228400, -114.397700, 242.728000 
51.189400, -113.937800, 140.773000 
53.593600, -113.335600, 37.180000 
57.298900, -111.503300, 885.280000 
53.345800, -111.251900, 22.950000 
50.040920, -110.721904, 39.027000 
50.664700, -113.784200, 29.860000 
49.801900, -113.104700, 182.270000 
53.622800, -115.869400, 12.120000 
50.269600, -112.893800, 193.147000 
53.652200, -113.716400, 12.890000 
54.846700, -112.567500, 175.861000 
54.926900, -111.936100, 97.710000 
52.308300, -113.550000, 1833.531000 
58.447100, -119.238300, 65.849000 
53.402700, -117.599300, 129.301000 
50.577200, -111.178100, 192.689000 
56.981400, -111.462500, 3.971000 
52.869000, -115.101000, 48.827000 
50.671900, -110.028900, 52.867000 
52.904700, -115.324700, 25.407000 
55.582700, -110.888800, 127.388000 
53.091100, -111.768600, 639.030000 
55.069600, -110.536100, 589.094000 
53.373100, -116.086000, 314.612000 
51.006900, -113.192800, 44.996000 
57.351700, -111.522200, 151.025000 
51.028800, -114.044800, 24.615000 
53.519600, -113.529000, 129.770000 
51.024500, -114.025000, 28.800000 
50.847000, -113.591000, 66.400000 
53.819400, -113.141900, 41.046000 
54.043500, -117.420000, 96.394000 
49.975700, -114.130000, 82.702000 
52.058000, -114.908000, 50.703000 
57.879100, -118.418300, 20.103000 
54.829600, -118.647000, 81.058000 
54.402000, -112.553000, 32.338000 
51.099300, -112.639000, 66.646000 
53.960200, -116.460000, 36.228000 
54.483500, -118.100000, 26.781000 
57.188000, -118.248900, 32.229000 
55.450900, -113.923000, 22.282000 
50.697800, -111.531000, 60.791000 
50.704600, -110.844000, 26.656000 
51.943400, -114.736000, 107.053000 
50.693800, -114.330000, 60.987000 
52.355300, -115.332000, 36.182000 
52.755200, -110.747000, 34.524000 
53.244500, -116.238000, 103.110000 
51.130700, -114.009000, 28.560000 
51.015020, -114.026480, 25.358000 
53.862700, -110.639000, 19.000000 
52.479300, -115.206900, 21.638000 
53.431000, -117.540600, 6.913000 
53.010600, -112.810000, 18.253000 
52.255700, -113.886000, 12.487000 
53.645100, -114.130200, 6.919000 
51.407800, -113.668300, 46.144000 
50.963300, -112.288300, 48.139000 
50.701100, -111.095600, 50.038000 
54.293100, -116.188300, 133.433000 
53.826700, -113.603300, 60.023000 
53.039700, -111.220000, 53.552000 
55.866700, -119.596700, 39.725000 
53.559040, -113.693580, 68.579000 
53.565150, -113.364550, 34.422000 
51.168600, -114.210900, 44.623000 
50.991500, -114.030100, 51.363000 
51.065300, -115.221100, 512.024000 
53.501040, -113.489732, 104.858000 
55.969400, -117.575600, 27.575000 
50.187500, -110.476900, 29.246000 
53.601900, -111.628700, 679.693000 
53.152300, -111.076600, 28.307000 
52.843200, -111.722800, 219.512000 
53.607000, -112.592700, 141.038000 
53.537900, -111.785100, 289.321000 
53.635900, -112.019200, 251.953000 
55.931200, -112.047000, 107.542000 
54.687300, -111.944600, 62.589000 
54.658200, -111.622300, 85.717000 
51.209800, -110.161100, 132.258000 
52.308200, -114.096500, 128.951000 
52.322800, -114.020800, 44.152000 
51.649800, -110.187200, 138.294000 
52.926800, -111.889500, 21.867000 
52.923100, -111.882500, 28.522000 
51.770100, -111.422000, 92.948000 
51.791700, -111.536400, 176.490000 
52.555700, -111.805300, 361.940000 
52.402900, -111.844500, 30.662000 
56.036800, -113.782500, 195.399000 
52.402900, -111.736200, 177.613000 
55.644000, -114.659700, 633.939000 
55.513100, -113.475000, 113.144000 
55.858700, -113.841400, 38.318000 
54.897200, -117.708800, 253.565000 
54.218200, -110.712000, 34.117000 
54.101800, -114.292500, 185.290000 
55.225700, -114.493000, 104.135000 
55.247500, -116.641600, 130.967000 
54.359600, -116.152900, 129.955000 
54.229000, -110.348600, 28.769000 
54.432500, -110.306400, 28.684000 
54.210700, -110.241900, 48.066000 
54.243400, -110.762300, 20.642000 
54.025400, -110.681200, 49.797000 
54.056020, -110.357560, 22.594000 
54.113300, -110.564600, 45.967000 
54.221800, -110.584200, 181.469000 
54.479800, -110.332600, 47.196000 
53.277900, -110.034300, 57.997000 
53.883400, -110.041100, 291.296000 
53.821500, -110.035000, 20.756000 
50.471500, -111.606500, 62.185000 
50.227500, -113.548200, 195.471000 
50.937000, -113.292700, 49.696000 
50.904300, -113.308500, 89.586000 
52.908400, -112.435300, 64.691000 
53.155900, -112.326700, 453.098000 
53.072300, -112.400100, 39.675000 
52.366800, -112.136500, 43.112000 
54.298200, -112.824300, 65.805000 
56.091500, -111.817800, 28.416000 
55.991165, -112.032320, 87.798000 
55.869500, -112.001200, 50.781000 
55.873200, -112.145400, 86.922000 
55.978700, -112.217400, 21.044000 
55.978700, -112.354900, 20.245000 
52.923200, -115.107500, 204.137000 
52.779800, -113.629900, 96.279000 
52.774000, -113.520700, 57.627000 
52.719300, -113.617900, 35.426000 
52.857600, -113.320700, 45.217000 
53.345100, -114.743600, 93.522000 
52.872000, -113.629900, 48.550000 
52.868400, -113.666300, 66.972000 
52.104500, -113.077400, 140.324000 
52.592000, -113.967900, 68.434000 
52.322800, -114.020800, 170.669000 
52.373700, -114.076000, 111.453000 
58.568700, -119.201500, 75.724000 
54.138100, -111.908300, 149.096000 
53.890700, -117.354000, 207.590000 
55.396400, -119.599700, 85.245000 
53.766900, -112.203100, 25.704000 
50.129400, -111.908400, 61.969000 
55.720300, -119.406100, 424.030000 
54.494400, -115.957600, 73.101000 
53.927000, -114.376900, 21.232000 
54.650900, -114.528900, 33.095000 
54.338200, -114.060400, 51.686000 
53.952600, -112.390400, 57.419000 
54.545300, -112.670600, 13.264000 
54.530800, -112.920000, 23.144000 
55.116400, -116.712300, 34.140000 
52.544800, -110.713600, 92.442000 
58.943200, -118.916800, 82.276000 
59.165100, -118.725800, 11.856000 
59.005100, -119.033200, 84.565000 
59.095900, -118.576100, 7.434000 
57.364000, -119.763000, 28.841000 
57.382500, -119.778400, 8.723000 
52.632000, -112.945400, 13.553000 
52.746800, -112.988000, 25.901000 
52.588400, -113.161800, 46.830000 
52.144400, -115.535000, 52.927000 
52.180900, -112.647600, 192.428000 
52.549700, -112.579400, 99.580000 
51.893700, -114.400400, 159.218000 
52.480900, -114.870200, 152.436000 
52.395700, -115.188900, 40.903000 
52.199300, -114.564900, 59.694000 
52.544800, -114.641600, 137.039000 
52.319300, -111.477600, 176.217000 
52.235700, -111.788100, 113.818000 
52.220900, -111.937300, 107.142000 
51.955400, -111.845300, 54.043000 
51.977300, -111.173400, 21.578000 
52.446500, -111.272700, 20.793000 
52.515700, -113.173800, 523.739000 
52.450100, -113.167900, 10.994000 
49.871100, -112.913700, 72.885000 
52.512000, -112.999300, 47.296000 
52.366500, -113.191800, 32.929000 
52.515700, -113.366300, 25.411000 
52.104400, -110.695000, 235.675000 
52.028200, -110.564700, 22.972000 
51.977300, -110.486900, 32.734000 
52.264500, -110.570500, 78.833000 
50.737400, -112.084900, 23.954000 
54.162500, -112.841800, 107.968000 
50.704300, -111.155300, 345.821000 
50.518700, -111.910900, 40.606000 
50.838700, -111.520100, 189.698000 
50.977000, -111.683100, 92.395000 
50.922300, -111.391500, 76.491000 
51.300700, -112.042600, 49.518000 
57.299000, -118.228900, 105.678000 
52.166500, -113.256300, 142.568000 
54.796400, -117.658000, 45.617000 
52.286500, -114.123200, 82.751000 
54.785300, -117.658000, 477.530000 
52.457600, -114.419100, 90.777000 
55.494700, -119.289500, 51.417000 
54.290800, -116.918700, 87.170000 
51.488700, -113.153900, 393.348000 
50.675000, -110.049200, 12.383000 
53.416800, -113.917700, 73.674000 
53.941500, -113.664600, 31.945000 
55.305700, -115.046100, 17.103000 
53.179500, -111.779500, 11.700000 
57.189700, -119.054800, 38.290000 
53.821500, -113.490400, 73.616000 
56.964500, -117.007100, 204.391000 
56.957000, -115.350900, 28.584000 
52.479300, -110.936100, 24.828000 
56.058600, -118.161700, 20.594000 
53.861500, -114.756100, 27.819000 
51.959000, -110.767500, 37.742000 
55.714100, -118.830400, 55.774000 
50.987900, -111.741500, 29.181000 
56.727900, -116.305700, 20.375000 
51.413400, -111.766500, 22.715000 
50.220300, -112.444200, 30.077000 
51.911800, -114.512900, 29.777000 
52.068200, -114.546800, 41.296000 
51.919000, -114.394600, 41.587000 
51.897200, -115.040200, 40.704000 
51.948100, -115.081600, 26.388000 
52.093600, -115.143800, 21.679000 
52.090000, -115.161600, 23.239000 
52.064400, -115.131800, 24.902000 
51.828100, -114.980700, 29.065000 
53.912600, -116.745100, 32.126000 
54.207000, -117.169300, 29.574000 
57.338900, -119.657100, 176.000000 
57.193700, -118.199700, 33.821000 
57.502800, -118.745700, 37.617000 
57.393600, -118.555300, 22.411000 
57.338900, -118.460000, 41.748000 
55.352900, -110.627800, 173.842000 
55.396500, -110.737300, 138.397000 
55.691200, -111.275900, 486.952000 
54.436200, -111.205100, 44.296000 
55.694100, -113.599400, 20.435000 
55.509300, -114.146900, 26.354000 
55.585600, -117.891600, 120.815000 
54.607200, -119.332000, 30.495000 
54.720000, -119.110600, 68.159000 
54.829200, -119.668600, 43.423000 
52.544800, -114.545200, 157.172000 
52.184500, -114.737900, 36.083000 
53.103200, -115.363400, 34.737000 
53.159500, -114.205700, 96.523000 
52.814000, -114.786000, 146.652000 
52.923200, -115.156100, 43.058000 
52.140800, -115.060200, 34.768000 
52.708400, -115.428900, 37.856000 
53.101200, -114.761900, 56.658000 
54.099600, -117.535500, 23.428000 
53.610600, -117.695900, 83.204000 
53.625000, -117.782300, 142.368000 
54.450800, -117.228100, 115.339000 
53.909800, -115.787800, 33.342000 
53.828700, -115.943000, 110.343000 
53.326800, -116.168000, 108.022000 
49.616400, -112.472000, 41.410000 
49.958300, -113.556600, 35.724000 
53.076000, -111.299800, 42.596000 
53.035900, -111.403600, 43.613000 
53.777900, -115.974200, 29.004000 
53.777900, -115.769200, 38.477000 
54.130700, -115.765300, 41.749000 
54.887200, -119.828100, 83.294000 
55.010800, -119.865000, 37.295000 
56.011400, -119.759500, 20.403000 
57.480800, -119.160100, 150.131000 
55.979700, -119.426100, 49.180000 
57.399800, -119.513100, 22.733000 
57.418900, -119.561200, 22.735000 
57.560800, -119.521200, 56.549000 
51.065100, -114.130500, 35.776000 
51.180450, -113.937280, 46.108000 
52.703800, -114.572500, 42.770000 
52.064400, -114.271400, 65.676000 
52.999100, -112.971000, 21.254000 
54.130600, -119.218900, 95.330000 
54.439300, -119.655000, 23.955000 
54.459900, -119.717000, 105.125000 
52.013600, -112.986700, 24.004000 
55.069400, -113.313900, 36.773000 
53.499300, -116.805300, 83.410000 
56.917300, -112.960700, 50.384000 
50.718600, -111.322200, 46.650000 
54.152500, -111.588600, 191.656000 
57.004500, -113.188600, 205.998000 
57.485900, -113.793100, 34.588000 
51.449700, -111.571700, 31.379000 
54.257200, -112.373600, 27.356000 
54.855000, -118.521900, 25.237000 
54.447400, -117.523700, 27.900000 
56.135000, -113.028300, 33.169000 
56.891000, -112.671500, 47.971000 
56.134800, -113.201300, 280.386000 
55.597300, -111.770600, 25.310000 
55.684000, -115.094500, 96.647000 
55.121400, -114.159100, 28.244000 
53.997000, -111.569200, 55.084000 
54.130600, -115.231400, 20.575000 
54.612500, -118.214300, 122.156000 
53.215900, -116.497000, 48.637000 
54.102500, -112.310200, 20.350000 
55.631500, -112.189600, 61.770000 
55.949600, -110.624000, 21.811000 
50.567300, -111.213500, 58.896000 
53.418900, -110.297400, 20.180000 
53.868700, -110.202400, 22.276000 
52.155600, -113.529700, 45.284000 
52.797900, -112.371400, 20.347000 
53.770600, -117.601400, 45.084000 
55.968000, -113.369300, 21.840000 
56.069400, -119.648100, 22.463000 
55.125000, -111.690600, 21.780000 
53.583000, -116.842000, 198.675000 
54.803600, -110.347500, 20.199000 
55.152800, -112.974700, 25.855000 
56.199000, -110.675100, 27.385000 
50.047200, -113.556900, 22.189000 
55.823000, -110.792300, 32.866000 
50.511400, -111.289400, 27.958000 
56.622700, -119.946500, 105.176000 
50.191900, -111.301800, 22.342000 
53.714300, -110.747300, 111.762000 
54.410900, -112.260400, 32.965000 
51.460600, -112.652800, 96.760000 
51.468800, -112.609800, 22.930000 
51.468100, -112.688100, 21.823000 
54.156100, -112.008600, 39.647000 
54.206700, -116.766700, 19.190000 
54.159000, -116.757000, 21.030000 
51.315900, -113.428500, 30.724000 
52.202900, -112.677300, 40.711000 
52.613900, -112.805800, 23.154000 
52.544700, -112.902200, 35.301000 
51.691800, -112.224000, 26.051000 
51.225200, -113.612600, 21.938000 
54.896300, -118.487000, 55.707000 
55.993100, -119.771100, 131.967000 
55.265600, -114.601400, 37.489000 
54.037600, -116.698500, 59.038000 
53.388600, -115.315800, 43.540000 
55.698000, -118.137100, 33.424000 
50.973000, -113.852900, 52.684000 
50.544700, -113.991300, 41.668000 
50.758400, -113.665400, 22.818000 
50.006500, -114.146000, 24.265000 
50.635800, -113.633400, 20.869000 
50.609400, -113.706700, 65.563000 
50.496700, -113.403600, 77.307000 
50.397600, -113.925500, 152.817000 
50.677900, -113.715700, 44.235000 
56.556900, -119.363900, 28.964000 
53.706600, -115.976300, 172.364000 
53.655600, -115.933200, 77.343000 
52.598500, -114.400200, 50.153000 
50.521800, -113.913200, 30.561000 
50.653300, -111.166100, 32.230000 
50.576700, -112.630300, 120.559000 
52.926700, -113.998900, 35.620000 
51.024500, -111.642800, 112.795000 
51.552500, -111.490600, 217.279000 
51.176900, -112.055300, 68.167000 
51.915100, -113.373700, 88.807000 
52.358000, -114.324100, 60.101000 
52.091000, -112.761500, 25.920000 
51.637100, -112.865800, 279.967000 
51.552600, -111.632500, 91.046000 
52.743400, -114.113400, 83.142000 
52.337200, -115.123200, 20.383000 
51.493300, -111.201400, 107.185000 
52.851400, -114.046900, 74.057000 
51.137900, -111.577600, 58.315000 
52.010000, -113.601400, 30.293000 
50.656900, -112.607200, 67.590000 
55.781200, -114.307200, 128.571000 
52.265500, -114.517800, 65.464000 
52.707000, -114.137500, 47.043000 
53.825000, -115.556700, 240.176000 
53.216900, -116.358700, 35.222000 
55.245100, -119.689000, 49.685000 
55.519900, -119.349500, 43.310000 
53.967700, -110.122400, 28.281000 
52.260500, -113.816600, 131.416000 
52.366300, -114.963000, 187.716000 
55.651800, -111.084400, 65.400000 
56.930900, -115.252200, 118.195000 
55.883900, -117.462000, 36.684000 
49.729200, -114.427200, 83.192000 
55.800300, -117.813800, 52.024000 
55.145600, -114.118900, 29.408000 
55.640300, -118.502800, 64.095000 
55.917500, -119.835200, 30.658000 
56.281800, -119.166800, 36.156000 
53.884000, -110.206800, 33.042000 
54.348900, -119.463300, 29.155000 
55.769300, -118.567800, 20.225000 
55.429200, -113.618100, 25.482000 
54.033400, -117.756900, 176.663000 
54.965100, -119.306800, 36.968000 
56.091600, -111.039700, 80.629000 
52.140800, -112.157200, 29.704000 
56.347100, -119.190500, 54.985000 
55.895000, -118.317500, 42.772000 
50.165300, -110.666200, 25.178000 
51.495900, -114.210100, 148.752000 
50.202700, -110.661300, 44.865000 
50.336700, -110.135000, 36.567000 
50.294200, -110.593500, 24.688000 
50.191100, -110.259400, 26.291000 
53.337800, -111.243900, 56.406000 
53.967600, -112.269100, 30.280000 
55.862200, -119.589200, 27.040000 
56.098600, -119.288100, 107.150000 
55.945800, -119.805300, 119.070000 
55.943900, -119.923100, 61.630000 
52.268400, -113.351800, 236.423000 
50.918700, -112.967000, 47.025000 
50.955100, -112.697800, 43.820000 
50.995000, -112.801700, 129.167000 
50.965900, -113.030200, 44.981000 
51.037000, -113.196300, 41.281000 
51.013400, -112.907600, 43.820000 
51.115100, -112.960100, 50.592000 
51.122600, -113.164300, 26.203000 
51.217000, -113.977700, 105.377000 
51.279000, -113.065200, 29.372000 
51.006200, -113.176000, 54.726000 
51.020700, -112.948400, 132.267000 
50.278300, -111.468400, 176.670000 
50.289400, -112.007500, 136.920000 
50.296700, -111.566200, 29.681000 
50.274700, -111.847600, 47.134000 
50.238300, -111.939500, 31.423000 
50.438700, -111.284800, 548.617000 
50.413200, -111.755900, 21.952000 
50.485900, -111.451200, 134.788000 
50.485900, -112.014200, 26.588000 
50.536800, -112.031500, 35.568000 
50.656800, -111.410100, 89.030000 
50.671500, -111.695300, 249.609000 
50.998700, -112.464500, 52.876000 
51.126200, -112.359500, 244.857000 
51.304300, -112.653700, 120.557000 
51.275400, -112.906500, 65.675000 
51.402400, -112.918100, 120.353000 
51.042300, -112.254500, 26.650000 
51.060700, -112.412000, 37.254000 
51.147800, -112.621100, 29.692000 
51.129700, -114.767900, 81.491000 
51.151500, -112.703700, 29.548000 
51.177600, -112.785100, 24.241000 
51.322600, -112.542000, 86.810000 
51.307900, -112.712600, 34.918000 
51.322600, -112.918100, 44.263000 
51.319000, -112.965100, 32.300000 
51.406200, -112.347600, 50.289000 
51.377000, -113.041600, 33.299000 
51.424300, -112.994500, 33.299000 
51.420600, -113.052500, 33.299000 
50.675000, -111.762200, 243.458000 
50.802300, -111.902000, 209.991000 
50.795100, -112.017800, 264.683000 
50.893400, -112.174000, 195.533000 
50.842300, -112.463400, 99.038000 
50.915100, -112.451700, 833.161000 
50.627900, -111.965600, 114.085000 
50.635100, -112.237600, 32.494000 
50.700700, -112.110300, 57.025000 
50.707900, -112.353400, 74.634000 
50.711500, -112.394000, 309.267000 
50.755100, -111.786200, 29.966000 
50.809500, -111.693700, 67.944000 
50.867900, -111.936700, 126.040000 
50.860700, -112.035100, 75.479000 
50.859000, -112.255100, 20.973000 
50.864300, -112.353400, 106.305000 
50.835100, -112.538700, 22.100000 
50.977000, -112.242800, 102.757000 
50.929800, -112.458700, 26.721000 
50.889400, -113.406800, 217.168000 
51.264300, -113.205200, 29.597000 
51.380700, -113.229600, 91.195000 
51.402600, -113.247400, 247.802000 
50.984300, -113.444300, 37.457000 
51.075100, -113.409300, 115.982000 
51.078700, -113.537700, 31.446000 
51.177000, -113.438500, 57.214000 
51.239000, -113.164300, 20.243000 
51.264300, -113.403500, 55.577000 
51.359000, -113.352900, 64.601000 
50.103900, -112.700900, 54.916000 
49.030800, -111.052700, 42.877000 
49.038100, -111.158900, 42.558000 
49.205300, -111.037700, 293.072000 
49.300000, -110.806400, 36.016000 
49.358100, -111.375000, 22.927000 
49.758300, -110.479100, 115.577000 
55.520300, -119.315300, 21.229000 
57.840900, -117.867800, 24.539000 
57.931900, -117.835000, 293.342000 
58.164800, -117.427500, 20.018000 
58.081200, -117.635600, 300.285000 
58.248400, -117.455300, 24.061000 
57.808400, -118.093900, 157.557000 
58.030100, -118.399800, 35.486000 
56.222300, -112.706800, 88.379000 
54.883700, -110.418400, 22.511000 
54.854500, -111.802000, 46.882000 
54.949300, -110.622600, 225.408000 
54.970900, -110.750100, 37.767000 
55.047300, -110.577800, 597.285000 
55.102000, -110.507600, 20.547000 
55.294800, -110.795100, 219.257000 
57.266800, -114.892000, 49.975000 
57.251800, -112.498500, 38.622000 
57.240900, -112.620700, 33.598000 
57.542900, -112.226600, 27.845000 
51.409800, -113.094600, 56.365000 
50.740700, -112.324500, 84.836000 
52.708400, -114.446600, 57.749000 
52.759300, -114.161600, 36.529000 
52.777600, -114.234300, 26.090000 
52.807000, -114.258600, 100.219000 
52.912000, -114.064600, 124.506000 
52.846800, -114.179600, 24.153000 
50.096700, -111.110000, 39.909000 
50.165800, -110.841900, 40.684000 
50.165800, -111.052800, 123.050000 
50.187500, -111.052800, 33.965000 
50.187600, -111.167000, 80.931000 
50.223900, -110.761900, 913.325000 
50.223900, -110.899700, 157.722000 
50.224000, -110.037500, 457.433000 
50.398600, -110.503300, 292.805000 
50.573100, -111.177500, 337.680000 
50.700700, -110.478000, 392.280000 
50.700600, -110.772500, 226.781000 
55.363900, -119.760600, 22.008000 
55.443900, -119.522500, 21.379000 
55.378300, -119.760600, 53.138000 
55.472800, -119.127200, 202.824000 
52.574000, -115.393600, 85.061000 
52.701200, -115.392500, 25.949000 
52.766800, -115.362200, 20.953000 
56.095100, -113.448600, 1028.259000 
50.536900, -112.031500, 33.873000 
50.700700, -111.022200, 74.671000 
50.314700, -111.968400, 96.465000 
50.631500, -111.022200, 43.791000 
52.755700, -113.939100, 56.160000 
52.599300, -113.083800, 24.084000 
53.763400, -114.770000, 20.008000 
53.923400, -116.626800, 24.698000 
53.130400, -112.834300, 50.147000 
55.985800, -119.425600, 33.624000 
54.581700, -115.982900, 34.073000 
50.784300, -113.667400, 89.228000 
50.755100, -112.162300, 58.147000 
52.020900, -112.402800, 48.171000 
50.922300, -112.003700, 146.173000 
52.908400, -114.088800, 89.648000 
50.591500, -111.780300, 46.990000 
50.325800, -110.255600, 101.586000 
50.078300, -110.419700, 54.121000 
53.188700, -115.642200, 36.030000 
51.439000, -112.054500, 32.420000 
51.359000, -112.360100, 31.780000 
54.967500, -119.131600, 31.360000 
51.531300, -113.276300, 81.980000 
51.642600, -113.337700, 134.110000 
53.374300, -114.527900, 139.370000 
50.817000, -113.100200, 49.310000 
50.707900, -113.221600, 24.490000 
50.835100, -112.799000, 32.470000 
51.122600, -112.149500, 23.160000 
51.038600, -111.864000, 35.390000 
51.046200, -112.044500, 46.170000 
51.042300, -111.298100, 44.070000 
49.958300, -111.030000, 40.870000 
50.755100, -110.310200, 35.600000 
53.937900, -116.900400, 32.517000 
53.981500, -116.999800, 30.431000 
54.181800, -117.257000, 68.733000 
53.228700, -115.104400, 227.683000 
51.726200, -114.436000, 21.688000 
52.640400, -113.252100, 58.251000 
55.574700, -118.815800, 94.165000 
52.435700, -113.390400, 590.920000 
55.433300, -116.483200, 151.725000 
53.825100, -116.396900, 117.781000 
51.366200, -112.771200, 21.400000 
51.093400, -112.820100, 79.100000 
52.017300, -113.148800, 33.900000 
51.635400, -112.792600, 34.000000 
51.871800, -112.887600, 54.700000 
51.751800, -113.864600, 30.300000 
52.439300, -110.316400, 27.400000 
51.737300, -112.561700, 46.700000 
55.087300, -113.141000, 28.600000 
54.352600, -110.517800, 21.100000 
56.613100, -112.849000, 28.732000 
58.110400, -118.115600, 64.800000 
56.233200, -113.896400, 82.300000 
55.542000, -113.430800, 32.000000 
55.585700, -112.963500, 25.000000 
55.625700, -114.374200, 27.900000 
58.128400, -118.382100, 29.000000 
58.550400, -117.426700, 33.800000 
55.385700, -113.001600, 71.600000 
54.436100, -118.743800, 31.300000 
53.635900, -116.931800, 31.500000 
52.493600, -115.935000, 69.600000 
52.806700, -116.210000, 31.500000 
50.427600, -112.462300, 36.800000 
50.616800, -112.845300, 20.100000 
50.675000, -113.087500, 28.700000 
50.689500, -111.554800, 171.146000 
52.610400, -114.821800, 49.593000 
50.897000, -111.693700, 38.932000 
50.522300, -111.652300, 104.928000 
55.432900, -111.219800, 39.656000 
56.313200, -111.636200, 167.334000 
54.268900, -111.143600, 22.380000 
57.877200, -119.740900, 311.503000 
49.652800, -111.231900, 119.323000 
52.111800, -112.731200, 20.870000 
53.561500, -116.577900, 4304.978000 
50.707900, -110.813900, 29.717000 
50.299100, -112.185400, 22.897000 
53.392300, -115.316900, 76.030000 
53.392300, -115.310800, 47.080000 
52.042900, -114.588800, 101.140000 
52.543100, -114.280500, 21.800000 
53.213700, -114.714000, 80.560000 
53.026900, -114.766400, 40.209000 
52.759300, -115.531900, 106.100000 
50.693200, -113.672900, 73.141000 
51.388100, -110.772500, 101.940000 
51.209800, -113.141000, 43.920000 
52.362900, -113.534900, 97.000000 
50.627800, -111.287500, 19.140000 
53.727000, -115.607500, 21.210000 
52.130100, -110.116900, 25.090000 
52.130100, -110.099100, 22.920000 
56.276930, -119.875770, 78.550000 
54.963600, -117.670700, 44.444000 
50.889600, -113.406800, 43.423000 
52.966800, -111.131600, 39.143000 
53.032300, -111.293600, 32.249000 
50.165900, -110.089100, 169.615000 
52.559300, -115.213000, 24.619000 
57.106200, -112.252700, 69.000000 
56.833400, -113.112100, 40.519000 
57.200900, -112.905700, 128.202000 
55.996800, -110.822600, 29.046000 
59.641800, -118.307800, 99.994000 
51.813600, -112.454200, 44.082000 
54.418100, -116.362000, 29.808000 
52.337200, -114.195300, 26.153000 
54.792900, -115.521700, 43.490000 
54.458200, -115.641400, 19.600000 
58.081200, -117.828800, 45.458000 
53.090400, -115.245000, 212.801000 
53.254000, -114.437900, 128.415000 
53.181200, -114.486800, 99.640000 
59.601800, -117.409700, 54.758000 
54.844900, -115.332400, 42.115000 
53.428700, -115.125800, 29.295000 
52.650400, -115.080800, 36.011000 
53.173900, -114.884600, 133.140000 
57.851600, -119.158100, 26.779000 
50.271200, -110.376900, 169.938000 
50.307500, -110.502500, 255.253000 
50.362200, -110.509100, 97.402000 
50.282400, -110.468900, 168.173000 
50.507600, -110.325200, 47.654000 
50.453200, -110.204700, 47.667000 
50.318700, -111.261700, 147.920000 
50.340400, -111.302000, 116.446000 
50.267600, -111.330600, 117.441000 
53.134000, -115.678900, 33.307000 
53.148700, -115.746100, 33.207000 
52.541200, -115.170800, 143.717000 
52.439300, -115.044700, 72.737000 
52.461400, -114.346900, 309.103000 
52.570100, -114.533200, 93.878000 
53.064700, -116.436900, 52.041000 
53.039400, -116.406400, 215.148000 
53.163100, -117.017800, 243.311000 
53.021100, -116.363600, 23.779000 
51.377000, -114.814600, 29.817000 
52.806800, -114.640400, 70.173000 
57.042500, -111.905000, 227.772000 
51.806100, -114.998500, 69.483000 
51.773600, -114.874300, 29.535000 
49.874700, -112.387300, 23.257000 
53.752300, -117.099300, 305.920000 
56.131500, -115.962400, 31.793000 
50.311200, -110.296600, 29.141000 
50.758700, -111.641500, 21.230000 
50.583900, -113.302700, 26.090000 
53.225100, -114.034600, 34.004000 
50.736800, -113.325700, 39.158000 
55.603900, -119.347800, 25.490000 
52.843100, -115.604700, 33.607000 
50.296700, -112.433700, 24.623000 
50.013100, -112.393100, 41.829000 
50.002300, -112.873400, 20.096000 
52.774000, -114.501000, 11.200000 
52.766800, -114.489100, 46.400000 
52.730400, -114.525400, 1.410000 
49.088900, -112.414800, 1.060000 
53.239500, -111.532000, 0.340000 
53.225100, -111.550300, 0.507000 
52.206500, -113.465200, 0.292000 
49.467200, -110.779100, 0.279000 
52.774000, -112.914300, 32.930000 
54.385300, -118.624900, 55.421000 
54.760100, -113.815800, 112.000000 
54.672900, -114.212800, 1.000000 
54.654500, -114.092500, 1.000000 
54.763700, -113.938300, 1.000000 
58.368300, -118.990000, 103.209000 
58.255700, -119.187300, 40.076000 
50.889400, -114.761800, 666.400000 
49.229200, -114.029100, 27.760000 
49.488900, -113.955100, 45.616000 
52.088200, -115.689400, 132.686000 
51.135900, -114.144900, 22.590000 
51.599900, -115.356900, 258.952000 
51.635300, -115.139200, 73.744000 
53.305100, -114.878000, 1.203000 
52.584800, -112.500100, 26.873000 
52.621200, -112.211500, 14.714000 
53.279500, -111.587000, 21.377000 
53.195900, -111.911200, 21.042000 
53.363200, -111.879500, 215.091000 
53.499900, -113.418000, 1.891000 
55.640300, -119.627000, 100.657000 
53.734200, -118.395600, 249.896000 
52.711900, -116.338600, 25.277000 
53.941500, -116.720100, 26.147000 
52.697500, -116.320300, 26.801000 
53.712300, -116.148900, 48.970000 
53.621500, -116.087200, 46.858000 
52.766700, -116.393000, 382.454000 
54.476300, -119.173900, 72.430000 
54.485300, -118.778300, 187.779000 
54.359700, -119.138900, 147.399000 
56.120300, -119.497500, 49.141000 
56.095100, -118.758700, 105.083000 
55.458300, -119.573900, 67.997000 
54.461800, -111.780100, 22.426000 
53.854300, -117.391200, 274.664000 
55.789500, -112.281800, 101.745000 
56.051400, -119.589200, 60.796000 
55.378300, -118.499700, 72.099000 
56.440600, -119.775700, 43.344000 
55.800300, -118.225300, 73.466000 
55.411100, -118.885600, 112.022000 
55.749400, -119.562000, 23.700000 
54.359700, -118.756300, 269.861000 
54.265300, -116.342000, 210.774000 
54.119800, -116.273100, 290.656000 
54.221800, -116.197900, 36.567000 
53.923400, -116.775900, 65.950000 
53.799800, -116.092200, 211.567000 
54.079700, -118.342700, 96.955000 
53.607000, -116.537300, 35.898000 
54.178700, -117.328400, 1142.535000 
53.711900, -117.052500, 57.502000 
56.006700, -118.390800, 57.937000 
54.416100, -119.347500, 62.650000 
54.516700, -119.292000, 46.081000 
56.314400, -119.873400, 150.717000 
54.635300, -119.318300, 46.611000 
53.918400, -117.297000, 188.206000 
54.341400, -116.301500, 82.352000 
54.600800, -116.039000, 35.145000 
56.223300, -119.570800, 98.972000 
52.989300, -114.157900, 197.786000 
52.874300, -110.428000, 81.202000 
52.870700, -110.268900, 22.003000 
52.830300, -116.272200, 375.447000 
53.006700, -116.852800, 85.387000 
53.323600, -116.995400, 85.104000 
53.022200, -116.520800, 204.901000 
52.682300, -114.392900, 44.162000 
52.958200, -114.679900, 76.342000 
52.969200, -116.692500, 623.361000 
53.002000, -110.993900, 64.888000 
52.874300, -110.162700, 37.385000 
55.028400, -112.266100, 9.900000 
55.117900, -112.737900, 39.660000 
53.117300, -110.803900, 62.982000 
56.364200, -119.934300, 201.364000 
55.305000, -118.914200, 26.348000 
55.341700, -118.914200, 26.674000 
55.504200, -118.945300, 31.088000 
50.168300, -112.299800, 75.829000 
50.013100, -112.611500, 389.925000 
56.851800, -115.208100, 71.532000 
52.792000, -112.562700, 21.418000 
52.031800, -112.629500, 34.335000 
54.352600, -111.821500, 27.066000 
53.970700, -115.744200, 61.816000 
53.484800, -115.607600, 197.081000 
53.385100, -115.612800, 358.594000 
53.290400, -115.831900, 72.531000 
52.180900, -113.083200, 196.906000 
54.512600, -111.717000, 29.984000 
55.058700, -111.895500, 23.169000 
55.382000, -111.760100, 39.120000 
54.348990, -110.766800, 35.098000 
55.174800, -112.281000, 88.385000 
54.778200, -113.963900, 20.790000 
54.367200, -110.503100, 35.580000 
54.224660, -110.514600, 40.273000 
54.465400, -113.221600, 94.583000 
53.887000, -116.396900, 109.814000 
54.162360, -115.733900, 761.281000 
54.545400, -114.794200, 64.300000 
50.354700, -112.370300, 22.572000 
50.398600, -112.847300, 79.840000 
50.154700, -112.461500, 50.810000 
55.072800, -116.975700, 20.388000 
52.846800, -114.185700, 24.708000 
51.828200, -111.774200, 253.058000 
51.686200, -110.666900, 20.468000 
52.937600, -114.270700, 28.926000 
53.017600, -114.370700, 25.388000 
56.218700, -116.251300, 23.584000 
54.061800, -117.447300, 41.147000 
54.105400, -117.526500, 195.266000 
52.446500, -115.249200, 43.350000 
52.908400, -111.125500, 42.559000 
54.225300, -118.305200, 53.049000 
52.279300, -110.081400, 48.996000 
53.952600, -117.559000, 124.905000 
54.050700, -117.720600, 25.044000 
55.950000, -110.601900, 24.373000 
52.333700, -112.885200, 29.369000 
52.601300, -115.221600, 24.395000 
57.087200, -112.899500, 24.200000 
56.007600, -113.402800, 173.810000 
54.054200, -118.308700, 79.512000 
56.924300, -112.683500, 24.200000 
51.559000, -112.471500, 21.823000 
51.551800, -112.483400, 22.319000 
53.977900, -116.751200, 26.320000 
50.744200, -110.130000, 61.177000 
50.896900, -110.633600, 83.712000 
50.824200, -110.859400, 57.096000 
49.972800, -110.755600, 121.161000 
50.084400, -110.607000, 36.172000 
49.988300, -110.914000, 64.357000 
50.022400, -110.743000, 75.603000 
51.020600, -111.402200, 69.498000 
50.093100, -110.732800, 272.292000 
50.136700, -110.732800, 73.220000 
50.159000, -110.667200, 58.648000 
53.590480, -116.172680, 143.740000 
50.111100, -113.482500, 74.946000 
51.162600, -112.021200, 32.245000 
51.195100, -112.102800, 22.451000 
52.159300, -112.749000, 27.460000 
51.984500, -112.784800, 61.740000 
52.050000, -110.420600, 51.767000 
51.580900, -112.977000, 32.217000 
51.599000, -113.029900, 69.137000 
51.660900, -113.017900, 23.447000 
51.624500, -112.952600, 261.909000 
51.700900, -112.852000, 162.187000 
51.515400, -112.953400, 21.876000 
52.555700, -114.449100, 64.169000 
53.210400, -114.713000, 67.475000 
53.199500, -114.841400, 27.415000 
52.486500, -114.322700, 34.873000 
52.515700, -114.449100, 21.941000 
52.490100, -114.232400, 28.281000 
55.232800, -119.355300, 67.819000 
55.251100, -119.426100, 34.556000 
55.269200, -119.490300, 29.642000 
52.759300, -114.125200, 163.239000 
52.543100, -114.280500, 40.231000 
52.384800, -114.382900, 27.623000 
52.803100, -115.665500, 24.567000 
52.803100, -115.810800, 65.111000 
52.468400, -114.328800, 102.787000 
51.395400, -111.331700, 105.035000 
52.650400, -115.429700, 24.712000 
52.748400, -115.513900, 24.567000 
52.028200, -113.572700, 83.097000 
51.533400, -114.327100, 53.505000 
51.973700, -113.572700, 67.143000 
51.930100, -113.538800, 172.701000 
52.035400, -113.614300, 82.559000 
55.367500, -119.220300, 43.185000 
53.836200, -115.620000, 27.964000 
52.915900, -114.006000, 78.604000 
52.944800, -114.264600, 51.298000 
51.795400, -113.456000, 23.316000 
51.813700, -113.621800, 72.445000 
53.843400, -114.146800, 29.873000 
54.956400, -119.783300, 133.683000 
53.779500, -118.486200, 46.200000 
56.271846, -111.498890, 6477.028000 
56.888200, -114.536100, 25.661000 
53.186800, -115.156400, 70.512000 
53.767000, -117.497000, 269.337000 
54.445300, -118.607600, 67.486000 
55.025700, -110.584200, 58.062000 
55.041200, -110.577800, 33.786000 
53.578344, -115.855642, 270.563000 
51.075100, -112.575300, 29.793000 
51.417000, -113.176800, 37.901000 
51.428200, -113.458800, 29.449000 
52.857600, -115.513900, 33.080000 
51.286200, -113.200200, 26.792000 
55.876800, -111.326700, 24.208000 
51.049800, -113.659900, 96.722000 
52.435700, -110.364700, 21.619000 
51.399000, -112.683100, 72.290000 
53.657900, -116.666800, 145.500000 
51.879000, -112.792600, 78.564000 
51.784500, -113.532900, 109.661000 
53.857900, -113.397400, 55.416000 
52.704800, -114.410200, 40.914000 
57.488000, -119.168900, 51.971000 
56.586100, -118.991700, 27.190000 
50.860700, -110.229100, 24.640000 
51.049800, -112.126200, 21.930000 
51.359000, -112.418700, 36.500000 
51.409800, -112.530300, 31.470000 
51.737300, -113.124300, 35.970000 
58.339500, -118.536800, 32.683000 
52.213700, -114.308200, 20.954000 
51.569700, -114.985200, 41.400000 
50.555100, -112.623100, 20.200000 
52.397600, -114.040600, 31.948000 
57.564400, -119.521200, 53.041000 
58.011900, -119.480700, 85.038000 
56.506100, -119.432000, 71.965000 
52.942400, -113.511100, 108.344000 
51.879000, -113.367100, 61.460000 
52.086500, -112.754800, 47.670000 
51.900900, -111.608400, 22.960000 
58.630400, -119.058200, 23.538000 
52.260900, -112.856600, 26.989000 
51.741700, -112.469200, 29.280000 
51.369700, -114.985200, 66.745000 
51.388200, -114.808800, 42.652000 
52.671900, -114.615300, 28.921000 
54.166900, -118.486900, 103.740000 
51.489800, -112.888700, 84.332000 
50.831400, -110.865000, 22.473000 
52.060900, -113.888800, 74.935000 
53.847000, -113.981600, 1.230000 
52.235800, -113.377700, 5.020000 
52.217300, -113.387700, 1.240000 
52.111800, -114.481300, 0.378000 
52.828400, -114.386000, 0.442000 
54.668900, -117.651600, 32.304000 
52.192000, -114.111300, 127.780000 
55.396400, -119.503100, 35.150000 
57.217500, -110.895000, 723.952000 
53.454300, -117.159800, 30.168000 
50.556100, -114.236300, 111.591000 
54.301700, -118.649900, 254.026000 
56.651500, -112.878800, 21.555000 
56.666700, -111.345100, 166.890000 
56.055100, -115.366500, 91.425000 
52.039300, -111.376500, 40.134000 
53.486800, -114.330700, 107.239000 
52.875700, -111.422500, 105.425000 
52.224800, -113.025700, 60.224000 
52.053700, -112.150800, 84.630000 
55.835800, -114.697100, 116.564000 
51.948100, -113.711300, 78.799000 
52.555900, -113.042600, 16.847000 
51.727500, -113.819000, 242.611000 
52.604900, -113.196300, 47.840000 
53.885300, -117.178700, 38.063000 
57.382700, -118.979400, 44.065000 
53.154100, -116.460300, 62.730000 
55.965300, -119.935100, 21.184000 
53.221000, -114.668000, 23.365000 
51.659100, -111.311500, 28.601000 
50.993800, -113.990000, 21.577000 
54.525200, -118.670400, 93.251000 
54.956600, -119.775000, 46.906000 
55.201500, -119.881400, 71.354000 
52.098800, -112.852000, 88.344000 
59.237200, -119.885800, 95.807000 
51.505300, -112.475000, 21.823000 
51.668900, -111.378300, 52.820000 
55.554200, -119.760200, 46.073000 
52.725100, -113.169500, 32.795000 
55.434200, -114.550000, 50.684000 
57.211800, -118.010800, 152.647000 
53.699800, -112.579100, 20.764000 
53.156900, -110.605500, 29.676000 
53.834000, -117.912400, 55.393000 
54.957600, -119.199100, 37.565000 
53.914400, -117.573700, 74.746000 
53.987100, -117.351500, 55.114000 
53.539800, -113.397000, 17.100000 
50.571300, -112.146100, 59.927000 
51.411700, -113.285800, 35.285000 
52.779300, -115.377100, 55.326000 
50.442900, -111.857300, 89.261000 
50.509600, -112.002900, 32.630000 
49.535100, -111.112000, 24.313000 
51.280800, -112.818900, 80.142000 
55.058800, -110.529900, 20.788000 
55.460700, -119.982500, 25.437000 
54.172300, -118.334400, 32.129000 
52.081000, -113.597900, 20.678000 
52.657700, -112.281000, 24.542000 
53.783400, -112.339300, 38.376000 
51.557200, -113.402600, 26.825000 
52.561200, -112.312100, 24.542000 
50.698800, -110.500100, 24.852000 
54.801500, -119.205100, 31.342000 
50.683000, -111.548000, 37.666000 
50.887900, -113.098600, 20.810000 
54.016200, -117.154000, 45.097000 
52.841500, -116.035500, 118.198000 
50.624800, -111.588500, 82.703000 
52.867000, -116.253100, 42.400000 
51.993700, -113.123700, 26.200000 
51.865500, -112.954700, 35.000000 
49.119100, -113.761500, 96.570000 
55.193600, -113.035100, 59.406000 
50.723300, -112.789100, 43.026000 
50.326300, -110.328500, 67.758000 
53.430200, -117.118100, 36.463000 
52.968900, -116.688300, 20.858000 
52.867000, -116.549200, 32.949000 
53.143200, -116.923400, 94.233000 
52.943400, -116.742600, 22.326000 
50.155700, -114.453300, 292.166000 
54.423700, -119.349700, 36.870000 
51.508900, -113.453800, 28.627000 
54.830200, -118.652600, 30.041000 
52.706700, -113.896400, 100.349000 
52.837700, -114.403500, 50.224000 
50.486700, -112.917000, 166.290000 
52.747200, -114.415600, 8.530000 
53.477400, -117.026300, 30.059000 
53.703000, -117.234900, 80.260000 
52.168300, -114.088900, 53.722000 
52.094000, -114.737100, 35.689000 
58.781600, -118.602700, 36.700000 
58.963400, -118.361500, 23.437000 
52.585700, -116.036700, 26.109000 
53.870700, -116.166400, 104.377000 
56.486500, -114.120400, 88.231000 
54.452300, -114.874300, 83.406000 
54.353900, -114.811100, 37.940000 
52.764900, -114.957500, 178.025000 
52.881600, -111.343300, 32.514000 
55.732300, -119.277000, 23.764000 
55.761400, -119.374000, 24.043000 
52.941200, -118.043000, 132.605000 
52.293900, -110.691400, 99.106000 
50.593000, -111.492000, 34.651000 
53.175900, -115.271100, 85.824000 
55.160200, -118.818400, 563.450000 
53.707700, -116.435600, 31.510000 
53.419200, -113.882300, 25.868000 
53.559400, -113.347200, 127.900000 
56.850000, -119.836900, 32.944000 
53.748200, -112.734000, 66.412000 
55.160300, -116.162000, 41.602000 
52.068800, -114.330200, 7.791000 
52.317400, -114.225000, 29.372000 
51.570600, -113.688200, 156.443000 
51.680100, -113.935100, 92.543000 
51.723600, -113.616200, 147.777000 
51.770800, -113.622100, 378.631000 
51.640200, -113.710700, 57.646000 
59.254000, -119.683100, 11.202000 
52.408900, -114.417900, 20.243000 
54.883900, -112.614800, 20.440000 
56.733600, -115.284900, 29.421000 
52.361000, -113.819400, 1.115000 
52.549200, -113.840800, 9.920000 
49.720000, -113.500300, 20.954000 
53.599500, -111.416200, 7.637000 
54.215900, -117.410600, 39.997000 
52.195600, -112.141800, 25.334000 
52.359500, -112.845000, 21.077000 
53.484900, -116.921800, 28.947000 
53.666400, -117.259600, 23.124000 
52.404900, -114.592200, 24.369000 
56.482100, -117.963100, 36.224000 
56.007400, -119.073000, 91.561000 
50.973600, -112.711700, 102.265000 
51.872400, -112.841200, 23.204000 
50.765400, -113.688300, 42.464000 
50.393200, -113.828900, 194.186000 
50.698800, -113.558500, 56.088000 
51.557200, -113.110700, 28.714000 
50.320400, -113.087100, 172.123000 
52.525000, -115.173800, 27.323000 
52.419400, -115.029800, 51.214000 
51.716900, -112.761700, 20.044000 
51.578500, -112.916200, 33.959000 
51.712500, -112.896000, 21.735000 
52.517100, -114.370800, 59.512000 
53.735600, -115.701500, 27.891000 
49.959800, -113.546000, 27.491000 
54.030100, -117.008300, 42.593000 
52.459500, -114.304600, 93.482000 
57.662400, -119.822600, 22.506000 
53.163300, -111.415600, 38.043000 
52.681500, -113.121100, 68.011000 
54.323200, -110.925700, 45.937000 
54.183600, -110.802900, 20.410000 
54.278200, -110.006200, 22.934000 
55.000000, -119.000000, 29.617000 
58.686900, -118.870200, 56.080000 
58.661600, -118.835000, 18.415000 
58.563400, -118.833700, 19.414000 
54.055700, -117.243900, 82.109000 
53.761100, -117.349200, 27.658000 
53.655600, -117.081700, 41.410000 
52.581500, -113.048400, 32.328000 
50.501000, -112.223700, 46.917000 
51.727200, -113.196900, 21.608000 
51.669000, -113.119900, 22.325000 
55.311000, -119.932400, 30.505000 
52.135300, -114.373500, 20.868000 
52.072000, -113.073300, 27.612000 
54.171000, -118.334400, 223.424000 
50.964000, -112.866300, 21.691000 
50.963200, -113.380000, 86.494000 
50.485300, -111.171600, 185.572000 
50.448100, -110.574400, 66.562000 
51.989100, -113.452300, 22.539000 
50.485300, -111.449700, 43.933000 
51.294100, -112.668100, 21.900000 
55.373190, -114.747800, 44.774000 
52.648500, -113.064800, 66.445000 
50.837800, -110.928500, 21.080000 
53.596200, -113.332100, 156.700000 
52.689400, -114.862300, 31.713000 
54.769600, -111.904600, 39.556000 
51.710000, -111.488000, 22.720000 
51.426300, -111.138100, 26.680000 
53.485200, -111.928200, 94.850000 
53.272200, -111.781400, 38.200000 
54.197700, -116.761000, 60.861000 
56.528200, -114.071600, 38.077000 
56.524400, -113.464600, 127.398000 
53.812800, -110.003500, 43.927000 
50.423400, -112.788800, 70.215000 
54.285000, -115.698200, 38.569000 
52.881600, -116.573400, 43.129000 
51.465100, -113.512200, 30.170000 
51.359100, -114.788800, 27.999000 
51.436100, -114.961600, 34.635000 
50.247400, -110.510300, 102.367000 
51.306400, -114.672400, 27.899000 
53.161400, -116.973500, 29.495000 
50.290800, -110.486300, 176.173000 
53.768300, -116.915400, 42.910000 
53.761100, -117.367500, 43.260000 
51.982400, -113.307000, 28.830000 
51.878200, -113.359300, 44.420000 
52.124700, -113.677200, 28.340000 
52.223000, -113.659300, 30.430000 
52.041000, -113.576100, 61.320000 
51.958100, -113.565900, 32.210000 
51.787100, -113.335700, 56.790000 
52.718000, -114.022900, 150.519000 
51.869900, -113.092200, 2.080000 
52.790600, -114.549600, 1.870000 
53.034200, -115.290800, 35.217000 
52.514000, -115.042200, 20.637000 
56.256700, -119.626500, 27.916000 
52.299300, -112.981500, 27.055000 
52.277500, -112.862900, 41.213000 
52.557700, -115.977200, 27.830000 
55.343200, -119.464900, 35.923000 
54.175700, -119.534400, 78.151000 
53.837700, -116.708500, 21.299000 
52.295400, -115.825300, 547.419000 
52.739700, -116.506800, 87.277000 
57.288700, -111.886800, 74.028000 
54.387300, -114.753100, 74.965000 
51.950100, -112.805400, 32.350000 
54.525100, -116.796200, 24.007000 
54.125100, -116.816700, 38.398000 
49.901400, -111.097200, 21.966000 
49.984100, -110.041800, 30.230000 
52.583000, -113.734000, 104.757000 
53.223000, -115.973000, 24.416000 
52.579300, -113.513500, 32.090000 
52.868700, -113.142400, 54.880000 
51.157600, -114.191600, 18.444000 
53.678600, -113.804600, 7.863000 
53.007200, -117.327200, 7.216000 
49.715300, -114.427400, 21.904000 
55.684500, -111.011500, 101.851000 
55.998000, -118.532200, 116.979000 
54.863300, -119.001700, 114.655000 
50.916200, -113.193300, 62.566000 
54.116900, -110.214800, 167.902000 
54.029600, -110.788100, 22.055000 
51.665100, -113.763000, 55.647000 
52.495700, -114.729500, 20.340000 
51.814300, -113.763000, 78.389000 
52.590300, -114.855300, 40.426000 
49.958600, -113.543700, 19.129000 
51.767000, -113.703800, 52.627000 
54.197600, -116.685500, 23.570000 
53.066800, -115.412200, 178.681000 
51.924200, -114.789000, 22.167000 
54.479100, -119.749800, 38.843000 
53.688100, -111.365700, 24.503000 
52.334000, -113.095700, 21.918000 
57.007300, -113.188000, 49.655000 
57.171900, -119.914500, 29.104000 
54.830600, -118.682100, 30.701000 
52.960600, -115.259800, 88.120000 
53.659600, -117.959900, 22.733000 
52.830800, -115.141000, 62.288000 
53.106900, -115.936400, 36.589000 
54.154200, -117.560400, 34.413000 
52.335800, -114.346500, 24.851000 
53.064200, -115.935200, 32.440000 
57.309900, -119.751300, 115.090000 
53.064600, -116.671200, 27.370000 
55.000700, -119.237900, 36.108000 
54.752100, -119.602200, 42.950000 
53.032100, -111.245100, 20.337000 
52.769500, -115.353900, 30.708000 
53.311800, -117.238300, 27.370000 
53.196200, -116.948100, 27.370000 
56.193600, -110.950600, 265.108000 
53.704600, -116.405000, 25.043000 
53.022300, -115.798200, 22.620000 
54.855200, -119.569100, 28.310000 
55.336900, -119.167900, 22.316000 
54.665400, -119.026200, 63.116000 
54.608900, -119.016700, 24.025000 
57.329700, -119.660700, 27.483000 
53.066800, -116.058300, 20.081000 
54.404000, -118.882700, 127.259000 
53.299600, -115.223500, 31.059000 
54.449900, -118.882600, 28.234000 
53.065200, -116.103000, 46.108000 
53.519000, -118.083400, 22.488000 
53.851700, -117.914700, 103.938000 
53.259700, -117.539100, 27.370000 
53.116000, -116.202000, 23.638000 
52.969500, -115.773900, 23.638000 
54.976900, -119.889800, 24.041000 
54.496800, -118.990300, 21.036000 
54.715300, -119.505100, 31.558000 
53.085700, -116.114600, 37.746000 
53.958100, -116.372100, 25.878000 
52.490800, -114.359100, 30.451000 
54.774800, -119.896800, 25.690000 
50.233800, -113.660500, 42.991000 
54.643700, -119.376800, 31.930000 
54.803700, -118.976400, 91.931000 
53.828800, -115.889300, 20.841000 
55.052400, -119.453000, 20.928000 
54.833700, -119.425700, 58.930000 
54.674300, -119.438800, 21.305000 
52.552400, -112.880800, 34.337000 
53.892100, -110.134600, 30.654000 
50.395500, -112.521600, 89.381000 
52.674300, -113.985300, 21.123000 
53.272400, -110.593500, 33.810000 
51.912900, -113.627900, 65.107000 
52.366300, -114.963500, 162.244000 
55.527900, -110.873800, 182.101000 
51.495900, -114.210200, 75.381000 
50.690600, -111.046300, 22.034000 
54.226800, -118.628100, 101.002000 
52.494100, -113.324500, 31.033000 
51.156200, -113.095000, 47.049000 
55.148500, -110.723000, 28.138000 
51.130700, -112.932200, 46.555000 
51.348700, -113.658600, 45.191000 
51.188900, -113.031200, 47.025000 
51.057000, -113.703900, 86.541000 
51.348700, -113.031900, 53.383000 
52.678700, -114.536800, 21.527000 
51.249400, -112.917100, 54.753000 
51.308800, -113.341700, 53.045000 
51.225300, -112.769400, 22.889000 
50.469900, -111.859400, 20.693000 
52.621400, -113.684400, 32.633000 
52.053800, -113.251900, 29.162000 
55.692200, -119.529200, 64.285000 
52.372100, -115.060000, 75.221000 
52.950700, -115.878200, 31.825000 
55.666400, -110.714000, 50.764000 
56.411700, -110.937600, 493.595000 
54.856700, -119.333400, 35.103000 
53.623400, -116.858600, 46.670000 
53.019700, -112.193800, 20.179000 
55.233400, -115.083700, 24.920000 
55.247800, -115.069300, 25.130000 
55.248000, -115.083800, 21.580000 
55.219100, -115.073400, 30.190000 
55.225800, -115.084900, 31.514000 
55.248000, -115.084000, 30.721000 
55.227500, -115.057800, 39.757000 
55.233400, -115.069700, 164.500000 
51.936400, -114.183300, 19.500000 
53.193900, -115.291900, 61.289000 
53.054200, -114.935400, 196.307000 
56.099300, -116.320800, 61.453000 
52.594100, -114.879300, 63.529000 
51.898100, -113.567200, 454.681000 
50.235000, -110.391000, 57.811000 
51.815000, -114.931700, 40.370000 
54.198900, -119.052900, 30.916000 
52.591600, -115.347500, 27.671000 
54.323000, -110.250000, 83.999000 
54.411200, -111.948400, 21.747000 
52.801600, -116.463200, 169.058000 
52.969000, -116.688400, 145.501000 
55.720700, -119.616500, 26.101000 
50.073900, -111.951000, 27.680000 
54.441400, -116.121600, 79.257000 
53.221400, -111.531600, 55.686000 
53.176000, -115.272300, 182.320000 
55.662600, -111.257700, 372.289000 
53.851800, -114.469600, 25.911000 
53.184300, -115.488000, 83.992000 
53.975700, -117.287500, 93.128000 
55.397800, -119.592300, 33.315000 
53.997500, -117.349600, 31.542000 
55.608800, -118.003600, 58.837000 
53.812700, -114.728000, 44.384000 
55.640500, -117.119300, 138.081000 
53.791200, -114.612900, 28.383000 
55.489500, -118.325200, 23.774000 
52.052500, -112.201200, 21.375000 
50.243000, -113.608600, 24.393000 
55.234700, -116.555800, 22.102000 
55.145100, -116.211800, 107.573000 
55.848200, -111.961800, 68.114000 
52.884000, -111.721700, 52.189000 
53.085100, -114.693300, 20.752000 
52.144900, -113.180500, 31.310000 
57.197200, -118.794400, 115.775000 
56.277500, -116.798300, 26.628000 
56.306500, -116.844200, 36.386000 
56.281000, -116.844200, 35.483000 
56.299100, -116.798300, 25.726000 
56.704600, -115.324200, 29.421000 
49.940600, -112.407300, 38.515000 
56.753700, -115.281400, 29.421000 
53.190400, -115.223500, 25.985000 
55.729700, -119.817900, 26.093000 
52.255300, -115.039900, 20.058000 
53.499200, -116.805300, 53.246000 
53.920600, -110.608600, 20.623000 
53.892300, -117.336400, 29.412000 
53.818600, -111.462100, 21.720000 
53.825900, -111.400300, 50.270000 
54.612700, -118.213800, 49.778000 
55.936900, -113.482900, 21.840000 
56.981900, -113.263800, 24.200000 
55.704000, -119.301500, 46.570000 
55.717900, -119.689400, 22.620000 
55.645600, -119.436200, 87.230000 
53.870700, -111.379700, 89.670000 
55.543200, -119.024800, 38.279000 
54.234200, -111.691400, 75.903000 
56.197400, -114.525400, 27.927000 
57.087200, -112.899500, 42.656000 
54.760400, -113.959500, 25.920000 
55.647300, -119.541400, 22.260000 
55.721400, -112.263600, 15.330000 
55.308100, -119.526700, 23.000000 
50.399100, -113.681500, 25.197000 
50.315400, -113.658600, 40.754000 
50.344500, -113.704400, 28.172000 
50.289900, -113.394900, 48.999000 
50.876100, -113.686900, 35.966000 
50.568900, -113.628500, 23.004000 
50.235500, -113.100200, 20.396000 
56.113500, -111.829300, 187.431000 
53.048700, -115.077200, 67.372000 
52.540600, -114.342600, 28.934000 
52.042900, -113.579100, 40.806000 
52.758000, -114.107400, 94.033000 
53.107500, -116.763500, 231.297000 
54.242700, -116.793600, 52.198000 
51.984700, -113.311200, 20.403000 
54.140900, -116.995900, 93.336000 
53.734800, -118.391200, 292.283000 
51.959900, -113.562700, 20.405000 
52.950900, -115.104400, 38.405000 
53.212300, -116.990500, 158.484000 
53.153000, -116.286100, 68.417000 
54.287500, -115.992200, 21.701000 
54.054300, -117.165300, 34.791000 
54.856100, -119.688000, 31.951000 
54.856600, -119.610300, 22.895000 
50.518000, -112.713700, 28.234000 
52.805200, -115.267900, 21.747000 
53.066800, -116.228900, 28.023000 
54.724800, -119.092900, 21.108000 
54.403300, -119.127400, 20.872000 
52.983900, -115.025700, 44.871000 
51.687800, -112.990000, 20.754000 
54.743500, -119.545800, 31.582000 
50.028400, -113.624100, 47.861000 
55.286400, -119.178100, 21.536000 
54.699800, -119.048100, 31.951000 
53.056000, -116.113000, 36.976000 
54.743500, -119.048100, 118.075000 
51.934500, -113.332500, 39.991000 
52.811100, -114.348600, 64.204000 
52.390400, -114.376400, 28.686000 
53.450100, -116.033600, 161.127000 
51.879900, -113.362300, 39.991000 
54.674300, -119.438800, 24.857000 
52.490300, -112.964700, 20.681000 
50.442800, -111.519600, 33.049000 
55.882200, -118.467500, 22.664000 
53.492100, -116.191400, 33.273000 
53.827700, -116.388000, 63.514000 
53.608500, -115.435600, 31.006000 
55.724600, -110.869300, 104.279000 
54.061900, -117.748000, 41.308000 
54.302500, -118.644200, 63.673000 
56.177100, -113.058200, 31.423000 
52.656300, -113.873800, 21.525000 
54.055900, -118.306700, 21.212000 
54.886000, -110.466200, 60.022000 
51.045600, -113.288500, 53.216000 
55.413500, -119.835200, 46.928000 
54.321300, -118.615500, 47.025000 
52.739700, -115.715000, 31.572000 
54.062900, -117.782600, 20.781000 
54.266700, -118.734300, 47.025000 
53.436500, -115.989600, 31.610000 
53.237900, -112.986000, 21.317000 
51.396500, -114.028100, 34.848000 
54.830600, -119.662600, 118.075000 
53.179600, -115.272300, 32.900000 
50.898800, -110.483500, 20.780000 
51.690800, -113.474200, 30.340000 
52.302950, -112.081110, 20.650000 
53.924800, -117.299600, 263.716000 
55.907100, -116.809900, 27.536000 
56.128900, -118.375600, 21.686000 
56.002300, -116.938700, 30.214000 
55.699600, -116.222600, 30.040000 
53.158800, -110.679800, 20.635000 
52.149900, -115.325500, 46.100000 
55.281300, -114.425500, 23.300000 
58.439800, -119.154600, 36.400000 
50.861800, -114.767700, 24.400000 
55.022900, -118.573300, 33.057000 
52.659600, -114.694100, 36.885000 
50.199900, -112.181100, 21.686000 
54.579500, -114.723100, 20.506000 
54.345700, -118.405600, 21.641000 
53.713400, -110.746600, 25.726000 
53.742800, -116.692400, 71.934000 
55.239900, -115.083700, 21.660000 
55.248800, -115.210300, 22.725000 
52.283000, -113.222200, 22.070000 
51.374200, -114.797300, 27.525000 
50.247000, -110.356700, 60.760000 
51.368100, -114.834800, 27.429000 
51.312900, -114.842100, 27.892000 
54.830600, -118.810700, 85.085000 
54.834200, -118.639200, 24.607000 
51.589300, -114.537500, 20.865000 
54.439400, -118.250400, 20.194000 
54.241500, -117.291600, 45.936000 
53.855600, -116.983600, 37.103000 
53.647500, -113.622100, 28.225000 
53.499300, -117.155100, 44.497000 
54.154200, -117.222800, 28.992000 
55.103300, -118.378400, 22.203000 
53.943100, -118.746600, 34.624000 
51.286900, -112.146900, 39.696000 
55.247600, -114.491700, 235.079000 
54.346700, -114.898500, 36.607000 
54.248500, -114.730000, 74.825000 
53.840500, -111.901600, 26.838000 
51.074900, -114.138700, 31.370000 
57.286600, -111.599500, 43.138000 
53.193200, -110.862900, 36.650000 
57.466200, -119.385700, 21.434000 
54.670697, -119.218295, 31.575000 
