53.582300, -113.588600, 6.093000 
55.996700, -118.533600, 0.555000 
56.377200, -117.175600, 266.909000 
53.048100, -113.921000, 0.492000 
50.747700, -114.494700, 0.328000 
54.952700, -119.195300, 0.517000 
54.572300, -115.522900, 1.194000 
54.596400, -110.395000, 0.100000 
53.343600, -113.526900, 1.574000 
49.789400, -112.126100, 2.468000 
52.496000, -114.988000, 0.600000 
53.571700, -113.349800, 10.879000 
52.959300, -115.893800, 1.200000 
52.776100, -115.660700, 1.200000 
52.758100, -114.111600, 1.200000 
52.226300, -115.177000, 1.200000 
53.559200, -113.388800, 0.187000 
55.725100, -119.399900, 0.150000 
51.191300, -113.940900, 2.811000 
53.841600, -113.097900, 239.670000 
50.982200, -113.974200, 0.229000 
53.570000, -113.611400, 0.629000 
53.227700, -114.988900, 12.500000 
53.593060, -116.390300, 80.300000 
55.071200, -118.691200, 125.967000 
53.413300, -117.570600, 479.071000 
50.845800, -113.586700, 91.200000 
53.541700, -113.391700, 0.001000 
53.181200, -115.762500, 0.270000 
54.833300, -118.646700, 0.295000 
54.524700, -116.794300, 0.522000 
52.553700, -111.694000, 0.034000 
54.130900, -115.546700, 4.126000 
53.204500, -116.811200, 1.000000 
50.086600, -110.716700, 325.969000 
53.550500, -113.358900, 16.690000 
58.555500, -118.915900, 0.100000 
51.526000, -113.880000, 0.205000 
54.772900, -110.579000, 0.006000 
51.400100, -114.034300, 3.907000 
53.340200, -113.538100, 0.650000 
51.789600, -114.702800, 12.174000 
54.238200, -115.379700, 103.300000 
55.029800, -118.744000, 187.800000 
55.162300, -118.816600, 8.484000 
53.250200, -115.555500, 0.171000 
53.571290, -113.355400, 4.354000 
59.063100, -118.875700, 0.361000 
53.498700, -113.383100, 0.008000 
51.000700, -113.965670, 1.636000 
53.950900, -113.088100, 0.005000 
51.010160, -113.964210, 8.818000 
54.133300, -115.366600, 20.213000 
51.376000, -113.949200, 0.006000 
58.518800, -117.119500, 19.000000 
53.902300, -115.189300, 1.200000 
53.402700, -117.599300, 8.297000 
50.967800, -113.969900, 0.003000 
50.963600, -113.976680, 0.066000 
53.282300, -113.542000, 0.008000 
50.129400, -111.908400, 0.251000 
52.104400, -110.695000, 0.328000 
50.336800, -111.169800, 0.001000 
53.499900, -113.418000, 0.369000 
55.208300, -118.793000, 2.118000 
58.500900, -117.146000, 0.100000 
52.309150, -113.809970, 0.183000 
55.175000, -118.785400, 0.316000 
53.301700, -110.012600, 0.361000 
53.504100, -113.373300, 0.040000 
56.411700, -110.937600, 0.001000 
