53.559200, -113.388800, 0.115000 
51.191300, -113.940900, 0.100000 
50.982200, -113.974200, 0.082000 
53.570000, -113.611400, 0.058000 
53.541700, -113.391700, 0.003000 
58.555500, -118.915900, 0.100000 
53.340200, -113.538100, 0.134000 
53.319300, -113.518000, 0.780000 
51.000700, -113.965670, 0.253000 
51.010160, -113.964210, 2.415000 
51.001500, -114.037200, 1.944000 
53.282300, -113.542000, 0.016000 
53.499900, -113.418000, 0.125000 
53.288900, -110.012000, 1.440000 
55.175000, -118.785400, 0.036000 
53.504100, -113.373300, 0.009000 
