55.996700, -118.533600, 0.526000 
53.288500, -110.018300, 0.281000 
52.146300, -115.330000, 0.039000 
53.048100, -113.921000, 3.266000 
50.747700, -114.494700, 1.369000 
54.952700, -119.195300, 0.827000 
54.572300, -115.522900, 0.222000 
54.596400, -110.395000, 0.858000 
55.335900, -119.223000, 0.551000 
50.647500, -113.772000, 0.224000 
54.194400, -116.632200, 3.543000 
53.245000, -115.674300, 0.330000 
53.746900, -113.164500, 1.353000 
51.742300, -114.134500, 0.928000 
50.675600, -110.025000, 0.257000 
52.959300, -115.893800, 2.841000 
52.776100, -115.660700, 2.722000 
52.758100, -114.111600, 1.596000 
52.226300, -115.177000, 1.534000 
51.534800, -114.203700, 1.462000 
55.725100, -119.399900, 0.371000 
52.308300, -113.550000, 3.326000 
51.191300, -113.940900, 3.883000 
49.305200, -114.000300, 0.686000 
51.965500, -114.753600, 0.476000 
56.380600, -116.795000, 2.513000 
53.652000, -116.099200, 2.007000 
54.423300, -117.760400, 1.729000 
57.003300, -111.466100, 81.119000 
57.040500, -111.619200, 46.720000 
51.570800, -114.851700, 0.190000 
53.795900, -113.099600, 1.982000 
53.804200, -113.082400, 10.056000 
53.541700, -113.391700, 3.189000 
53.181200, -115.762500, 0.118000 
51.219500, -114.645400, 0.218000 
50.805300, -110.034900, 0.464000 
54.833300, -118.646700, 1.588000 
54.524700, -116.794300, 1.381000 
52.553700, -111.694000, 0.018000 
58.555500, -118.915900, 0.580000 
51.526000, -113.880000, 2.056000 
51.696900, -114.475000, 1.835000 
54.772900, -110.579000, 0.264000 
54.185400, -116.210400, 2.184000 
51.400100, -114.034300, 1.191000 
53.757500, -113.149900, 0.710000 
54.427200, -116.884300, 1.433000 
53.132300, -115.981700, 1.169000 
52.035300, -115.137700, 1.121000 
54.510900, -115.511700, 0.791000 
55.041500, -119.631000, 0.856000 
49.628100, -114.571900, 0.026000 
57.546300, -119.112600, 2.181000 
55.489100, -119.750800, 0.137000 
53.581600, -113.599100, 4.512000 
53.557500, -116.547200, 0.936000 
53.670500, -115.762200, 0.437000 
53.902300, -115.189300, 0.449000 
53.740700, -113.023100, 1.687000 
52.228400, -114.397700, 0.246000 
53.550690, -113.349600, 14.226260 
52.674300, -111.311600, 0.429000 
53.286400, -110.017800, 0.292000 
52.656700, -111.311900, 0.454000 
54.420500, -110.213100, 0.078000 
55.069600, -110.536100, 3.232000 
53.373100, -116.086000, 1.143000 
57.351700, -111.522200, 2.653000 
53.544400, -113.366200, 0.249000 
53.543100, -117.797900, 0.229000 
50.963600, -113.976680, 1.791000 
53.530040, -113.402010, 1.841000 
52.104400, -110.695000, 0.207000 
53.159500, -114.902800, 0.514000 
53.388600, -115.315800, 0.976000 
50.653300, -111.166100, 1.037000 
59.641800, -118.307800, 0.387000 
56.973300, -116.585000, 0.024000 
55.373190, -114.747800, 1.653000 
53.566800, -113.365000, 1.418000 
52.639900, -111.273500, 1.313000 
54.285000, -115.698200, 1.148000 
55.527900, -110.873800, 0.087000 
56.113500, -111.829300, 1.468000 
53.542800, -113.361400, 0.047000 
