56.377200, -117.175600, 2087.895000 
53.344000, -114.305000, 14773.935000 
53.733200, -113.175000, 39.891000 
53.288500, -110.018300, 29.694000 
52.146300, -115.330000, 10716.700000 
53.048100, -113.921000, 1.580000 
50.747700, -114.494700, 1134.800000 
53.952700, -113.078000, 210.980000 
54.572300, -115.522900, 42.280000 
54.596400, -110.395000, 2020.691000 
50.647500, -113.772000, 1896.352000 
54.194400, -116.632200, 4237.000000 
53.245000, -115.674300, 15.900000 
53.746900, -113.164500, 266.650000 
53.718500, -113.183000, 0.001000 
52.564700, -112.141400, 23229.052000 
51.531700, -111.786100, 39232.813000 
54.007100, -119.104000, 1965.067000 
51.742300, -114.134500, 2252.000000 
53.529100, -113.387500, 59.455000 
52.959300, -115.893800, 99.880000 
52.463000, -114.346500, 79.000000 
52.776100, -115.660700, 709.530000 
52.758100, -114.111600, 150.840000 
52.226300, -115.177000, 3116.940000 
51.534800, -114.203700, 262.200000 
58.500000, -119.416700, 754.900000 
53.559200, -113.388800, 0.002000 
52.940400, -114.832300, 208.420000 
55.725100, -119.399900, 485.130000 
52.308300, -113.550000, 4.598000 
49.713599, -112.796397, 0.105000 
51.191300, -113.940900, 2927.400000 
53.733200, -113.486200, 293.220000 
49.305200, -114.000300, 2300.400000 
51.039600, -114.559000, 7185.100000 
51.965500, -114.753600, 2817.203000 
56.380600, -116.795000, 3438.543000 
53.722900, -113.174000, 317.860000 
53.721700, -113.191700, 215.341000 
53.841600, -113.097900, 1960.460000 
53.652000, -116.099200, 33.567000 
54.423300, -117.760400, 1171.540000 
57.003300, -111.466100, 28997.000000 
57.040500, -111.619200, 70538.170000 
53.560000, -114.486200, 6658.570000 
53.508500, -114.557100, 26251.870000 
53.448700, -114.449100, 11665.240000 
51.570800, -114.851700, 5843.020000 
55.071200, -118.691200, 2060.581000 
53.795900, -113.099600, 38.668000 
53.804200, -113.082400, 1.926000 
53.413300, -117.570600, 1964.000000 
53.541700, -113.391700, 4533.256000 
53.181200, -115.762500, 2502.710000 
51.219500, -114.645400, 1581.684000 
54.833300, -118.646700, 513.740000 
54.524700, -116.794300, 716.400000 
52.553700, -111.694000, 18.114000 
54.130900, -115.546700, 1233.242000 
53.204500, -116.811200, 3810.268000 
53.550500, -113.358900, 3943.859000 
58.555500, -118.915900, 36.600000 
51.526000, -113.880000, 765.800000 
51.696900, -114.475000, 207.373000 
55.248100, -114.514000, 1.033000 
53.531993, -113.364925, 23.810000 
54.772900, -110.579000, 587.667000 
54.185400, -116.210400, 2236.100000 
51.400100, -114.034300, 1611.000000 
54.427200, -116.884300, 2629.000000 
53.132300, -115.981700, 3121.870000 
50.061200, -110.723000, 60.364000 
55.481900, -119.059200, 2582.940000 
49.628100, -114.571900, 2545.200000 
57.546300, -119.112600, 40.790000 
55.040000, -115.475800, 64.629000 
50.583700, -113.871100, 91.223000 
55.489100, -119.750800, 496.602000 
53.581600, -113.599100, 50.792000 
55.876700, -119.301100, 7.200000 
53.557500, -116.547200, 2469.701000 
59.063100, -118.875700, 647.012000 
53.817200, -113.133600, 483.180000 
51.058900, -115.174500, 1591.500000 
51.012800, -114.022000, 87.871000 
50.912700, -114.011800, 24.361000 
52.327100, -112.718300, 464.670000 
55.074200, -117.274200, 830.767000 
53.560800, -113.415300, 76.400000 
49.693900, -112.096200, 35.550000 
53.902300, -115.189300, 0.800000 
53.740700, -113.023100, 7218.209000 
52.228400, -114.397700, 158.717000 
52.766100, -114.285600, 94.424000 
54.846700, -112.567500, 0.029000 
54.926900, -111.936100, 0.016000 
52.308300, -113.550000, 1.170000 
56.981400, -111.462500, 3.161000 
55.582700, -110.888800, 134.196000 
55.069600, -110.536100, 283.579000 
51.024500, -114.025000, 6.000000 
53.431000, -117.540600, 1.511000 
53.010600, -112.810000, 0.209000 
52.255700, -113.886000, 0.320000 
53.645100, -114.130200, 3.028000 
55.969400, -117.575600, 36.744000 
55.750300, -119.684300, 177.120000 
51.649800, -110.187200, 55.027000 
52.555700, -111.805300, 842.495000 
50.471500, -111.606500, 310.170000 
58.568700, -119.201500, 169.200000 
50.198300, -112.119200, 95.600000 
55.713100, -119.600800, 24.554000 
50.129400, -111.908400, 215.010000 
54.494400, -115.957600, 57.043000 
54.538100, -115.932300, 21.700000 
58.943200, -118.916800, 155.425000 
59.230700, -119.275900, 65.599000 
58.975900, -119.118700, 23.666000 
52.333700, -111.357300, 501.300000 
51.962900, -111.016100, 18.053000 
51.911800, -111.188100, 34.020000 
52.421200, -110.388600, 49.109000 
55.494700, -119.289500, 24.098000 
51.682500, -111.293600, 27.621000 
53.821500, -113.490400, 201.233000 
52.122900, -110.570500, 246.934000 
52.479300, -110.936100, 307.285000 
53.861500, -114.756100, 37.930000 
55.698300, -118.783300, 68.290000 
55.714100, -118.830400, 392.170000 
51.773700, -114.222900, 90.167000 
50.220300, -112.444200, 428.520000 
55.585600, -117.891600, 25.626000 
52.544800, -114.545200, 58.045000 
52.999100, -112.971000, 52.590000 
52.915800, -113.022500, 29.016000 
54.855000, -118.521900, 462.282000 
54.130600, -115.231400, 587.600000 
52.734200, -113.162900, 37.247000 
55.862600, -119.715000, 37.787000 
52.797900, -112.371400, 147.800000 
53.583000, -116.842000, 196.400000 
53.706600, -117.241000, 251.360000 
53.928400, -116.717200, 28.200000 
54.031100, -116.875700, 15.890000 
53.388600, -115.315800, 120.500000 
56.556900, -119.363900, 185.319000 
50.653300, -111.166100, 80.840000 
52.851400, -114.046900, 28.471000 
56.930900, -115.252200, 80.994000 
55.640300, -118.502800, 21.100000 
54.033400, -117.756900, 283.370000 
56.347100, -119.190500, 97.380000 
55.954200, -117.710800, 26.349000 
56.098600, -119.288100, 43.620000 
55.943900, -119.923100, 66.630000 
52.268400, -113.351800, 32.406000 
49.030800, -111.052700, 77.989000 
52.217300, -112.307300, 21.274000 
50.536900, -112.031500, 81.740000 
50.700700, -111.022200, 125.680000 
50.314700, -111.968400, 89.070000 
52.333700, -111.059400, 37.602000 
51.239700, -115.564600, 224.300000 
53.374300, -114.527900, 145.312000 
51.697300, -114.536800, 57.117000 
52.640400, -113.252100, 123.897000 
52.435700, -113.390400, 16.313000 
51.971000, -114.052700, 204.563000 
52.450400, -110.851900, 167.932000 
52.475700, -111.441400, 15.000000 
56.233200, -113.896400, 23.680000 
49.936700, -111.406500, 80.970000 
52.806700, -116.210000, 142.000000 
56.313200, -111.636200, 214.556000 
52.359300, -113.715200, 210.582000 
59.641800, -118.307800, 79.510000 
59.601800, -117.409700, 262.590000 
56.458600, -119.914300, 610.480000 
53.428700, -115.125800, 528.583000 
52.155700, -110.893800, 66.429000 
52.519400, -110.085200, 38.227000 
53.039400, -116.406400, 26.477000 
57.042500, -111.905000, 82.099000 
55.603900, -119.347800, 509.630000 
53.272300, -114.725300, 41.843000 
53.499900, -113.418000, 0.577000 
55.378300, -118.499700, 554.608000 
52.969200, -116.692500, 61.515000 
56.364200, -119.934300, 202.400000 
50.168300, -112.299800, 260.880000 
50.013100, -112.611500, 23.320000 
52.097300, -114.755700, 26.711000 
52.188200, -110.988300, 41.775000 
49.616400, -111.917300, 148.388000 
55.178300, -117.509900, 31.297000 
53.952500, -113.113900, 2.900000 
54.432500, -116.139700, 238.000000 
52.475700, -111.700100, 24.240000 
55.072800, -116.975700, 25.178000 
52.337300, -112.885200, 41.015000 
53.977900, -116.751200, 9.030000 
50.366200, -112.338500, 30.757000 
52.501200, -111.700100, 130.495000 
52.366500, -110.791600, 52.442000 
51.569700, -114.985200, 47.030000 
52.381200, -112.199200, 177.240000 
51.360700, -113.614600, 25.810000 
57.217500, -110.895000, 840.492000 
53.558600, -113.368000, 4184.000000 
52.115800, -110.579400, 134.049000 
54.772900, -118.981500, 20.243000 
53.539800, -113.397000, 43.570000 
50.640600, -114.293200, 50.808000 
52.478300, -111.743500, 27.223000 
55.160200, -118.818400, 30.898000 
52.361000, -113.819400, 0.029000 
52.549200, -113.840800, 4.341000 
49.720000, -113.500300, 9.170000 
53.599500, -111.416200, 3.342000 
53.745100, -113.235600, 44.554000 
52.110100, -110.968400, 113.119000 
52.457500, -110.313700, 25.126000 
56.528200, -114.071600, 36.866000 
53.343700, -113.184000, 142.480000 
54.285000, -115.698200, 182.790000 
52.470100, -114.346400, 88.967000 
49.591390, -114.028330, 94.221000 
50.266657, -112.836800, 122.798000 
53.007200, -117.327200, 0.212000 
56.193600, -110.950600, 268.710000 
55.527900, -110.873800, 50.509000 
56.411700, -110.937600, 1709.272000 
53.734700, -113.683700, 51.086000 
51.898100, -113.567200, 1904.700000 
53.176000, -115.272300, 27.980000 
55.662600, -111.257700, 253.071000 
56.284800, -116.111700, 43.980000 
55.640500, -117.119300, 31.966000 
52.479400, -111.057500, 23.920000 
54.837800, -118.530900, 20.485000 
55.728200, -119.774800, 41.213000 
56.113500, -111.829300, 169.000000 
53.778600, -113.079300, 38.649000 
52.707000, -115.443100, 85.390000 
