50.747700, -114.494700, 146.028000 
54.194400, -116.632200, 35.900000 
53.746900, -113.164500, 3.060000 
51.742300, -114.134500, 1.370000 
52.776100, -115.660700, 8.195000 
52.758100, -114.111600, 0.020000 
52.226300, -115.177000, 9.150000 
55.725100, -119.399900, 14.070000 
51.191300, -113.940900, 10.899000 
53.733200, -113.486200, 2.595000 
49.305200, -114.000300, 54.100000 
51.039600, -114.559000, 72.900000 
57.003300, -111.466100, 54.456000 
57.040500, -111.619200, 50.284000 
51.570800, -114.851700, 27.500000 
53.181200, -115.762500, 9.520000 
51.219500, -114.645400, 14.490000 
53.204500, -116.811200, 322.828000 
51.526000, -113.880000, 13.572000 
54.185400, -116.210400, 40.790000 
54.427200, -116.884300, 19.430000 
53.132300, -115.981700, 34.400000 
57.546300, -119.112600, 0.468000 
53.557500, -116.547200, 11.871000 
52.327100, -112.718300, 5.297000 
