56.377200, -117.175600, 7.515000 
53.733200, -113.175000, 0.476000 
52.564700, -112.141400, 128.193000 
51.531700, -111.786100, 98.974000 
54.775000, -115.218600, 0.106000 
53.560000, -114.486200, 13.648000 
53.508500, -114.557100, 57.921000 
53.448700, -114.449100, 23.562000 
50.982200, -113.974200, 0.013000 
53.570000, -113.611400, 0.473000 
55.070600, -118.688800, 0.028000 
55.071200, -118.691200, 22.296000 
53.413300, -117.570600, 22.691000 
53.533000, -113.411500, 0.037000 
53.541700, -113.391700, 13.460000 
55.160200, -118.818400, 16.792000 
