56.377200, -117.175600, 3.485000 
53.344000, -114.305000, 6.570000 
53.288500, -110.018300, 1.446000 
52.564700, -112.141400, 29.098000 
51.531700, -111.786100, 39.583000 
54.007100, -119.104000, 18.357000 
51.039600, -114.559000, 69.300000 
53.721700, -113.191700, 12.318000 
53.841600, -113.097900, 38.570000 
57.003300, -111.466100, 273.875000 
57.040500, -111.619200, 113.925000 
53.560000, -114.486200, 9.865000 
53.508500, -114.557100, 32.966000 
53.448700, -114.449100, 14.649000 
53.795900, -113.099600, 0.110000 
53.413300, -117.570600, 6.527000 
53.541700, -113.391700, 158.710000 
53.550500, -113.358900, 104.069000 
