55.996700, -118.533600, 5.665000 
56.377200, -117.175600, 16.560000 
53.733200, -113.175000, 0.005000 
53.288500, -110.018300, 0.148000 
52.146300, -115.330000, 134.000000 
53.048100, -113.921000, 2.463000 
50.747700, -114.494700, 34.794000 
53.952700, -113.078000, 1.951000 
54.572300, -115.522900, 1.069000 
54.596400, -110.395000, 16.171000 
55.335900, -119.223000, 2.316000 
50.647500, -113.772000, 2.730000 
54.194400, -116.632200, 19.818000 
53.245000, -115.674300, 0.846000 
53.746900, -113.164500, 0.197000 
51.742300, -114.134500, 11.442000 
52.959300, -115.893800, 7.782000 
52.776100, -115.660700, 1.956000 
52.758100, -114.111600, 2.504000 
52.226300, -115.177000, 17.204000 
51.534800, -114.203700, 0.335000 
58.500000, -119.416700, 8.780000 
55.725100, -119.399900, 11.168000 
51.191300, -113.940900, 7.969000 
49.305200, -114.000300, 5.800000 
51.039600, -114.559000, 12.300000 
51.965500, -114.753600, 101.492000 
56.380600, -116.795000, 0.115000 
53.722900, -113.174000, 0.012000 
53.652000, -116.099200, 8.296000 
54.423300, -117.760400, 10.471000 
57.003300, -111.466100, 707.684000 
57.040500, -111.619200, 61.677000 
51.570800, -114.851700, 10.760000 
53.795900, -113.099600, 0.973000 
53.413300, -117.570600, 15.470000 
53.541700, -113.391700, 3.518000 
53.181200, -115.762500, 22.874000 
54.833300, -118.646700, 4.031000 
54.524700, -116.794300, 0.128000 
52.553700, -111.694000, 2.712000 
53.550500, -113.358900, 6.222800 
58.555500, -118.915900, 3.461000 
51.526000, -113.880000, 23.561000 
51.696900, -114.475000, 0.755000 
54.185400, -116.210400, 7.710000 
51.400100, -114.034300, 9.907000 
54.427200, -116.884300, 19.799000 
53.132300, -115.981700, 25.553000 
55.481900, -119.059200, 20.006000 
51.034710, -114.025600, 16.801000 
53.721800, -113.192700, 0.001000 
49.628100, -114.571900, 3.690000 
57.546300, -119.112600, 0.028000 
53.250200, -115.555500, 36.163000 
55.489100, -119.750800, 11.539000 
55.876700, -119.301100, 2.090000 
53.557500, -116.547200, 2.180000 
59.063100, -118.875700, 1.236000 
53.817200, -113.133600, 2.995000 
52.095600, -114.799300, 0.008000 
52.327100, -112.718300, 6.880000 
53.616600, -115.711100, 0.012000 
52.510900, -110.969600, 0.927000 
55.833000, -119.470000, 5.989000 
53.902300, -115.189300, 0.242000 
53.740700, -113.023100, 4.620000 
52.228400, -114.397700, 0.357000 
53.544400, -113.366200, 0.597000 
56.981400, -111.475800, 2.326000 
53.543100, -117.797900, 0.460000 
52.588100, -111.206100, 0.423000 
55.393100, -110.738300, 0.038000 
57.054200, -111.917200, 1.950000 
50.471500, -111.606500, 1.933000 
58.568700, -119.201500, 1.742000 
50.129400, -111.908400, 2.263000 
53.388600, -115.315800, 7.167000 
50.653300, -111.166100, 1.206000 
56.098600, -119.288100, 1.420000 
55.943900, -119.923100, 1.420000 
59.641800, -118.307800, 1.694000 
52.963700, -111.364700, 0.136000 
52.370000, -114.375800, 0.026000 
52.272100, -112.841400, 0.657000 
57.217500, -110.895000, 0.635000 
56.272700, -110.938200, 0.008000 
52.639900, -111.273500, 3.813000 
54.285000, -115.698200, 2.186000 
59.069300, -118.854200, 0.287000 
56.411700, -110.937600, 3.955000 
53.542800, -113.361400, 0.085000 
