54.596400, -110.395000, 0.134000 
54.194400, -116.632200, 0.425000 
53.245000, -115.674300, 0.133000 
53.746900, -113.164500, 0.032000 
51.742300, -114.134500, 0.266000 
52.959300, -115.893800, 0.530000 
52.776100, -115.660700, 0.161000 
52.758100, -114.111600, 0.316000 
52.226300, -115.177000, 0.048000 
51.191300, -113.940900, 0.287000 
51.965500, -114.753600, 0.274000 
53.652000, -116.099200, 0.399000 
54.423300, -117.760400, 0.132000 
57.003300, -111.466100, 490.289000 
57.040500, -111.619200, 53.440000 
51.570800, -114.851700, 0.053000 
53.795900, -113.099600, 2.789000 
53.541700, -113.391700, 2.516000 
53.181200, -115.762500, 0.007000 
54.524700, -116.794300, 0.015000 
52.553700, -111.694000, 0.097000 
53.550500, -113.358900, 6.635350 
51.696900, -114.475000, 0.037000 
54.772900, -110.579000, 0.021000 
54.185400, -116.210400, 0.150000 
51.400100, -114.034300, 0.204000 
54.427200, -116.884300, 0.274000 
53.132300, -115.981700, 0.451000 
54.510900, -115.511700, 0.188000 
49.628100, -114.571900, 0.024000 
57.546300, -119.112600, 0.091000 
53.250200, -115.555500, 0.208000 
55.489100, -119.750800, 0.001000 
53.498700, -113.383100, 0.004000 
51.000700, -113.965670, 0.088000 
53.902300, -115.189300, 0.089000 
53.740700, -113.023100, 1.456000 
52.228400, -114.397700, 0.163000 
53.373100, -116.086000, 0.012000 
57.351700, -111.522200, 10.493000 
50.959200, -113.981200, 0.039000 
53.527200, -113.354800, 0.075000 
50.963600, -113.976680, 0.103000 
53.530040, -113.402010, 0.121000 
53.388600, -115.315800, 0.088000 
50.653300, -111.166100, 0.010000 
50.336800, -111.169800, 0.006000 
59.641800, -118.307800, 0.094000 
53.499900, -113.418000, 0.051000 
52.292200, -113.816900, 0.396000 
54.285000, -115.698200, 0.262000 
55.175000, -118.785400, 0.031000 
56.113500, -111.829300, 1.672000 
