53.582300, -113.588600, 9.360000 
55.996700, -118.533600, 77.228000 
53.539700, -113.409200, 323.508000 
56.377200, -117.175600, 156.934000 
53.344000, -114.305000, 0.920000 
53.733200, -113.175000, 260.132000 
53.288500, -110.018300, 28.427000 
52.146300, -115.330000, 19.900000 
53.048100, -113.921000, 252.326000 
50.747700, -114.494700, 352.579000 
54.952700, -119.195300, 58.751000 
53.952700, -113.078000, 16.892000 
54.572300, -115.522900, 98.899000 
54.596400, -110.395000, 200.068000 
55.335900, -119.223000, 68.874000 
50.987300, -113.971000, 157.427000 
50.647500, -113.772000, 28.746000 
54.194400, -116.632200, 180.954000 
53.245000, -115.674300, 92.038000 
53.746900, -113.164500, 426.053000 
51.419100, -114.027000, 319.279000 
53.718500, -113.183000, 0.082000 
51.742300, -114.134500, 101.914000 
52.496000, -114.988000, 23.896000 
50.675600, -110.025000, 55.475000 
53.529100, -113.387500, 65.948000 
53.571700, -113.349800, 45.493000 
52.959300, -115.893800, 228.328000 
52.776100, -115.660700, 190.858000 
52.758100, -114.111600, 413.499000 
52.226300, -115.177000, 233.555000 
51.534800, -114.203700, 123.412000 
58.500000, -119.416700, 14.220000 
49.720100, -112.781900, 77.280000 
55.725100, -119.399900, 82.687000 
52.308300, -113.550000, 423.633000 
49.713599, -112.796397, 1074.479000 
51.191300, -113.940900, 185.568000 
49.305200, -114.000300, 238.431000 
51.039600, -114.559000, 328.500000 
51.965500, -114.753600, 371.883000 
56.380600, -116.795000, 994.099000 
53.722900, -113.174000, 2.800000 
53.841600, -113.097900, 264.660000 
53.652000, -116.099200, 155.783000 
54.423300, -117.760400, 92.870000 
57.003300, -111.466100, 27608.487000 
57.040500, -111.619200, 10693.904000 
53.560000, -114.486200, 44.387000 
53.508500, -114.557100, 257.533000 
53.448700, -114.449100, 102.653000 
53.506100, -113.397900, 14.850000 
52.385800, -113.595000, 223.846000 
51.181625, -114.472100, 28.379000 
51.022770, -114.027660, 1279.224000 
52.033030, -113.938910, 61.470000 
53.227700, -114.988900, 72.000000 
53.593060, -116.390300, 342.500000 
51.570800, -114.851700, 101.668000 
55.071200, -118.691200, 244.118000 
53.795900, -113.099600, 114.515000 
53.804200, -113.082400, 67.347000 
53.413300, -117.570600, 186.670000 
50.983000, -113.988400, 50.970000 
50.845800, -113.586700, 110.800000 
53.559400, -113.597500, 5.909000 
53.541700, -113.391700, 784.122000 
53.181200, -115.762500, 43.298000 
51.219500, -114.645400, 58.830000 
50.805300, -110.034900, 515.230000 
54.833300, -118.646700, 71.504000 
54.524700, -116.794300, 207.423000 
52.553700, -111.694000, 16.971000 
54.130900, -115.546700, 45.245000 
53.204500, -116.811200, 470.128000 
50.086600, -110.716700, 365.718000 
53.550500, -113.358900, 775.475160 
58.555500, -118.915900, 112.391000 
51.526000, -113.880000, 121.767000 
51.696900, -114.475000, 138.097000 
55.248100, -114.514000, 92.888000 
53.531993, -113.364925, 64.240000 
53.544350, -113.374010, 10.900000 
53.022700, -112.811400, 76.190000 
54.772900, -110.579000, 191.260000 
54.185400, -116.210400, 260.119000 
51.400100, -114.034300, 83.945000 
53.757500, -113.149900, 149.245000 
54.427200, -116.884300, 205.919000 
53.132300, -115.981700, 410.533000 
52.035300, -115.137700, 84.036000 
53.456206, -113.487312, 100.457000 
53.728270, -113.235520, 107.218000 
54.510900, -115.511700, 134.496000 
53.283800, -110.031900, 301.434000 
55.481900, -119.059200, 24.058000 
51.789600, -114.702800, 99.350000 
49.701943, -112.803037, 387.013000 
54.238200, -115.379700, 422.100000 
51.034710, -114.025600, 37.680000 
53.725400, -113.193000, 13.490000 
55.029800, -118.744000, 509.598000 
55.041500, -119.631000, 80.527000 
51.005290, -114.058570, 116.500000 
55.273300, -114.599700, 9.933000 
55.162300, -118.816600, 86.544000 
49.628100, -114.571900, 13.220000 
57.546300, -119.112600, 169.470000 
50.583700, -113.871100, 34.133000 
53.250200, -115.555500, 82.628000 
55.489100, -119.750800, 26.640000 
53.581600, -113.599100, 13.639000 
53.571290, -113.355400, 16.419000 
55.876700, -119.301100, 46.980000 
51.222500, -114.495600, 50.485000 
53.506740, -113.396252, 36.396000 
51.295600, -114.014600, 62.330000 
53.557500, -116.547200, 169.808000 
59.063100, -118.875700, 54.190000 
53.817200, -113.133600, 38.371000 
51.000700, -113.965670, 14.860000 
51.012800, -114.022000, 111.927000 
50.912700, -114.011800, 19.622000 
52.327100, -112.718300, 230.843000 
56.904200, -117.633600, 21.880000 
51.010160, -113.964210, 28.126000 
53.908300, -118.816700, 38.500000 
50.058200, -110.728200, 20.160000 
54.133300, -115.366600, 104.052000 
55.074200, -117.274200, 63.252000 
54.394900, -116.809000, 159.242000 
58.194700, -116.350400, 2.201000 
53.532000, -113.394000, 24.441000 
53.563200, -113.634800, 29.206000 
49.729139, -112.781105, 14.632000 
53.799100, -113.080700, 12.362000 
58.518800, -117.119500, 713.224000 
54.139800, -115.689100, 106.970000 
54.587200, -112.803100, 38.128000 
53.616600, -115.711100, 136.423000 
53.170200, -114.975000, 15.400000 
50.543800, -111.795000, 7.462000 
53.745000, -110.810800, 10.451000 
53.902300, -115.189300, 97.814000 
53.740700, -113.023100, 277.310000 
50.981270, -113.971610, 55.505000 
52.212400, -113.843700, 33.787000 
52.228400, -114.397700, 103.588000 
53.550690, -113.349600, 1210.128000 
53.593600, -113.335600, 7.570000 
52.674300, -111.311600, 15.648000 
57.298900, -111.503300, 16363.618000 
50.664700, -113.784200, 11.250000 
54.846700, -112.567500, 1.483000 
54.926900, -111.936100, 0.824000 
49.303500, -113.794000, 21.024000 
52.308300, -113.550000, 0.047000 
51.910600, -114.668100, 35.482000 
53.286400, -110.017800, 19.544000 
52.656700, -111.311900, 32.197000 
53.402700, -117.599300, 91.081000 
50.577200, -111.178100, 56.108000 
56.981400, -111.462500, 12.860000 
50.671900, -110.028900, 26.100000 
55.582700, -110.888800, 34.257000 
53.091100, -111.768600, 31.415000 
55.069600, -110.536100, 64.943000 
53.373100, -116.086000, 172.683000 
57.351700, -111.522200, 1830.839000 
53.628800, -113.307700, 29.810000 
50.959200, -113.981200, 334.313000 
53.527200, -113.354800, 463.575000 
51.001000, -114.061200, 247.473000 
51.024500, -114.025000, 0.750000 
53.481700, -113.489000, 24.851000 
51.015020, -114.026480, 24.320000 
51.016000, -114.061400, 10.000000 
53.431000, -117.540600, 0.905000 
53.010600, -112.810000, 1.122000 
52.255700, -113.886000, 4.552000 
53.645100, -114.130200, 2.531000 
53.544400, -113.366200, 84.903000 
51.024190, -114.035300, 144.970000 
53.571300, -113.339300, 14.290000 
53.573900, -113.597100, 83.746000 
56.981400, -111.475800, 158.345000 
53.543100, -117.797900, 71.849000 
52.588100, -111.206100, 24.300000 
57.054200, -111.917200, 97.098000 
51.004250, -114.050900, 23.790000 
53.576230, -113.595660, 121.939000 
53.501040, -113.489732, 16.395000 
52.375200, -114.921600, 125.181000 
50.963600, -113.976680, 920.533000 
53.530040, -113.402010, 887.525000 
51.045078, -114.092040, 15.038000 
52.412900, -114.407600, 31.041000 
54.359600, -116.152900, 10.520000 
50.471500, -111.606500, 99.089000 
58.568700, -119.201500, 13.231000 
53.890700, -117.354000, 64.842000 
55.396400, -119.599700, 27.252000 
50.129400, -111.908400, 76.974000 
55.116400, -116.712300, 37.454000 
52.746800, -112.988000, 7.171000 
51.977300, -111.173400, 10.123000 
52.104400, -110.695000, 50.433000 
51.977300, -110.486900, 11.546000 
51.488700, -113.153900, 11.697000 
53.416800, -113.917700, 14.890000 
53.137600, -113.794100, 5.222000 
52.479300, -110.936100, 12.860000 
51.911800, -114.512900, 11.215000 
51.897200, -115.040200, 13.140000 
51.828100, -114.980700, 10.848000 
54.207000, -117.169300, 9.108000 
57.338900, -119.657100, 24.494000 
57.502800, -118.745700, 11.418000 
57.338900, -118.460000, 8.859000 
55.352900, -110.627800, 19.888000 
55.396500, -110.737300, 23.666000 
55.691200, -111.275900, 13.937000 
54.436200, -111.205100, 13.371000 
55.509300, -114.146900, 7.678000 
55.585600, -117.891600, 22.781000 
57.590100, -117.531700, 34.921000 
53.159500, -114.902800, 87.615000 
54.836400, -119.145800, 5.447000 
54.607200, -119.332000, 9.411000 
54.720000, -119.110600, 3.549000 
54.829200, -119.668600, 13.176000 
53.103200, -115.363400, 12.635000 
53.610600, -117.695900, 15.164000 
49.616400, -112.472000, 15.610000 
53.013900, -116.258600, 11.273000 
52.064400, -114.271400, 26.714000 
53.499300, -116.805300, 22.753000 
57.004500, -113.188600, 14.136000 
51.635300, -112.531400, 44.580000 
56.135000, -113.028300, 10.417000 
56.891000, -112.671500, 12.499000 
54.612500, -118.214300, 29.946000 
53.215900, -116.497000, 11.933000 
55.631500, -112.189600, 16.320000 
54.261700, -117.249400, 10.260000 
50.989600, -112.067900, 12.646000 
52.155600, -113.529700, 10.376000 
53.770600, -117.601400, 13.142000 
53.583000, -116.842000, 54.734000 
56.622700, -119.946500, 28.602000 
54.410900, -112.260400, 11.586000 
52.544700, -112.902200, 12.844000 
51.691800, -112.224000, 10.065000 
55.265600, -114.601400, 10.600000 
53.388600, -115.315800, 103.557000 
55.146800, -114.517100, 14.830000 
50.653300, -111.166100, 109.565000 
51.024500, -111.642800, 22.762000 
56.215000, -110.968100, 32.723000 
56.930900, -115.252200, 49.669000 
55.883900, -117.462000, 13.644000 
49.729200, -114.427200, 22.175000 
55.800300, -117.813800, 16.334000 
55.640300, -118.502800, 16.871000 
55.917500, -119.835200, 11.162000 
56.281800, -119.166800, 12.709000 
54.348900, -119.463300, 12.787000 
55.429200, -113.618100, 24.818000 
54.033400, -117.756900, 49.346000 
54.965100, -119.306800, 18.965000 
52.140800, -112.157200, 10.216000 
56.347100, -119.190500, 20.158000 
55.895000, -118.317500, 16.381000 
55.862200, -119.589200, 10.870000 
56.098600, -119.288100, 25.540000 
55.943900, -119.923100, 33.400000 
50.965900, -113.030200, 11.787000 
51.115100, -112.960100, 10.718000 
51.217000, -113.977700, 20.669000 
51.006200, -113.176000, 11.588000 
51.304300, -112.653700, 13.448000 
51.275400, -112.906500, 13.775000 
51.402400, -112.918100, 14.171000 
50.795100, -112.017800, 10.453000 
50.915100, -112.451700, 12.805000 
54.949300, -110.622600, 11.385000 
55.047300, -110.577800, 40.662000 
55.294800, -110.795100, 24.364000 
57.266800, -114.892000, 12.945000 
51.409800, -113.094600, 14.299000 
52.708400, -114.446600, 21.465000 
50.223900, -110.761900, 21.194000 
50.223900, -110.899700, 33.364000 
50.224000, -110.037500, 35.493000 
50.398600, -110.503300, 40.063000 
55.378300, -119.760600, 11.257000 
50.336800, -111.169800, 38.008000 
50.922300, -112.003700, 11.118000 
50.591500, -111.780300, 10.586000 
53.188700, -115.642200, 14.350000 
51.531300, -113.276300, 13.030000 
51.642600, -113.337700, 17.840000 
50.817000, -113.100200, 8.140000 
53.981500, -116.999800, 11.027000 
52.435700, -113.390400, 26.382000 
55.433300, -116.483200, 45.360000 
50.981000, -113.967800, 28.750000 
53.504050, -113.374400, 29.400000 
51.093400, -112.820100, 14.700000 
56.613100, -112.849000, 10.252000 
58.110400, -118.115600, 12.600000 
56.233200, -113.896400, 16.100000 
55.385700, -113.001600, 14.600000 
52.493600, -115.935000, 10.900000 
50.897000, -111.693700, 14.529000 
50.522300, -111.652300, 39.136000 
53.561500, -116.577900, 410.656000 
53.392300, -115.316900, 22.330000 
53.392300, -115.310800, 15.600000 
52.759300, -115.531900, 9.960000 
51.388100, -110.772500, 15.400000 
52.362900, -113.534900, 14.660000 
50.165900, -110.089100, 48.849000 
56.833400, -113.112100, 10.245000 
57.200900, -112.905700, 24.441000 
55.996800, -110.822600, 10.485000 
59.641800, -118.307800, 30.187000 
51.813600, -112.454200, 16.626000 
54.363300, -116.624000, 23.594000 
54.792900, -115.521700, 13.760000 
58.081200, -117.828800, 10.787000 
57.604400, -118.999800, 19.481000 
59.601800, -117.409700, 11.028000 
56.590200, -115.878400, 14.065000 
50.307500, -110.502500, 13.460000 
51.377000, -114.814600, 10.242000 
57.042500, -111.905000, 23.441380 
49.914900, -112.361400, 11.953000 
53.752300, -117.099300, 107.270000 
52.774000, -112.914300, 10.939000 
54.385300, -118.624900, 16.887000 
58.368300, -118.990000, 19.266000 
49.229200, -114.029100, 12.000000 
49.488900, -113.955100, 12.165000 
56.973300, -116.585000, 10.059000 
50.994100, -113.958300, 30.000000 
55.640300, -119.627000, 24.008000 
52.711900, -116.338600, 9.535000 
52.697500, -116.320300, 10.113000 
53.712300, -116.148900, 18.435000 
53.621500, -116.087200, 17.681000 
52.766700, -116.393000, 19.304000 
54.485300, -118.778300, 155.556000 
53.854300, -117.391200, 36.859000 
52.969200, -116.692500, 10.960000 
50.013100, -112.611500, 10.283000 
52.031800, -112.629500, 10.547000 
53.346200, -113.517200, 37.304000 
54.162360, -115.733900, 18.707000 
54.105400, -117.526500, 40.309000 
53.952600, -117.559000, 26.230000 
56.007600, -113.402800, 17.029000 
54.054200, -118.308700, 22.751000 
53.534300, -110.786600, 12.293000 
53.977900, -116.751200, 8.130000 
50.084400, -110.607000, 13.354000 
53.779500, -118.486200, 24.400000 
56.271846, -111.498890, 11.473000 
49.449200, -111.616700, 38.709000 
54.445300, -118.607600, 16.738000 
53.578344, -115.855642, 15.517000 
53.857900, -113.397400, 11.306000 
58.339500, -118.536800, 25.613000 
53.444100, -113.491800, 21.282000 
53.737500, -113.149000, 13.802000 
52.942400, -113.511100, 121.216000 
52.696100, -114.863800, 23.034000 
51.741700, -112.469200, 11.054000 
54.166900, -118.486900, 30.370000 
51.489800, -112.888700, 14.314000 
55.396400, -119.503100, 13.204000 
57.217500, -110.895000, 69.706000 
56.666700, -111.345100, 17.780000 
52.604900, -113.196300, 17.726000 
53.885300, -117.178700, 13.965000 
50.993800, -113.990000, 10.405000 
53.834000, -117.912400, 18.863000 
53.987100, -117.351500, 13.145000 
54.016200, -117.154000, 16.976000 
52.841500, -116.035500, 39.870000 
53.571300, -113.343100, 28.280000 
53.288900, -110.012000, 16.820000 
50.723300, -112.789100, 15.939000 
49.871200, -112.338900, 18.804000 
54.830200, -118.652600, 10.607000 
52.585700, -116.036700, 9.752000 
54.452300, -114.874300, 12.712000 
52.941200, -118.043000, 38.608000 
58.727600, -111.136400, 13.931000 
52.293900, -110.691400, 10.700000 
53.175900, -115.271100, 24.949000 
50.632000, -114.240300, 70.539000 
55.160200, -118.818400, 21.106000 
53.559400, -113.347200, 24.480000 
52.361000, -113.819400, 0.404000 
52.549200, -113.840800, 3.603000 
49.720000, -113.500300, 7.634000 
53.599500, -111.416200, 2.802000 
54.215900, -117.410600, 10.390000 
52.681500, -113.121100, 11.539000 
53.655600, -117.081700, 10.978000 
54.171000, -118.334400, 31.452000 
50.485300, -111.171600, 11.458000 
50.485300, -111.449700, 14.024000 
55.373190, -114.747800, 4.614000 
53.596200, -113.332100, 16.263000 
53.566800, -113.365000, 328.883000 
52.639900, -111.273500, 352.192000 
52.689400, -114.862300, 10.668000 
53.500000, -113.440000, 15.891000 
54.197700, -116.761000, 17.694000 
56.528200, -114.071600, 16.459000 
56.524400, -113.464600, 15.670000 
54.285000, -115.698200, 179.970000 
51.465100, -113.512200, 11.360000 
53.768300, -116.915400, 12.730000 
53.761100, -117.367500, 12.710000 
51.020000, -112.490000, 83.137000 
52.646000, -111.278000, 168.509000 
55.250000, -116.290000, 159.214000 
53.250500, -113.049900, 19.463000 
49.080000, -112.050000, 211.720000 
56.350000, -115.200000, 15.719000 
52.380000, -114.140000, 252.639000 
52.557700, -115.977200, 10.401000 
52.634000, -110.209100, 14.115000 
57.288700, -111.886800, 96.001000 
54.387300, -114.753100, 15.845000 
55.998000, -118.532200, 26.536000 
54.518400, -110.905000, 26.775000 
54.863300, -119.001700, 24.908000 
54.830600, -118.682100, 11.672000 
56.193600, -110.950600, 21.207000 
51.912900, -113.627900, 22.444000 
55.527900, -110.873800, 21.728000 
54.226800, -118.628100, 20.634000 
52.950700, -115.878200, 12.010000 
52.635200, -111.263900, 70.461000 
56.411700, -110.937600, 82.820000 
53.623400, -116.858600, 17.022000 
53.572400, -113.013900, 12.060000 
52.594100, -114.879300, 10.000000 
55.662600, -111.257700, 384.863000 
53.975700, -117.287500, 25.683000 
55.640500, -117.119300, 32.022000 
53.499200, -116.805300, 17.074000 
55.704000, -119.301500, 14.050000 
55.645600, -119.436200, 33.070000 
56.113500, -111.829300, 19.737000 
54.061900, -117.748000, 13.874000 
54.302500, -118.644200, 20.244000 
51.396500, -114.028100, 12.321000 
53.542800, -113.361400, 12.876000 
56.002300, -116.938700, 11.392000 
51.065900, -113.994900, 33.668000 
49.782500, -112.136400, 15.781000 
53.634100, -113.040300, 30.511000 
53.029200, -112.805800, 13.900000 
55.247600, -114.491700, 14.695000 
54.248500, -114.730000, 15.837000 
53.193200, -110.862900, 13.204000 
