56.377200, -117.175600, 0.006666 
53.344000, -114.305000, 0.182787 
53.579900, -113.576400, 0.160000 
50.992000, -114.059000, 0.001340 
54.775000, -115.218600, 0.001429 
53.529100, -113.387500, 0.411527 
57.003300, -111.466100, 0.488093 
57.040500, -111.619200, 0.272800 
53.560000, -114.486200, 0.033725 
53.508500, -114.557100, 0.717111 
53.448700, -114.449100, 0.160400 
53.593060, -116.390300, 0.004000 
53.413300, -117.570600, 0.019258 
53.533000, -113.411500, 0.001059 
53.541700, -113.391700, 0.071826 
53.550500, -113.358900, 0.029029 
55.248100, -114.514000, 0.000020 
53.581600, -113.599100, 0.011870 
51.058900, -115.174500, 0.022590 
53.402700, -117.599300, 0.005773 
51.068200, -115.136400, 0.000062 
53.591200, -113.344600, 0.348000 
55.160200, -118.818400, 0.059276 
53.560600, -113.509700, 0.000626 
51.065900, -113.994900, 0.495000 
53.300700, -110.100500, 0.236000 
