55.996700, -118.533600, 2.826000 
53.539700, -113.409200, 8.060000 
56.377200, -117.175600, 106.668000 
53.833100, -113.108900, 0.340000 
53.344000, -114.305000, 449.813000 
53.733200, -113.175000, 23.391000 
53.288500, -110.018300, 1.411000 
52.146300, -115.330000, 9.100000 
53.048100, -113.921000, 3.448000 
50.747700, -114.494700, 5.603000 
54.952700, -119.195300, 8.724000 
53.421300, -113.904400, 0.530000 
53.952700, -113.078000, 0.887000 
54.572300, -115.522900, 11.947000 
54.596400, -110.395000, 69.661000 
55.335900, -119.223000, 2.078000 
50.647500, -113.772000, 2.486000 
54.194400, -116.632200, 15.540000 
53.546800, -113.734800, 1.055000 
53.245000, -115.674300, 1.670000 
53.746900, -113.164500, 0.630000 
53.718500, -113.183000, 0.003000 
54.144400, -115.691700, 0.690000 
49.789400, -112.126100, 2.858000 
54.179100, -115.806000, 0.881000 
52.564700, -112.141400, 400.812000 
51.531700, -111.786100, 51.887000 
54.007100, -119.104000, 27.668000 
51.742300, -114.134500, 2.342000 
52.496000, -114.988000, 2.710000 
50.675600, -110.025000, 1.765000 
53.529100, -113.387500, 28.706000 
52.322100, -113.516600, 0.441000 
53.571700, -113.349800, 105.685000 
52.959300, -115.893800, 7.170000 
52.463000, -114.346500, 3.000000 
51.637200, -112.866000, 1.128000 
52.776100, -115.660700, 4.610000 
52.758100, -114.111600, 12.620000 
52.226300, -115.177000, 5.870000 
51.534800, -114.203700, 1.632000 
58.500000, -119.416700, 16.130000 
53.089200, -116.805900, 0.130000 
53.559200, -113.388800, 0.036000 
52.940400, -114.832300, 2.965000 
55.725100, -119.399900, 3.666000 
52.308300, -113.550000, 110.205000 
49.713599, -112.796397, 1.193000 
51.191300, -113.940900, 18.709000 
49.305200, -114.000300, 14.857000 
51.039600, -114.559000, 16.500000 
51.965500, -114.753600, 15.631000 
56.380600, -116.795000, 14.815000 
53.722900, -113.174000, 0.085000 
53.721700, -113.191700, 15.832000 
53.841600, -113.097900, 139.130000 
53.652000, -116.099200, 1.944000 
54.423300, -117.760400, 10.370000 
57.003300, -111.466100, 449.082000 
57.040500, -111.619200, 868.563000 
53.560000, -114.486200, 144.440000 
53.508500, -114.557100, 859.252000 
53.448700, -114.449100, 200.931000 
52.385800, -113.595000, 0.026000 
51.022770, -114.027660, 0.378000 
52.033030, -113.938910, 43.900000 
53.227700, -114.988900, 4.000000 
53.593060, -116.390300, 126.600000 
51.570800, -114.851700, 3.307000 
55.070600, -118.688800, 1.128000 
50.846700, -113.581170, 52.700000 
55.071200, -118.691200, 76.518000 
53.795900, -113.099600, 11.461000 
53.804200, -113.082400, 8.851000 
53.413300, -117.570600, 279.333000 
50.845800, -113.586700, 7.100000 
53.533000, -113.411500, 0.514000 
53.541700, -113.391700, 328.825000 
53.181200, -115.762500, 17.695000 
51.219500, -114.645400, 3.516000 
50.805300, -110.034900, 6.320000 
54.833300, -118.646700, 4.587000 
54.524700, -116.794300, 3.143000 
52.553700, -111.694000, 0.777000 
54.130900, -115.546700, 18.622000 
53.204500, -116.811200, 9.155000 
50.086600, -110.716700, 13.705000 
53.550500, -113.358900, 61.340880 
58.555500, -118.915900, 2.627000 
51.526000, -113.880000, 1.454000 
51.696900, -114.475000, 8.777000 
55.248100, -114.514000, 1.781000 
53.022700, -112.811400, 1.082000 
54.772900, -110.579000, 50.316000 
54.185400, -116.210400, 17.510000 
51.400100, -114.034300, 7.651000 
53.757500, -113.149900, 1.401000 
51.926500, -114.542700, 0.625000 
54.427200, -116.884300, 8.170000 
53.132300, -115.981700, 1.540000 
55.913200, -115.150400, 1.032000 
52.035300, -115.137700, 1.241000 
53.728270, -113.235520, 15.009000 
54.510900, -115.511700, 7.892000 
53.283800, -110.031900, 14.434000 
50.061200, -110.723000, 1.010000 
55.481900, -119.059200, 6.938000 
51.789600, -114.702800, 7.601000 
49.701943, -112.803037, 3.218000 
54.238200, -115.379700, 23.440000 
53.721800, -113.192700, 1.414000 
53.725400, -113.193000, 6.400000 
55.029800, -118.744000, 46.893000 
55.041500, -119.631000, 5.738000 
55.273300, -114.599700, 0.183000 
55.162300, -118.816600, 1.747000 
53.505652, -113.412963, 1.073000 
49.628100, -114.571900, 5.229000 
50.848000, -113.581300, 0.021000 
57.546300, -119.112600, 1.390000 
55.040000, -115.475800, 4.966000 
50.597600, -111.881800, 23.700000 
50.583700, -113.871100, 25.250000 
53.250200, -115.555500, 2.329000 
55.489100, -119.750800, 1.484000 
49.723497, -112.785116, 0.573000 
53.581600, -113.599100, 35.493000 
55.876700, -119.301100, 0.710000 
51.222500, -114.495600, 7.403000 
53.576280, -113.317500, 0.522000 
51.060740, -113.995090, 0.515000 
51.030750, -113.399500, 0.137000 
53.557500, -116.547200, 9.260000 
59.063100, -118.875700, 6.194000 
53.817200, -113.133600, 12.524000 
51.058900, -115.174500, 224.900000 
51.004210, -113.989400, 0.394000 
52.940500, -112.721400, 0.605000 
52.327100, -112.718300, 14.960000 
56.904200, -117.633600, 2.350000 
53.670500, -115.762200, 0.979000 
53.723500, -113.173800, 5.909000 
53.908300, -118.816700, 2.360000 
50.058200, -110.728200, 57.866000 
54.133300, -115.366600, 12.449000 
53.719000, -113.205600, 0.111000 
55.074200, -117.274200, 1.078000 
54.394900, -116.809000, 0.207000 
58.194700, -116.350400, 2.857000 
55.199400, -116.221900, 1.050000 
55.993500, -113.480500, 2.480000 
53.576900, -113.570600, 1.430000 
53.799100, -113.080700, 7.333000 
58.518800, -117.119500, 25.265000 
54.139800, -115.689100, 1.346000 
54.587200, -112.803100, 0.858000 
49.693900, -112.096200, 5.370000 
53.498600, -113.387900, 0.683000 
53.616600, -115.711100, 0.040000 
52.510900, -110.969600, 0.038000 
50.543800, -111.795000, 0.025000 
55.833000, -119.470000, 0.009000 
53.902300, -115.189300, 3.440000 
53.740700, -113.023100, 16.842000 
52.212400, -113.843700, 1.465000 
52.228400, -114.397700, 3.483000 
51.189400, -113.937800, 2.976000 
53.593600, -113.335600, 0.220000 
57.298900, -111.503300, 20.553000 
49.725296, -112.798487, 2.630000 
50.040920, -110.721904, 5.909000 
50.443600, -110.882500, 2.190000 
49.801900, -113.104700, 0.220000 
50.269600, -112.893800, 7.544000 
54.846700, -112.567500, 0.476000 
54.926900, -111.936100, 0.264000 
49.789000, -112.134440, 8.560000 
52.308300, -113.550000, 366.706000 
51.910600, -114.668100, 1.089000 
58.447100, -119.238300, 4.170000 
55.338500, -119.219200, 0.311000 
58.460300, -115.238300, 0.506000 
53.402700, -117.599300, 10.574000 
50.577200, -111.178100, 0.485000 
50.671900, -110.028900, 1.496000 
52.904700, -115.324700, 0.396000 
55.582700, -110.888800, 3.737000 
53.091100, -111.768600, 1.545000 
55.069600, -110.536100, 22.953000 
53.373100, -116.086000, 0.946000 
51.006900, -113.192800, 2.645000 
52.308800, -113.790000, 1.391000 
57.351700, -111.522200, 23.670000 
53.628800, -113.307700, 3.965000 
51.154200, -114.187700, 10.402000 
51.028800, -114.044800, 4.769000 
53.519600, -113.529000, 3.038000 
51.024500, -114.025000, 9.920000 
50.847000, -113.591000, 5.048000 
53.819400, -113.141900, 2.853000 
54.043500, -117.420000, 1.375000 
49.975700, -114.130000, 0.665000 
50.817600, -110.448000, 0.321000 
55.125900, -117.838000, 0.406000 
52.058000, -114.908000, 1.168000 
54.288500, -116.978000, 0.429000 
54.829600, -118.647000, 1.873000 
51.099300, -112.639000, 1.537000 
53.960200, -116.460000, 0.837000 
54.483500, -118.100000, 0.618000 
57.188000, -118.248900, 0.547000 
52.719000, -115.708000, 0.494000 
55.450900, -113.923000, 0.539000 
50.697800, -111.531000, 1.966000 
50.704600, -110.844000, 0.616000 
51.943400, -114.736000, 2.402000 
53.470500, -116.496100, 1.698000 
50.693800, -114.330000, 1.409000 
52.355300, -115.332000, 0.832000 
51.444300, -114.527000, 0.379000 
53.244500, -116.238000, 1.565000 
53.481700, -113.489000, 1.306000 
51.015020, -114.026480, 18.358000 
51.068200, -115.136400, 95.471000 
53.862700, -110.639000, 0.450000 
52.479300, -115.206900, 0.362000 
53.431000, -117.540600, 0.164000 
53.010600, -112.810000, 0.611000 
52.255700, -113.886000, 0.496000 
53.645100, -114.130200, 0.587000 
53.555610, -113.633750, 0.038000 
52.028360, -113.954260, 2.441000 
53.584100, -113.614400, 0.321000 
51.407800, -113.668300, 1.064000 
50.963300, -112.288300, 1.109000 
50.676800, -110.018000, 0.716000 
50.701100, -111.095600, 1.151000 
53.571300, -113.339300, 10.021000 
53.066500, -117.404800, 18.550000 
53.943200, -113.596900, 144.000000 
54.293100, -116.188300, 4.055000 
53.826700, -113.603300, 1.809000 
53.039700, -111.220000, 1.627000 
55.866700, -119.596700, 0.920000 
53.559040, -113.693580, 1.650000 
53.565150, -113.364550, 0.834000 
50.991700, -114.030300, 0.373000 
51.168600, -114.210900, 1.068000 
50.991500, -114.030100, 1.250000 
51.065300, -115.221100, 7.814000 
55.736900, -117.185800, 14.996000 
55.757600, -118.696700, 1.330000 
53.550100, -113.775600, 10.509000 
53.501040, -113.489732, 4.109000 
52.375200, -114.921600, 11.374000 
50.026580, -110.665700, 6.794000 
51.020210, -114.019246, 12.701000 
49.878996, -112.774388, 0.394000 
49.790600, -112.131400, 0.603000 
53.573220, -113.316410, 1.074000 
55.969400, -117.575600, 0.745000 
52.412900, -114.407600, 0.749000 
53.469800, -113.712700, 0.362000 
53.546200, -113.676000, 0.511000 
49.976800, -112.042900, 0.959000 
52.035400, -114.612700, 0.459000 
53.601900, -111.628700, 1.738000 
49.784800, -112.151000, 0.402000 
52.843200, -111.722800, 0.604000 
53.607000, -112.592700, 0.369000 
53.537900, -111.785100, 0.754000 
53.635900, -112.019200, 0.647000 
51.209800, -110.161100, 0.360000 
52.308200, -114.096500, 0.330000 
51.649800, -110.187200, 0.359000 
51.791700, -111.536400, 0.408000 
52.555700, -111.805300, 1.279000 
56.036800, -113.782500, 0.538000 
52.402900, -111.736200, 0.908000 
55.644000, -114.659700, 2.307000 
55.513100, -113.475000, 0.332000 
54.897200, -117.708800, 1.048000 
54.101800, -114.292500, 0.635000 
55.247500, -116.641600, 0.340000 
54.221800, -110.584200, 0.489000 
53.883400, -110.041100, 0.725000 
50.471500, -111.606500, 2.117000 
50.227500, -113.548200, 0.479000 
53.155900, -112.326700, 1.163000 
55.924000, -111.896500, 0.400000 
52.923200, -115.107500, 0.747000 
52.104500, -113.077400, 0.381000 
52.322800, -114.020800, 0.641000 
52.373700, -114.076000, 0.304000 
58.568700, -119.201500, 6.278000 
55.985900, -119.955800, 0.919000 
54.138100, -111.908300, 0.485000 
53.890700, -117.354000, 0.572000 
53.862200, -111.637100, 0.362000 
55.728600, -119.775000, 1.757000 
52.790700, -114.130700, 0.390000 
55.396400, -119.599700, 0.703000 
53.956700, -111.172600, 0.305000 
53.796100, -111.941900, 0.469000 
53.766900, -112.203100, 1.067000 
50.129400, -111.908400, 1.178000 
55.328700, -119.388000, 0.353000 
55.720300, -119.094700, 0.350000 
55.720300, -119.406100, 1.980000 
54.494400, -115.957600, 1.400000 
54.538100, -115.932300, 0.759000 
54.650900, -114.528900, 0.789000 
55.116400, -116.712300, 0.680000 
58.943200, -118.916800, 4.513000 
59.230700, -119.275900, 0.797000 
58.975900, -119.118700, 0.410000 
59.005100, -119.033200, 0.357000 
57.364000, -119.763000, 0.224000 
52.588400, -113.161800, 0.310000 
52.180900, -112.647600, 0.493000 
51.893700, -114.400400, 0.479000 
52.480900, -114.870200, 0.817000 
52.544800, -114.641600, 0.392000 
52.319300, -111.477600, 0.452000 
52.235700, -111.788100, 0.286000 
51.977300, -111.173400, 0.522000 
52.333700, -111.357300, 2.289000 
51.962900, -111.016100, 0.872000 
51.911800, -111.188100, 2.300000 
52.515700, -113.173800, 1.355000 
52.104400, -110.695000, 3.083000 
52.020900, -110.809400, 0.331000 
52.421200, -110.388600, 1.338000 
50.737400, -112.084900, 0.501000 
54.162500, -112.841800, 0.353000 
50.704300, -111.155300, 0.887000 
50.838700, -111.520100, 0.515000 
52.166500, -113.256300, 0.356000 
54.785300, -117.658000, 3.945000 
57.200800, -118.819200, 0.574000 
55.494700, -119.289500, 1.093000 
49.852100, -111.665000, 2.087000 
51.682500, -111.293600, 0.952000 
51.488700, -113.153900, 1.001000 
53.719800, -113.596300, 0.654000 
50.675000, -110.049200, 0.666000 
53.416800, -113.917700, 0.842000 
53.941500, -113.664600, 0.328000 
53.137600, -113.794100, 0.780000 
55.305700, -115.046100, 0.408000 
57.189700, -119.054800, 0.933000 
53.821500, -113.490400, 4.295000 
56.964500, -117.007100, 0.525000 
56.662500, -115.223600, 0.516000 
52.366500, -112.734900, 0.551000 
52.122900, -110.570500, 6.648000 
59.623400, -117.727200, 0.316000 
52.479300, -110.936100, 8.547000 
53.861500, -114.756100, 1.217000 
51.591800, -110.750000, 0.325000 
57.153300, -118.334500, 1.425000 
51.333400, -110.667500, 0.331000 
51.959000, -110.767500, 0.876000 
55.714100, -118.830400, 0.944000 
51.991800, -110.928600, 1.359000 
56.727900, -116.305700, 0.385000 
56.069400, -119.877200, 0.563000 
56.506100, -117.982800, 0.348000 
51.254200, -110.402700, 0.309000 
50.220300, -112.444200, 0.762000 
49.521900, -112.859000, 0.319000 
51.919000, -114.394600, 1.006000 
51.897200, -115.040200, 0.167000 
53.912600, -116.745100, 0.268000 
54.385300, -116.975100, 0.431000 
57.338900, -119.657100, 1.087000 
57.193700, -118.199700, 2.557000 
57.418900, -118.942600, 0.277000 
57.502800, -118.745700, 3.364000 
57.338900, -118.460000, 0.705000 
55.352900, -110.627800, 0.221000 
55.396500, -110.737300, 0.429000 
55.691200, -111.275900, 1.069000 
55.585600, -117.891600, 3.888000 
53.159500, -114.902800, 0.631000 
54.829200, -119.490000, 0.054000 
52.544800, -114.545200, 0.672000 
52.868400, -115.453300, 1.853000 
52.814000, -114.786000, 0.433000 
52.923200, -115.156100, 0.477000 
53.625000, -117.782300, 0.390000 
53.828700, -115.943000, 0.312000 
49.958300, -113.556600, 0.439000 
50.176700, -113.664900, 0.386000 
57.480800, -119.160100, 0.452000 
51.065100, -114.130500, 0.806000 
51.180450, -113.937280, 4.603000 
53.013900, -116.258600, 0.506000 
52.703800, -114.572500, 1.067000 
52.064400, -114.271400, 0.747000 
51.027000, -114.018600, 6.297000 
52.999100, -112.971000, 0.060000 
52.272200, -111.031700, 0.456000 
51.213300, -111.355600, 0.352000 
52.013600, -112.986700, 0.319000 
54.894400, -111.813900, 0.752000 
55.069400, -113.313900, 0.671000 
53.499300, -116.805300, 1.253000 
50.718600, -111.322200, 1.996000 
54.152500, -111.588600, 0.683000 
55.432800, -114.807200, 0.918000 
57.004500, -113.188600, 1.947000 
52.915800, -113.022500, 1.346000 
51.635300, -112.531400, 1.018000 
55.186400, -111.439100, 0.406000 
51.449700, -111.571700, 0.709000 
54.257200, -112.373600, 0.472000 
54.447400, -117.523700, 0.700000 
55.334700, -119.405300, 0.619000 
56.135000, -113.028300, 1.274000 
56.891000, -112.671500, 0.598000 
54.548100, -117.411400, 0.434000 
56.134800, -113.201300, 1.412000 
55.121400, -114.159100, 0.328000 
54.130600, -115.231400, 0.620000 
54.685600, -117.414400, 0.394000 
54.523500, -113.846300, 0.320000 
54.612500, -118.214300, 2.049000 
53.215900, -116.497000, 0.824000 
54.102500, -112.310200, 0.510000 
54.627000, -117.464200, 0.311000 
55.631500, -112.189600, 0.840000 
54.261700, -117.249400, 0.458000 
55.949600, -110.624000, 0.302000 
50.567300, -111.213500, 0.470000 
54.510600, -117.501800, 0.316000 
52.155600, -113.529700, 0.668000 
56.956900, -112.850800, 0.405000 
54.352500, -111.150000, 0.413000 
54.702500, -112.900400, 0.651000 
52.797900, -112.371400, 0.318000 
53.770600, -117.601400, 2.230000 
56.913500, -112.765900, 0.415000 
53.583000, -116.842000, 0.836000 
54.803600, -110.347500, 0.462000 
54.687300, -117.588700, 0.538000 
54.528700, -117.464200, 0.536000 
50.002600, -111.695600, 1.587000 
56.302200, -112.309400, 0.375000 
55.093800, -113.623700, 0.448000 
50.047200, -113.556900, 0.376000 
55.823000, -110.792300, 0.521000 
50.511400, -111.289400, 0.656000 
56.622700, -119.946500, 2.184000 
54.105300, -117.512800, 0.379000 
54.294400, -111.306700, 0.408000 
50.191900, -111.301800, 0.668000 
53.714300, -110.747300, 0.477000 
55.309200, -119.205800, 1.120000 
53.024700, -115.531100, 1.560000 
53.574200, -116.646900, 1.110000 
54.416000, -115.636200, 1.070000 
54.974300, -117.285800, 1.000000 
52.050100, -112.728300, 1.130000 
58.601100, -118.787200, 0.840000 
54.387000, -116.966700, 1.580000 
50.231100, -111.434000, 0.303000 
54.206700, -116.766700, 0.460000 
53.706600, -117.241000, 0.980000 
53.928400, -116.717200, 0.320000 
52.613900, -112.805800, 0.321000 
52.544700, -112.902200, 0.689000 
51.691800, -112.224000, 0.559000 
55.993100, -119.771100, 0.360000 
55.265600, -114.601400, 0.946000 
53.388600, -115.315800, 2.440000 
55.146800, -114.517100, 6.377000 
50.471500, -111.652300, 0.824000 
54.541800, -117.884100, 0.365000 
50.397600, -113.925500, 0.414000 
56.556900, -119.363900, 0.870000 
56.243400, -119.068000, 0.338000 
53.706600, -115.976300, 0.975000 
50.653300, -111.166100, 0.600000 
50.576700, -112.630300, 0.318000 
51.024500, -111.642800, 3.751000 
51.552500, -111.490600, 1.318000 
51.915100, -113.373700, 0.329000 
52.091000, -112.761500, 0.970000 
51.637100, -112.865800, 0.761000 
51.552600, -111.632500, 0.761000 
52.743400, -114.113400, 0.824000 
52.851400, -114.046900, 1.046000 
51.137900, -111.577600, 0.336000 
55.781200, -114.307200, 0.348000 
52.197100, -114.367700, 0.348000 
53.825000, -115.556700, 0.670000 
53.056300, -116.114000, 0.321000 
57.066100, -114.777500, 5.340000 
56.880600, -114.757200, 1.240000 
56.796900, -114.349300, 0.610000 
57.309200, -114.856300, 0.890000 
56.960600, -114.716900, 0.680000 
56.215000, -110.968100, 0.492000 
52.260500, -113.816600, 0.477000 
55.639400, -118.984300, 0.308000 
52.366300, -114.963000, 1.483000 
55.666900, -117.761600, 0.913000 
55.651800, -111.084400, 0.612000 
55.432800, -118.041700, 0.373000 
52.221100, -112.418700, 0.306000 
56.281800, -119.166800, 0.389000 
56.731500, -115.611500, 0.477000 
54.348900, -119.463300, 1.814000 
55.586800, -119.433800, 0.463000 
52.399300, -115.020500, 0.643000 
57.418900, -119.675000, 1.254000 
54.552500, -111.305300, 0.366000 
57.374300, -119.234900, 1.340000 
55.769300, -118.567800, 0.541000 
55.429200, -113.618100, 0.618000 
54.033400, -117.756900, 3.227000 
54.965100, -119.306800, 2.409000 
55.954200, -117.710800, 0.411000 
50.165300, -110.666200, 0.445000 
51.495900, -114.210100, 0.441000 
50.202700, -110.661300, 0.423000 
50.336700, -110.135000, 0.851000 
50.294200, -110.593500, 0.613000 
50.191100, -110.259400, 0.518000 
53.337800, -111.243900, 0.815000 
52.090700, -112.766700, 1.720000 
55.862200, -119.589200, 0.060000 
56.098600, -119.288100, 0.330000 
55.945800, -119.805300, 0.300000 
55.943900, -119.923100, 0.470000 
49.698011, -112.823139, 0.019000 
51.020700, -112.948400, 0.403000 
50.278300, -111.468400, 0.453000 
50.289400, -112.007500, 0.906000 
50.438700, -111.284800, 1.457000 
50.485900, -111.451200, 0.314000 
50.671500, -111.695300, 0.658000 
51.126200, -112.359500, 0.799000 
50.675000, -111.762200, 0.650000 
50.802300, -111.902000, 0.527000 
50.795100, -112.017800, 0.907000 
50.893400, -112.174000, 0.578000 
50.915100, -112.451700, 2.108000 
50.707900, -112.353400, 0.554000 
50.711500, -112.394000, 0.800000 
50.867900, -111.936700, 0.309000 
50.889400, -113.406800, 0.622000 
51.402600, -113.247400, 0.693000 
49.205300, -111.037700, 0.701000 
50.766500, -111.946400, 0.988000 
57.931900, -117.835000, 0.797000 
58.081200, -117.635600, 0.816000 
57.808400, -118.093900, 0.427000 
54.949300, -110.622600, 0.490000 
55.047300, -110.577800, 1.148000 
55.240100, -114.042800, 0.474000 
55.294800, -110.795100, 0.388000 
57.266800, -114.892000, 0.841000 
50.165800, -111.052800, 0.327000 
50.223900, -110.761900, 2.173000 
50.224000, -110.037500, 3.686000 
50.398600, -110.503300, 13.018000 
50.573100, -111.177500, 0.869000 
50.700700, -110.478000, 1.066000 
50.700600, -110.772500, 0.620000 
55.472800, -119.127200, 0.518000 
56.095100, -113.448600, 4.598000 
50.536900, -112.031500, 1.327000 
52.526800, -111.782500, 1.615000 
50.314700, -111.968400, 0.307000 
50.631500, -111.022200, 2.245000 
50.336800, -111.169800, 0.626000 
53.148600, -111.195000, 1.002000 
53.075900, -111.299700, 1.035000 
52.424800, -110.364700, 0.778000 
53.763400, -114.770000, 1.546000 
53.923400, -116.626800, 0.345000 
52.355700, -110.322500, 1.935000 
54.223000, -113.478600, 0.331000 
53.254000, -113.048200, 0.407000 
52.333700, -111.059400, 1.489000 
56.302200, -119.901200, 0.641000 
54.581700, -115.982900, 0.408000 
51.766200, -111.963700, 0.405000 
50.922300, -112.003700, 0.925000 
55.633700, -119.575000, 0.758000 
55.619600, -119.503300, 0.316000 
50.333200, -111.732800, 0.809000 
50.591500, -111.780300, 1.170000 
50.078300, -110.419700, 0.441000 
53.188700, -115.642200, 0.320000 
51.439000, -112.054500, 0.590000 
51.359000, -112.360100, 0.390000 
51.531300, -113.276300, 0.960000 
51.642600, -113.337700, 4.410000 
53.374300, -114.527900, 5.570000 
50.707900, -113.221600, 0.210000 
51.122600, -112.149500, 0.280000 
51.042300, -111.298100, 0.450000 
53.876200, -117.149000, 0.312000 
53.989000, -116.950100, 1.015000 
53.228700, -115.104400, 1.523000 
54.323400, -115.677500, 1.450000 
51.726200, -114.436000, 0.835000 
51.697300, -114.536800, 1.077000 
54.509700, -110.909900, 0.346000 
52.435700, -113.390400, 1.426000 
55.433300, -116.483200, 0.885000 
51.971000, -114.052700, 0.835000 
52.450400, -110.851900, 2.229000 
52.482800, -110.026900, 0.334000 
52.465000, -110.121000, 0.475000 
52.359300, -114.785700, 1.464000 
52.486400, -114.490000, 1.046000 
53.825100, -116.396900, 0.539000 
50.758700, -112.498100, 0.820000 
50.100300, -112.262000, 0.534000 
51.366200, -112.771200, 0.300000 
51.093400, -112.820100, 0.400000 
52.275700, -114.218800, 0.800000 
51.871800, -112.887600, 0.400000 
52.522800, -116.380000, 0.300000 
51.737300, -112.561700, 0.300000 
52.115700, -110.983100, 0.500000 
52.552000, -110.508900, 0.300000 
52.337300, -110.166100, 3.600000 
56.613100, -112.849000, 1.155000 
56.502900, -116.750400, 1.799000 
56.233200, -113.896400, 2.000000 
55.385700, -113.001600, 0.900000 
49.521900, -112.139500, 0.600000 
49.569200, -112.149200, 0.500000 
50.889500, -111.184200, 0.700000 
49.936700, -111.406500, 2.300000 
50.587900, -111.815100, 1.100000 
49.758300, -112.159700, 0.300000 
50.711900, -111.057400, 0.680000 
54.800000, -119.106100, 1.900000 
53.428700, -116.722200, 1.100000 
52.493600, -115.935000, 0.600000 
52.806700, -116.210000, 4.700000 
52.424800, -110.292500, 0.400000 
52.472000, -110.093900, 0.500000 
52.504700, -110.321700, 0.700000 
49.900300, -111.817000, 0.800000 
50.689500, -111.554800, 0.827000 
52.610400, -114.821800, 6.451000 
52.631900, -114.610300, 0.334000 
58.568700, -119.061500, 1.713000 
52.286500, -114.970800, 0.619000 
56.313200, -111.636200, 14.564000 
54.268900, -111.143600, 0.311000 
57.877200, -119.740900, 0.908000 
53.020800, -112.949800, 0.451000 
49.652800, -111.231900, 0.309000 
56.706200, -110.377600, 1.750000 
53.561500, -116.577900, 10.331000 
53.523200, -114.879200, 0.330000 
56.560600, -119.031700, 0.860000 
52.042900, -114.588800, 0.830000 
53.974300, -114.923900, 0.470000 
52.759300, -115.531900, 0.370000 
49.816400, -112.070100, 0.046000 
52.522900, -111.634000, 0.040000 
49.791100, -112.557000, 0.029000 
49.761900, -113.394800, 0.048000 
50.693100, -111.322200, 0.310000 
51.739900, -113.351900, 0.570000 
52.326500, -114.406800, 0.924000 
54.963600, -117.670700, 1.693000 
58.615900, -119.015700, 0.524000 
58.466800, -118.788700, 1.873000 
58.761500, -118.690400, 0.996000 
49.697836, -112.821799, 0.466000 
50.165900, -110.089100, 0.125000 
55.254700, -118.930800, 1.385000 
55.254700, -118.917800, 0.884000 
54.454400, -119.091700, 0.315000 
54.538100, -119.066400, 0.331000 
55.327500, -119.007800, 0.886000 
56.833400, -113.112100, 0.862000 
57.200900, -112.905700, 2.054000 
59.641800, -118.307800, 1.828000 
51.813600, -112.454200, 0.391000 
54.418100, -116.362000, 1.318000 
54.232500, -116.611500, 0.393000 
54.363300, -116.624000, 1.076000 
54.792900, -115.521700, 4.440000 
55.825900, -115.229000, 0.570000 
50.111100, -111.954000, 0.270000 
54.458200, -115.641400, 0.380000 
53.828700, -115.943300, 0.380000 
54.647300, -115.495800, 0.790000 
53.352200, -115.421100, 0.699000 
51.970000, -110.629400, 0.375000 
55.651200, -116.386000, 0.888000 
51.868200, -110.139700, 0.501000 
53.090400, -115.245000, 1.553000 
53.254000, -114.437900, 0.792000 
53.181200, -114.486800, 0.932000 
52.936200, -114.160900, 0.597000 
52.890400, -114.865000, 0.335000 
53.110500, -115.058300, 1.321000 
57.604400, -118.999800, 0.333000 
56.648300, -115.705700, 1.672000 
56.458600, -119.914300, 0.742000 
54.844900, -115.332400, 3.957000 
56.546600, -115.293500, 1.113000 
53.428700, -115.125800, 6.264000 
56.590200, -115.878400, 3.726000 
50.337100, -111.513600, 1.851000 
53.479400, -115.130800, 0.651000 
52.446500, -114.671600, 0.468000 
52.650400, -115.080800, 2.920000 
52.155700, -110.893800, 3.381000 
52.519400, -110.085200, 0.423000 
57.320900, -118.063600, 0.356000 
53.173900, -114.884600, 2.005000 
50.715500, -110.953700, 0.323000 
57.851600, -119.158100, 0.536000 
50.271200, -110.376900, 0.401000 
50.307500, -110.502500, 0.584000 
50.282400, -110.468900, 0.416000 
50.318700, -111.261700, 0.348000 
52.541200, -115.170800, 0.372000 
52.439300, -115.044700, 0.533000 
52.461400, -114.346900, 0.892000 
53.064700, -116.436900, 0.730000 
53.039400, -116.406400, 0.726000 
53.163100, -117.017800, 0.653000 
52.166500, -114.702100, 0.318000 
57.042500, -111.905000, 5.411000 
55.750400, -119.787600, 0.523000 
56.368500, -115.360700, 0.676000 
56.764300, -115.631800, 0.625000 
51.791800, -110.808900, 0.753000 
49.914900, -112.361400, 0.334000 
53.752300, -117.099300, 0.830000 
50.253200, -111.319200, 0.582000 
50.758700, -111.641500, 0.422000 
53.225100, -114.034600, 0.365000 
50.736800, -113.325700, 0.347000 
54.668900, -118.908300, 0.447000 
55.603900, -119.347800, 0.690000 
54.672800, -118.914700, 0.427000 
52.028200, -114.809600, 0.911000 
52.843100, -115.604700, 0.852000 
50.173400, -112.395600, 0.687000 
52.545700, -114.106000, 0.640000 
50.085600, -111.589000, 0.590000 
50.013100, -112.393100, 2.500000 
50.336700, -112.910300, 0.308000 
50.046300, -112.477200, 0.898000 
50.002300, -112.873400, 1.553000 
52.774000, -112.914300, 1.175000 
54.385300, -118.624900, 0.541000 
54.290800, -118.493200, 1.055000 
54.352500, -118.587100, 0.812000 
58.368300, -118.990000, 0.647000 
50.889400, -114.761800, 1.700000 
49.229200, -114.029100, 5.940000 
49.488900, -113.955100, 8.793000 
52.088200, -115.689400, 0.374000 
51.135900, -114.144900, 0.622000 
51.599900, -115.356900, 0.644000 
51.635300, -115.139200, 0.382000 
53.174000, -114.554100, 0.811000 
52.042800, -114.958800, 0.371000 
53.272300, -114.725300, 0.458000 
56.251400, -119.960600, 0.210000 
52.621200, -112.211500, 0.485000 
53.279500, -111.587000, 0.753000 
53.195900, -111.911200, 0.557000 
53.363200, -111.879500, 0.562000 
50.994100, -113.958300, 0.700000 
53.499900, -113.418000, 0.643000 
55.771100, -119.308900, 1.209000 
54.421700, -117.784300, 0.370000 
53.734200, -118.395600, 0.734000 
52.766700, -116.393000, 1.056000 
54.485300, -118.778300, 1.021000 
54.359700, -119.138900, 2.302000 
56.095100, -118.758700, 0.312000 
55.782200, -119.367200, 0.842000 
54.461800, -111.780100, 0.588000 
53.854300, -117.391200, 0.689000 
55.378300, -118.499700, 1.936000 
56.440600, -119.775700, 0.987000 
55.749400, -119.562000, 0.846000 
54.359700, -118.756300, 0.710000 
54.265300, -116.342000, 0.527000 
54.119800, -116.273100, 0.790000 
53.577900, -116.599000, 0.632000 
53.799800, -116.092200, 0.586000 
54.178700, -117.328400, 3.347000 
53.711900, -117.052500, 0.732000 
56.006700, -118.390800, 0.344000 
56.314400, -119.873400, 0.408000 
53.918400, -117.297000, 0.492000 
56.223300, -119.570800, 0.576000 
52.681000, -110.184000, 0.951000 
52.989300, -114.157900, 0.522000 
55.571800, -112.549600, 0.327000 
52.890700, -110.252700, 0.351000 
52.830300, -116.272200, 1.016000 
53.022200, -116.520800, 0.524000 
52.958200, -114.679900, 0.618000 
52.969200, -116.692500, 2.404000 
52.969300, -110.092700, 0.420000 
55.266800, -112.567900, 0.438000 
56.364200, -119.934300, 0.883000 
55.338100, -118.536700, 1.437000 
50.168300, -112.299800, 0.681000 
50.013100, -112.611500, 3.403000 
50.311700, -112.515100, 0.384000 
56.851800, -115.208100, 0.398000 
52.792000, -112.562700, 0.357000 
52.788400, -112.489800, 0.344000 
52.031800, -112.629500, 1.035000 
55.070800, -118.695000, 1.306000 
53.346200, -113.517200, 21.144000 
53.170400, -115.177800, 0.466000 
53.847000, -114.619400, 0.699000 
53.484800, -115.607600, 0.644000 
53.385100, -115.612800, 2.243000 
52.180900, -113.083200, 0.600000 
53.305100, -115.691100, 0.300000 
53.483200, -115.526400, 0.691000 
52.097300, -114.755700, 0.673000 
52.188200, -110.988300, 1.731000 
49.616400, -111.917300, 4.690000 
55.058700, -111.895500, 0.428000 
54.640000, -115.780400, 0.399000 
54.162360, -115.733900, 2.561000 
54.432500, -116.139700, 0.699000 
54.545400, -114.794200, 0.595000 
52.475700, -111.700100, 0.573000 
52.981500, -112.707700, 1.545000 
52.349900, -110.266600, 0.849000 
49.833300, -111.699800, 8.771000 
49.516600, -112.517500, 1.150000 
55.072800, -116.975700, 0.538000 
51.828200, -111.774200, 0.779000 
51.686200, -110.666900, 0.448000 
56.070600, -119.960500, 0.612000 
54.105400, -117.526500, 3.171000 
56.076700, -119.648100, 0.326000 
55.950000, -110.601900, 0.684000 
53.607000, -110.262700, 1.040000 
49.594700, -111.905900, 1.579000 
56.007600, -113.402800, 3.588000 
54.054200, -118.308700, 0.386000 
49.834700, -112.189000, 0.648000 
56.578600, -119.058300, 0.497000 
53.977900, -116.751200, 2.680000 
52.253700, -112.599800, 0.580000 
50.093100, -110.732800, 0.699000 
53.590480, -116.172680, 0.392000 
51.624500, -112.952600, 0.709000 
51.700900, -112.852000, 0.439000 
52.759300, -114.125200, 0.392000 
51.930100, -113.538800, 0.467000 
54.956400, -119.783300, 0.362000 
55.254700, -119.458100, 0.386000 
53.779500, -118.486200, 0.340000 
53.958000, -118.772800, 0.454000 
55.771200, -115.548700, 2.688000 
55.618300, -119.613900, 0.489000 
52.322900, -114.707700, 0.456000 
56.271846, -111.498890, 0.541000 
56.411400, -118.440600, 0.474000 
56.535000, -115.016900, 0.500000 
54.807300, -115.413300, 5.863000 
54.752900, -115.439200, 2.389000 
54.800000, -115.520600, 6.273000 
53.294000, -115.972500, 0.598000 
54.467300, -110.209200, 0.572000 
54.273400, -110.751000, 0.513000 
54.169000, -115.762200, 0.466000 
53.578344, -115.855642, 0.940000 
53.723400, -116.533700, 0.550000 
53.657900, -116.666800, 0.662000 
57.488000, -119.168900, 1.080000 
56.586100, -118.991700, 0.635000 
51.359000, -112.418700, 0.620000 
51.737300, -113.124300, 0.310000 
53.021100, -116.216900, 0.361000 
52.213700, -114.308200, 0.517000 
52.501200, -111.700100, 1.796000 
56.495700, -115.604300, 1.773000 
56.517000, -116.045500, 6.553000 
52.366500, -110.791600, 0.702000 
56.527900, -115.311500, 0.707000 
51.569700, -114.985200, 0.600000 
52.322900, -110.298300, 0.400000 
52.453700, -110.948000, 0.700000 
49.731100, -113.460100, 0.107000 
49.709466, -112.781685, 0.604000 
52.942400, -113.511100, 2.226000 
52.260900, -114.373800, 0.039000 
51.900900, -111.608400, 0.576000 
54.338100, -116.580100, 0.620000 
55.833100, -119.058900, 0.373000 
55.829400, -119.052200, 0.454000 
55.007200, -116.873400, 2.460000 
53.484800, -115.607600, 1.197000 
52.381200, -112.199200, 1.745000 
54.166900, -118.486900, 0.770000 
51.489800, -112.888700, 0.428000 
50.831400, -110.865000, 0.761000 
52.479300, -111.567800, 0.753000 
49.907500, -112.227600, 0.792000 
54.668900, -117.651600, 0.771000 
58.568700, -119.334300, 0.897000 
51.491800, -114.030200, 0.589000 
52.794000, -111.825900, 1.008000 
53.434200, -111.805800, 1.330000 
51.804500, -113.239900, 1.136000 
52.192000, -114.111300, 0.321000 
53.134000, -111.850100, 0.311000 
52.282900, -113.113200, 1.083000 
53.575400, -113.624100, 13.422000 
53.714800, -113.190000, 0.456000 
57.217500, -110.895000, 16.048000 
52.661200, -110.496900, 0.396000 
52.679300, -110.155200, 0.823000 
49.449200, -113.848500, 0.502000 
50.556100, -114.236300, 0.338000 
54.301700, -118.649900, 0.673000 
56.666700, -111.345100, 13.480000 
56.055100, -115.366500, 1.354000 
52.875700, -111.483300, 0.500000 
51.176500, -114.194900, 8.358000 
53.558800, -113.473700, 2.906000 
51.727500, -113.819000, 0.629000 
51.326800, -110.165300, 1.272000 
51.341500, -110.147900, 2.640000 
50.082600, -112.543800, 0.402000 
53.221000, -114.668000, 1.047000 
54.903200, -115.205800, 3.883000 
50.993800, -113.990000, 12.645000 
54.525200, -118.670400, 0.754000 
56.197600, -116.144500, 1.271000 
53.768900, -112.166400, 0.668000 
51.145200, -112.507900, 0.522000 
56.246400, -119.099000, 0.896000 
52.493200, -114.318100, 0.430000 
54.954100, -115.218400, 0.430000 
52.115800, -110.579400, 5.632000 
54.572600, -118.834200, 0.421000 
58.494400, -118.673600, 0.767000 
57.211800, -118.010800, 0.390000 
54.898100, -119.126100, 0.388000 
54.438200, -119.676100, 0.473000 
53.834000, -117.912400, 12.434000 
53.987100, -117.351500, 0.953000 
53.539800, -113.397000, 38.710000 
50.571300, -112.146100, 0.355000 
50.683000, -111.548000, 7.693000 
55.320300, -118.762000, 0.439000 
52.250300, -110.585300, 0.348000 
52.210300, -110.496000, 0.368000 
52.181200, -110.525600, 0.446000 
56.528300, -116.218500, 2.234000 
50.624800, -111.588500, 0.981000 
56.446200, -115.883200, 0.516000 
50.064300, -112.276400, 1.089000 
53.410600, -112.041500, 2.794000 
53.550000, -113.466700, 0.457000 
52.188500, -110.127000, 1.600000 
52.137500, -113.477800, 0.320000 
53.128600, -115.199100, 2.970000 
50.631900, -111.011300, 1.652000 
50.155700, -114.453300, 0.783000 
49.871200, -112.338900, 0.883000 
54.685600, -118.772100, 0.496000 
51.222600, -114.642900, 0.496000 
50.087600, -112.282900, 0.326000 
50.486700, -112.917000, 0.452000 
50.640600, -114.293200, 4.438000 
52.685100, -110.430200, 0.518000 
50.950500, -113.958000, 0.669000 
56.486500, -114.120400, 0.609000 
54.452800, -116.856300, 1.171000 
52.764900, -114.957500, 0.460000 
52.941200, -118.043000, 3.514000 
56.937100, -113.480800, 1.007000 
58.695200, -114.005000, 3.169000 
55.483600, -115.394000, 0.387000 
57.546100, -119.106200, 0.596000 
57.066400, -118.029400, 0.314000 
55.714000, -115.898300, 1.558000 
58.727600, -111.136400, 11.996000 
52.478300, -111.743500, 0.750000 
52.293900, -110.691400, 0.307000 
50.593000, -111.492000, 2.012000 
53.175900, -115.271100, 2.306000 
55.160200, -118.818400, 43.348000 
54.870400, -117.652600, 0.467000 
49.809300, -111.678300, 0.311000 
49.867000, -111.383000, 0.496000 
53.559400, -113.347200, 5.060000 
51.071400, -115.132000, 1.081000 
50.701400, -111.554300, 1.803000 
52.264600, -111.043600, 2.041000 
51.570600, -113.688200, 0.400000 
51.680100, -113.935100, 0.243000 
51.723600, -113.616200, 0.378000 
51.770800, -113.622100, 0.975000 
59.254000, -119.683100, 1.085000 
49.875700, -111.659300, 0.720000 
55.634000, -115.938400, 0.436000 
52.361000, -113.819400, 0.011000 
52.549200, -113.840800, 0.247000 
49.720000, -113.500300, 0.666000 
53.599500, -111.416200, 0.563000 
55.714100, -115.899700, 2.292000 
52.177500, -110.359200, 0.348000 
54.189800, -110.505800, 0.309000 
54.379500, -117.210700, 0.442000 
54.866900, -118.798100, 1.677000 
55.910700, -115.139100, 0.346000 
55.248700, -119.246800, 0.327000 
54.477900, -117.590300, 0.333000 
53.666400, -117.259600, 1.650000 
50.360600, -111.756000, 0.456000 
50.479100, -111.473800, 0.634000 
55.655900, -119.658300, 0.562000 
52.592300, -111.663300, 0.350000 
52.630400, -114.346500, 0.339000 
54.040000, -114.130000, 0.385000 
54.455100, -111.092200, 0.345000 
56.482100, -117.963100, 1.672000 
54.247500, -110.686500, 0.752000 
53.307800, -113.584900, 0.324000 
53.936200, -113.499600, 0.800000 
51.600900, -111.231500, 0.360000 
50.393200, -113.828900, 0.497000 
50.320400, -113.087100, 0.469000 
50.540900, -111.794500, 0.590000 
52.568100, -114.455500, 0.464000 
55.103300, -119.192300, 4.125000 
55.092400, -119.186000, 0.583000 
55.655800, -118.688900, 0.597000 
55.488500, -119.270600, 0.538000 
53.573300, -116.231900, 0.637000 
53.564400, -116.250100, 0.460000 
54.055700, -117.243900, 1.313000 
53.655600, -117.081700, 0.433000 
53.221600, -114.973300, 2.011000 
55.278800, -114.766600, 2.740000 
55.118600, -118.361300, 6.167000 
54.423900, -110.304200, 1.872000 
54.171000, -118.334400, 6.762000 
50.485300, -111.171600, 3.668000 
55.373190, -114.747800, 7.902000 
50.626000, -111.626900, 1.171000 
52.903100, -110.728700, 0.377000 
52.932200, -110.764800, 1.304000 
50.837800, -110.928500, 0.250000 
52.306600, -112.341300, 0.800000 
52.255600, -111.618200, 0.350000 
53.579500, -113.316800, 0.357000 
53.566800, -113.365000, 4.998000 
52.639900, -111.273500, 8.726000 
52.675000, -114.717500, 1.465000 
52.437900, -113.858500, 0.529000 
54.342700, -110.328700, 0.600000 
52.262900, -111.618200, 0.820000 
51.710000, -111.488000, 0.310000 
52.110100, -110.968400, 1.459000 
54.128600, -116.928000, 0.387000 
53.266900, -111.912400, 0.390000 
53.477900, -111.936300, 0.500000 
53.427000, -112.075100, 0.320000 
54.675800, -115.393900, 0.303000 
54.197700, -116.761000, 1.525000 
56.454600, -119.905000, 0.730000 
51.030100, -114.041200, 0.752000 
53.543600, -113.494000, 1.217000 
51.030100, -114.041200, 0.411000 
53.561900, -113.506000, 0.376000 
55.743000, -114.147400, 0.404000 
56.524400, -113.464600, 0.756000 
53.343900, -114.323700, 2.411000 
54.285000, -115.698200, 1.808000 
52.196969, -112.869740, 0.880000 
51.694400, -113.214400, 0.340000 
52.017400, -111.310200, 0.346000 
50.290800, -110.486300, 0.451000 
52.470100, -114.346400, 1.682000 
55.250000, -116.290000, 1.516000 
52.380000, -114.140000, 2.030000 
52.866700, -112.200000, 1.332000 
51.435000, -111.755000, 1.105000 
53.329400, -114.290300, 1.547000 
52.486700, -110.481700, 0.433000 
52.718000, -114.022900, 0.386000 
52.976200, -115.262000, 0.424000 
52.965200, -115.243900, 0.498000 
53.034200, -115.290800, 0.901000 
55.110500, -119.199000, 0.819000 
52.514000, -115.042200, 0.520000 
52.384800, -113.713200, 0.509000 
49.591390, -114.028330, 1.151000 
50.266657, -112.836800, 1.500000 
52.259300, -111.280500, 0.381000 
52.776000, -110.484500, 0.674000 
53.870300, -117.088800, 0.446000 
52.295400, -115.825300, 1.482000 
52.863400, -110.466700, 0.431000 
57.288700, -111.886800, 2.224000 
55.842400, -119.691800, 0.620000 
54.623400, -118.192200, 0.926000 
54.488700, -116.821400, 0.726000 
54.125100, -116.816700, 1.102000 
52.641400, -115.125800, 0.618000 
53.041000, -115.864000, 0.783000 
52.583000, -113.734000, 0.300000 
59.916100, -117.034200, 0.395000 
51.157600, -114.191600, 1.745000 
53.678600, -113.804600, 1.005000 
53.007200, -117.327200, 0.538000 
53.693700, -113.844600, 5.635000 
52.494100, -113.852000, 8.411000 
50.845000, -111.684000, 1.147000 
55.998000, -118.532200, 1.924000 
54.518400, -110.905000, 0.495000 
56.279700, -119.168000, 1.280000 
54.863300, -119.001700, 0.584000 
54.352100, -119.460100, 0.443000 
54.116900, -110.214800, 0.434000 
59.253700, -119.084100, 0.584000 
57.347300, -119.552100, 0.962000 
53.066800, -115.412200, 0.457000 
51.927900, -114.538800, 0.433000 
52.102500, -114.426100, 0.763000 
51.887800, -114.647300, 0.747000 
51.905900, -114.594200, 0.793000 
51.571100, -114.243900, 0.356000 
56.517400, -115.693200, 0.639000 
54.867000, -119.224300, 2.066000 
53.688100, -111.365700, 0.690000 
52.780500, -112.430600, 0.670000 
55.266800, -114.613000, 0.464000 
55.713300, -118.771000, 0.870000 
54.979700, -118.772700, 0.750000 
54.179500, -116.685600, 0.430000 
57.309900, -119.751300, 0.311000 
56.193600, -110.950600, 22.056000 
54.404000, -118.882700, 0.344000 
52.420200, -115.198500, 0.505000 
55.096100, -119.185900, 1.723000 
55.110500, -119.185900, 3.808000 
52.674300, -113.985300, 0.529000 
55.449200, -114.808500, 0.503000 
51.912900, -113.627900, 0.333000 
52.366300, -114.963500, 0.440000 
55.527900, -110.873800, 4.262000 
54.226800, -118.628100, 4.276000 
51.825500, -110.338700, 0.857000 
54.365500, -118.325700, 0.840000 
52.006600, -110.870900, 1.114000 
53.666600, -115.632200, 0.677000 
51.821700, -110.350400, 0.414000 
53.176000, -115.491600, 1.120000 
52.483700, -114.527000, 0.378000 
51.950100, -114.594000, 0.694000 
51.964000, -114.740700, 0.694000 
51.749600, -114.819000, 0.697000 
55.666400, -110.714000, 0.993000 
56.619100, -115.141500, 0.411000 
56.608300, -115.134900, 0.459000 
52.446800, -113.622500, 0.305000 
56.411700, -110.937600, 51.826000 
53.019700, -112.193800, 0.545000 
55.233400, -115.069700, 6.940000 
51.786500, -113.399100, 0.330000 
52.112000, -112.984200, 0.170000 
51.857400, -114.986700, 0.010000 
53.193900, -115.291900, 1.325000 
53.734700, -113.683700, 0.924000 
57.884300, -118.604400, 0.449000 
52.707500, -115.025700, 0.590000 
53.054200, -114.935400, 3.475000 
52.942100, -110.043200, 0.431000 
50.264400, -111.444800, 0.321000 
50.741200, -112.189000, 0.314000 
57.187100, -117.994000, 0.339000 
52.697300, -111.200700, 0.570000 
52.047700, -113.673500, 0.600000 
55.047200, -114.447300, 0.616000 
52.395800, -110.504900, 1.060000 
56.546500, -115.248000, 1.282000 
56.925000, -115.902600, 2.589000 
56.099300, -116.320800, 20.969000 
57.666100, -119.185500, 0.392000 
52.594100, -114.879300, 0.968000 
51.898100, -113.567200, 1.842000 
54.198900, -119.052900, 0.468000 
56.303500, -116.556300, 0.457000 
54.323000, -110.250000, 2.844000 
54.656560, -119.915230, 0.749000 
52.801600, -116.463200, 0.458000 
52.817000, -110.537500, 0.632000 
52.819800, -110.575300, 0.424000 
52.695800, -110.454400, 0.868000 
52.969000, -116.688400, 0.394000 
52.436100, -112.234300, 0.381000 
50.073900, -111.951000, 0.691000 
54.441400, -116.121600, 0.298000 
54.247600, -114.958600, 0.362000 
53.579500, -116.138000, 0.347000 
53.176000, -115.272300, 0.701000 
55.662600, -111.257700, 54.499000 
53.975700, -117.287500, 1.077000 
53.862200, -111.637100, 0.311000 
55.997100, -113.473700, 2.240000 
54.914300, -118.912500, 0.379000 
53.252500, -115.552400, 1.012000 
51.716800, -114.642400, 0.536000 
55.608800, -118.003600, 3.769000 
53.812700, -114.728000, 0.690000 
55.640500, -117.119300, 28.126000 
53.791200, -114.612900, 0.802000 
55.489500, -118.325200, 0.633000 
52.279400, -113.140100, 1.099000 
50.275500, -112.549200, 0.397000 
53.350200, -110.845800, 0.750000 
55.031700, -115.592400, 0.318000 
54.710600, -117.615400, 0.646000 
53.175800, -114.848300, 0.450000 
54.349300, -111.382500, 1.969000 
53.190400, -115.223500, 0.323000 
53.322400, -110.671800, 1.517000 
55.466100, -119.543500, 0.639000 
52.565000, -114.700300, 0.716000 
53.957400, -116.720600, 0.313000 
55.488600, -119.348200, 0.318000 
53.499200, -116.805300, 3.680000 
53.920600, -110.608600, 0.471000 
53.352500, -110.112200, 0.714000 
53.892300, -117.336400, 1.724000 
56.499600, -119.229900, 1.044000 
55.847900, -119.363300, 0.490000 
54.612800, -118.214100, 0.509000 
54.612700, -118.213800, 1.151000 
55.704000, -119.301500, 0.820000 
55.863800, -119.715500, 0.481000 
54.234200, -111.691400, 0.302000 
57.087200, -112.899500, 0.745000 
54.760400, -113.959500, 0.390000 
55.647300, -119.541400, 0.570000 
53.540300, -111.784400, 0.393000 
49.987200, -111.739100, 0.435000 
54.666800, -115.321400, 0.489000 
54.674500, -115.292600, 0.708000 
53.602300, -115.935400, 0.352000 
49.696800, -114.201400, 0.871000 
56.113500, -111.829300, 4.123000 
53.107500, -116.763500, 0.591000 
53.734800, -118.391200, 0.791000 
53.212300, -116.990500, 0.429000 
54.743500, -119.048100, 0.320000 
51.551400, -113.064300, 0.442000 
53.521200, -116.037600, 0.607000 
53.450100, -116.033600, 0.411000 
55.525500, -118.796900, 0.626000 
50.442800, -111.519600, 0.414000 
56.191100, -118.887100, 0.924000 
50.473500, -111.367500, 1.125000 
52.211100, -113.268100, 1.443000 
50.296100, -111.553200, 0.626000 
53.608500, -115.435600, 0.857000 
52.142200, -114.809600, 0.663000 
56.128800, -119.452100, 1.115000 
56.143400, -119.360900, 3.305000 
52.189900, -114.100000, 0.664000 
52.246600, -113.150800, 0.437000 
52.269700, -113.087900, 0.373000 
54.226800, -118.628100, 2.387000 
51.743600, -113.251600, 0.465000 
51.396500, -114.028100, 0.413000 
54.830600, -119.662600, 0.320000 
55.852500, -117.638900, 1.615000 
55.688600, -118.068200, 2.621000 
55.699700, -118.129900, 4.809000 
55.784600, -117.073300, 1.755000 
55.634100, -118.016400, 4.809000 
53.778600, -113.079300, 8.407000 
53.081400, -115.570800, 0.382000 
50.517100, -111.365900, 0.700000 
50.515600, -111.370600, 0.700000 
50.196600, -111.343600, 1.300000 
50.520200, -111.372300, 0.700000 
52.149900, -115.325500, 2.500000 
52.394000, -114.885900, 0.397000 
50.636000, -112.870000, 0.300000 
52.659800, -116.141300, 0.300000 
54.004900, -118.238500, 0.400000 
50.470500, -111.368600, 0.400000 
53.459500, -115.516300, 0.878000 
53.975600, -117.287000, 1.642000 
55.022900, -118.573300, 0.989000 
53.713400, -110.746600, 0.639000 
52.968900, -115.872200, 0.290000 
53.044900, -115.985100, 0.360000 
53.314600, -114.750600, 5.384000 
52.459500, -113.729500, 0.880000 
51.971600, -114.492500, 0.308000 
52.146300, -114.355600, 0.343000 
54.316200, -116.571100, 0.477000 
56.019900, -116.248900, 0.388000 
53.724800, -116.543800, 0.319000 
56.037900, -119.615200, 0.606000 
51.065900, -113.994900, 0.615000 
53.059600, -112.681300, 0.438000 
52.534000, -112.736700, 1.363000 
54.281400, -115.348300, 1.072000 
53.059600, -112.675200, 0.486000 
54.179300, -114.780000, 0.645000 
52.534100, -112.719000, 1.672000 
53.263300, -114.467900, 0.511000 
54.939700, -114.342000, 0.813000 
51.741800, -113.350300, 0.490000 
50.705000, -111.023200, 0.302000 
55.711400, -116.603500, 0.498000 
55.752800, -118.684100, 2.449000 
55.641500, -117.328600, 1.270000 
53.634100, -113.040300, 0.574000 
49.702567, -112.786857, 1.002000 
53.392300, -115.310000, 1.155000 
50.263200, -111.431800, 0.429000 
56.288300, -116.864000, 0.854000 
52.360100, -114.714800, 0.370000 
52.579500, -115.018000, 0.589000 
56.302800, -116.244700, 4.349000 
53.968400, -115.342600, 2.814000 
54.834200, -118.639200, 0.734000 
49.918700, -112.270800, 0.476000 
53.584400, -113.547900, 1.513000 
50.042400, -112.293500, 0.318000 
51.012100, -114.026800, 0.578000 
53.767200, -112.809500, 0.739000 
54.439400, -118.250400, 0.532000 
53.029200, -112.805800, 0.700000 
54.241500, -117.291600, 0.324000 
53.957500, -117.076600, 0.403000 
53.855600, -116.983600, 1.526000 
53.647500, -113.622100, 12.974000 
55.532300, -119.063800, 0.943000 
52.852500, -110.472600, 0.549000 
52.706500, -110.110100, 0.306000 
52.646900, -110.169800, 1.141000 
50.708700, -113.321400, 1.557000 
52.758000, -115.310300, 0.327000 
52.044300, -114.956800, 0.522000 
54.619900, -118.815200, 0.341000 
55.245100, -118.913500, 0.692000 
52.707000, -115.443100, 0.384000 
54.470700, -119.098500, 0.324000 
53.728000, -114.630900, 0.639000 
52.972600, -115.358600, 0.529000 
55.247600, -114.491700, 9.495000 
54.143200, -116.716800, 0.542000 
55.252300, -119.234200, 0.576000 
50.599200, -112.131200, 0.359000 
50.584800, -112.131200, 0.601000 
50.956000, -112.612600, 0.341000 
51.074900, -114.138700, 0.709000 
55.372300, -114.665300, 0.300000 
54.408600, -115.923200, 1.456000 
53.819900, -112.764600, 2.957000 
57.286600, -111.599500, 2.743000 
53.761700, -113.679100, 1.500000 
50.079800, -110.790300, 67.797000 
