56.377200, -117.175600, 0.003744 
53.344000, -114.305000, 0.035923 
54.596400, -110.395000, 0.031582 
54.144400, -115.691700, 0.000001 
54.775000, -115.218600, 0.000214 
53.529100, -113.387500, 0.013085 
57.003300, -111.466100, 0.071477 
57.040500, -111.619200, 0.017718 
53.560000, -114.486200, 0.006871 
53.508500, -114.557100, 0.163560 
53.448700, -114.449100, 0.027930 
53.593060, -116.390300, 0.001000 
55.071200, -118.691200, 0.004548 
53.795900, -113.099600, 0.004630 
53.413300, -117.570600, 0.006025 
53.541700, -113.391700, 0.017527 
53.550500, -113.358900, 0.030522 
55.248100, -114.514000, 0.000001 
54.772900, -110.579000, 0.015626 
53.581600, -113.599100, 0.001413 
51.058900, -115.174500, 0.003030 
53.740700, -113.023100, 0.000033 
53.591200, -113.344600, 0.002150 
55.160200, -118.818400, 0.005080 
