54.923116, -112.861867, 27.370000 
55.996700, -118.533600, 5.665000 
55.996700, -118.533600, 5.665000 
56.377200, -117.175600, 24.313000 
56.377200, -117.175600, 24.313000 
53.288500, -110.018300, 0.148000 
53.288500, -110.018300, 0.148000 
52.146300, -115.330000, 532.820000 
52.146300, -115.330000, 532.820000 
53.048100, -113.921000, 8.479000 
53.048100, -113.921000, 8.479000 
50.747700, -114.494700, 219.492000 
50.747700, -114.494700, 219.492000 
53.952700, -113.078000, 1.951000 
53.952700, -113.078000, 1.951000 
54.572300, -115.522900, 1.069000 
54.572300, -115.522900, 1.069000 
54.596400, -110.395000, 16.171000 
54.596400, -110.395000, 16.171000 
55.335900, -119.223000, 2.316000 
55.335900, -119.223000, 2.316000 
50.647500, -113.772000, 2.730000 
50.647500, -113.772000, 2.730000 
54.194400, -116.632200, 96.457000 
54.194400, -116.632200, 96.457000 
53.245000, -115.674300, 0.846000 
53.245000, -115.674300, 0.846000 
53.746900, -113.164500, 8.576000 
53.746900, -113.164500, 8.576000 
51.742300, -114.134500, 23.190000 
51.742300, -114.134500, 23.190000 
52.959300, -115.893800, 7.782000 
52.959300, -115.893800, 7.782000 
52.776100, -115.660700, 45.666000 
52.776100, -115.660700, 45.666000 
52.758100, -114.111600, 6.722000 
52.758100, -114.111600, 6.722000 
52.226300, -115.177000, 42.404000 
52.226300, -115.177000, 42.404000 
51.534800, -114.203700, 14.724000 
51.534800, -114.203700, 14.724000 
55.725100, -119.399900, 30.061000 
55.725100, -119.399900, 30.061000 
51.191300, -113.940900, 32.558000 
51.191300, -113.940900, 32.558000 
53.733200, -113.486200, 2.454000 
53.733200, -113.486200, 2.454000 
49.305200, -114.000300, 66.480000 
49.305200, -114.000300, 66.480000 
51.039600, -114.559000, 140.800000 
51.039600, -114.559000, 140.800000 
51.965500, -114.753600, 251.460000 
51.965500, -114.753600, 251.460000 
53.722900, -113.174000, 0.012000 
53.722900, -113.174000, 0.012000 
53.652000, -116.099200, 8.296000 
53.652000, -116.099200, 8.296000 
54.423300, -117.760400, 10.471000 
54.423300, -117.760400, 10.471000 
57.003300, -111.466100, 1057.720000 
57.003300, -111.466100, 1057.720000 
57.040500, -111.619200, 140.328000 
57.040500, -111.619200, 140.328000 
51.570800, -114.851700, 96.460000 
51.570800, -114.851700, 96.460000 
55.071200, -118.691200, 34.431000 
55.071200, -118.691200, 34.431000 
53.413300, -117.570600, 25.070000 
53.413300, -117.570600, 25.070000 
53.541700, -113.391700, 8.330000 
53.541700, -113.391700, 8.330000 
53.181200, -115.762500, 41.683000 
53.181200, -115.762500, 41.683000 
51.219500, -114.645400, 33.030000 
51.219500, -114.645400, 33.030000 
54.833300, -118.646700, 14.363000 
54.833300, -118.646700, 14.363000 
54.524700, -116.794300, 0.128000 
54.524700, -116.794300, 0.128000 
52.553700, -111.694000, 2.712000 
52.553700, -111.694000, 2.712000 
53.204500, -116.811200, 366.002000 
53.204500, -116.811200, 366.002000 
53.550500, -113.358900, 12.580000 
53.550500, -113.358900, 12.580000 
58.555500, -118.915900, 3.461000 
58.555500, -118.915900, 3.461000 
51.526000, -113.880000, 45.835000 
51.526000, -113.880000, 45.835000 
51.696900, -114.475000, 3.749000 
51.696900, -114.475000, 3.749000 
54.185400, -116.210400, 112.191000 
54.185400, -116.210400, 112.191000 
54.427200, -116.884300, 80.811000 
54.427200, -116.884300, 80.811000 
53.132300, -115.981700, 120.304000 
53.132300, -115.981700, 120.304000 
55.481900, -119.059200, 23.690000 
55.481900, -119.059200, 23.690000 
51.034710, -114.025600, 16.801000 
51.034710, -114.025600, 16.801000 
53.721800, -113.192700, 0.001000 
53.721800, -113.192700, 0.001000 
49.628100, -114.571900, 9.441000 
49.628100, -114.571900, 9.441000 
57.546300, -119.112600, 1.317000 
57.546300, -119.112600, 1.317000 
53.250200, -115.555500, 36.163000 
53.250200, -115.555500, 36.163000 
55.489100, -119.750800, 19.471000 
55.489100, -119.750800, 19.471000 
53.557500, -116.547200, 23.435000 
53.557500, -116.547200, 23.435000 
53.817200, -113.133600, 2.995000 
53.817200, -113.133600, 2.995000 
52.327100, -112.718300, 21.470000 
52.327100, -112.718300, 21.470000 
57.298900, -111.503300, 4.742000 
57.298900, -111.503300, 4.742000 
53.544400, -113.366200, 0.597000 
53.544400, -113.366200, 0.597000 
56.981400, -111.475800, 2.326000 
56.981400, -111.475800, 2.326000 
53.543100, -117.797900, 0.460000 
53.543100, -117.797900, 0.460000 
52.588100, -111.206100, 0.423000 
52.588100, -111.206100, 0.423000 
55.393100, -110.738300, 0.038000 
55.393100, -110.738300, 0.038000 
57.054200, -111.917200, 1.950000 
57.054200, -111.917200, 1.950000 
50.471500, -111.606500, 1.933000 
50.471500, -111.606500, 1.933000 
58.568700, -119.201500, 1.742000 
58.568700, -119.201500, 1.742000 
50.129400, -111.908400, 2.263000 
50.129400, -111.908400, 2.263000 
53.388600, -115.315800, 7.167000 
53.388600, -115.315800, 7.167000 
50.653300, -111.166100, 1.206000 
50.653300, -111.166100, 1.206000 
59.641800, -118.307800, 1.694000 
59.641800, -118.307800, 1.694000 
52.963700, -111.364700, 0.136000 
52.963700, -111.364700, 0.136000 
57.217500, -110.895000, 0.639000 
57.217500, -110.895000, 0.639000 
56.272700, -110.938200, 0.008000 
56.272700, -110.938200, 0.008000 
52.639900, -111.273500, 3.813000 
52.639900, -111.273500, 3.813000 
54.285000, -115.698200, 2.186000 
54.285000, -115.698200, 2.186000 
53.542800, -113.361400, 0.085000 
53.542800, -113.361400, 0.085000 
