53.344000, -114.305000, 0.104969 
54.596400, -110.395000, 0.007465 
52.564700, -112.141400, 0.066910 
51.531700, -111.786100, 0.089657 
54.007100, -119.104000, 0.004010 
54.775000, -115.218600, 0.002816 
53.529100, -113.387500, 0.013677 
49.713599, -112.796397, 0.000045 
57.003300, -111.466100, 0.051136 
57.040500, -111.619200, 0.026247 
53.560000, -114.486200, 0.041151 
53.508500, -114.557100, 0.144654 
53.448700, -114.449100, 0.022130 
53.795900, -113.099600, 0.000556 
53.541700, -113.391700, 0.005048 
53.550500, -113.358900, 0.003998 
53.581600, -113.599100, 0.009851 
51.058900, -115.174500, 0.021540 
52.827500, -110.859600, 0.001180 
52.674300, -111.311600, 0.000003 
51.068200, -115.136400, 0.000882 
53.591200, -113.344600, 0.009000 
