53.539700, -113.409200, 8.060000 
56.377200, -117.175600, 198.051000 
53.344000, -114.305000, 968.970000 
53.733200, -113.175000, 40.638000 
53.288500, -110.018300, 1.411000 
52.146300, -115.330000, 9.100000 
53.048100, -113.921000, 3.448000 
54.596400, -110.395000, 69.661000 
53.718500, -113.183000, 0.003000 
54.144400, -115.691700, 0.690000 
49.789400, -112.126100, 198.597000 
54.179100, -115.806000, 3.146000 
52.564700, -112.141400, 1221.735000 
51.531700, -111.786100, 195.527000 
54.007100, -119.104000, 235.211000 
50.675600, -110.025000, 452.164000 
53.529100, -113.387500, 151.486000 
53.571700, -113.349800, 120.121000 
58.500000, -119.416700, 16.200000 
53.089200, -116.805900, 51.100000 
52.308300, -113.550000, 519.346000 
49.713599, -112.796397, 5.869000 
49.305200, -114.000300, 22.248000 
51.039600, -114.559000, 16.500000 
51.965500, -114.753600, 15.697000 
56.380600, -116.795000, 14.976000 
53.722900, -113.174000, 0.085000 
53.721700, -113.191700, 112.349000 
53.841600, -113.097900, 476.180000 
57.003300, -111.466100, 3008.315000 
57.040500, -111.619200, 3877.740000 
53.560000, -114.486200, 498.137000 
53.508500, -114.557100, 2963.398000 
53.448700, -114.449100, 693.048000 
52.385800, -113.595000, 9.153000 
50.031100, -110.641000, 12.640000 
51.181625, -114.472100, 0.164000 
52.033030, -113.938910, 57.741000 
53.227700, -114.988900, 12.500000 
53.593060, -116.390300, 187.300000 
51.570800, -114.851700, 3.382000 
50.846700, -113.581170, 52.700000 
55.071200, -118.691200, 111.088000 
53.795900, -113.099600, 11.473000 
53.804200, -113.082400, 11.911000 
53.413300, -117.570600, 395.694000 
50.845800, -113.586700, 81.000000 
53.541700, -113.391700, 806.106000 
50.086600, -110.716700, 41.375000 
53.550500, -113.358900, 120.655720 
55.248100, -114.514000, 8.782000 
54.772900, -110.579000, 50.316000 
54.185400, -116.210400, 17.510000 
53.728270, -113.235520, 40.360000 
53.283800, -110.031900, 27.755000 
51.789600, -114.702800, 69.269000 
49.701943, -112.803037, 52.495000 
54.238200, -115.379700, 61.780000 
53.721800, -113.192700, 8.777000 
53.725400, -113.193000, 83.200000 
55.029800, -118.744000, 284.346000 
55.273300, -114.599700, 4.226000 
55.162300, -118.816600, 31.901000 
50.848000, -113.581300, 0.021000 
50.597600, -111.881800, 23.700000 
50.583700, -113.871100, 25.250000 
53.581600, -113.599100, 119.122000 
52.095600, -114.799300, 7.096000 
51.058900, -115.174500, 961.800000 
53.723500, -113.173800, 49.220000 
53.908300, -118.816700, 9.980000 
50.058200, -110.728200, 212.317000 
54.133300, -115.366600, 63.427000 
54.394900, -116.809000, 94.818000 
58.194700, -116.350400, 17.858000 
58.518800, -117.119500, 132.383000 
54.139800, -115.689100, 16.717000 
54.587200, -112.803100, 9.880000 
53.616600, -115.711100, 0.040000 
52.510900, -110.969600, 0.038000 
50.543800, -111.795000, 0.025000 
55.833000, -119.470000, 0.009000 
53.740700, -113.023100, 59.842000 
57.298900, -111.503300, 20.553000 
54.846700, -112.567500, 0.497000 
54.926900, -111.936100, 0.276000 
52.308300, -113.550000, 430.096000 
53.402700, -117.599300, 28.644000 
55.069600, -110.536100, 22.953000 
57.351700, -111.522200, 27.959000 
51.154200, -114.187700, 51.612000 
51.028800, -114.044800, 16.977000 
51.024500, -114.025000, 39.800000 
51.015020, -114.026480, 28.507000 
51.068200, -115.136400, 145.677000 
53.862700, -110.639000, 32.245000 
53.431000, -117.540600, 2.856000 
53.010600, -112.810000, 10.960000 
52.255700, -113.886000, 8.251000 
53.645100, -114.130200, 10.517000 
53.555610, -113.633750, 0.050000 
53.584100, -113.614400, 0.609000 
53.571300, -113.339300, 35.290000 
53.066500, -117.404800, 1252.860000 
53.943200, -113.596900, 203.000000 
51.065300, -115.221100, 22.740000 
55.736900, -117.185800, 193.424000 
53.550100, -113.775600, 116.978000 
53.501040, -113.489732, 28.871000 
52.375200, -114.921600, 23.406000 
51.020210, -114.019246, 27.900000 
49.784800, -112.151000, 9.458000 
51.488700, -113.153900, 1.001000 
55.943900, -119.923100, 0.470000 
49.698011, -112.823139, 0.447000 
53.561500, -116.577900, 101.353000 
49.697836, -112.821799, 5.809000 
51.411700, -114.027600, 0.053000 
57.042500, -111.905000, 5.463000 
49.229200, -114.029100, 7.440000 
49.488900, -113.955100, 11.027000 
53.346200, -113.517200, 21.144000 
54.162360, -115.733900, 55.383000 
52.981500, -112.707700, 23.139000 
52.349900, -110.266600, 10.249000 
49.833300, -111.699800, 82.120000 
53.779500, -118.486200, 0.340000 
54.467300, -110.209200, 67.700000 
54.169000, -115.762200, 55.177000 
52.942400, -113.511100, 32.799000 
56.242200, -117.325200, 25.746000 
52.794000, -111.825900, 26.735000 
53.434200, -111.805800, 33.309000 
51.804500, -113.239900, 29.287000 
53.575400, -113.624100, 250.537000 
57.217500, -110.895000, 16.048000 
51.176500, -114.194900, 110.828000 
53.558800, -113.473700, 36.853000 
50.993800, -113.990000, 24.801000 
53.539800, -113.397000, 38.710000 
55.160200, -118.818400, 66.808000 
53.559400, -113.347200, 20.600000 
51.071400, -115.132000, 5.657000 
52.361000, -113.819400, 0.147000 
52.549200, -113.840800, 3.837000 
49.720000, -113.500300, 10.811000 
53.599500, -111.416200, 9.960000 
53.307800, -113.584900, 1.394000 
53.221600, -114.973300, 37.527000 
55.278800, -114.766600, 51.145000 
55.118600, -118.361300, 115.111000 
54.423900, -110.304200, 34.944000 
55.373190, -114.747800, 7.902000 
53.745100, -113.235600, 13.890000 
53.566800, -113.365000, 197.396000 
52.639900, -111.273500, 344.618000 
51.094400, -114.049700, 204.882000 
52.866700, -112.200000, 18.600000 
51.435000, -111.755000, 15.424000 
53.329400, -114.290300, 21.597000 
57.288700, -111.886800, 2.224000 
51.157600, -114.191600, 68.228000 
53.678600, -113.804600, 7.960000 
53.007200, -117.327200, 1.337000 
53.693700, -113.844600, 50.312000 
52.494100, -113.852000, 109.527000 
50.845000, -111.684000, 16.294000 
56.193600, -110.950600, 22.060000 
56.411700, -110.937600, 52.498000 
56.099300, -116.320800, 20.969000 
55.662600, -111.257700, 54.499000 
55.640500, -117.119300, 28.126000 
56.113500, -111.829300, 4.123000 
53.554250, -114.962760, 24.455000 
53.314600, -114.750600, 57.134000 
52.459500, -113.729500, 6.146000 
55.752800, -118.684100, 50.877000 
49.702567, -112.786857, 21.519000 
53.584400, -113.547900, 35.829000 
53.647500, -113.622100, 69.807000 
55.247600, -114.491700, 185.853000 
51.074900, -114.138700, 0.709000 
53.819900, -112.764600, 44.035000 
57.286600, -111.599500, 8.815000 
50.079800, -110.790300, 67.797000 
