56.377200, -117.175600, 118.624000 
54.144400, -115.691700, 0.158000 
49.789400, -112.126100, 29.091000 
52.322100, -113.516600, 53.756000 
53.571700, -113.349800, 58.993000 
53.721700, -113.191700, 50.940000 
53.841600, -113.097900, 2275.000000 
57.040500, -111.619200, 996.878000 
53.560000, -114.486200, 51.537000 
53.448700, -114.449100, 0.130000 
50.846700, -113.581170, 45.100000 
55.071200, -118.691200, 47.902000 
53.413300, -117.570600, 40.058000 
50.845800, -113.586700, 1169.000000 
53.541700, -113.391700, 1.284000 
53.204500, -116.811200, 6.935000 
50.086600, -110.716700, 2222.034000 
55.248100, -114.514000, 0.740000 
53.319300, -113.518000, 1.151000 
53.721800, -113.192700, 194.846000 
53.725400, -113.193000, 642.900000 
50.597600, -111.881800, 22.380000 
50.583700, -113.871100, 3.116000 
51.000700, -113.965670, 0.261000 
51.012800, -114.022000, 304.603000 
50.912700, -114.011800, 53.082000 
53.719000, -113.205600, 2.030000 
53.560800, -113.415300, 205.700000 
53.567200, -113.599300, 0.909000 
52.266000, -113.808200, 2.500000 
52.308800, -113.790000, 31.549000 
53.628800, -113.307700, 63.430000 
51.804300, -114.095400, 0.027000 
49.516600, -112.517500, 0.098000 
50.385800, -113.246500, 1.382000 
53.714800, -113.190000, 4.507000 
55.160200, -118.818400, 72.060000 
53.745100, -113.235600, 0.026000 
50.858900, -113.988500, 7.618000 
50.079800, -110.790300, 34.361000 
