56.377200, -117.175600, 0.000050 
53.344000, -114.305000, 0.038473 
53.529100, -113.387500, 0.114158 
57.003300, -111.466100, 0.056229 
57.040500, -111.619200, 0.042222 
53.560000, -114.486200, 0.023542 
53.508500, -114.557100, 0.251049 
53.448700, -114.449100, 0.082195 
51.181625, -114.472100, 0.000005 
53.413300, -117.570600, 0.000571 
53.541700, -113.391700, 0.010827 
51.789600, -114.702800, 0.000361 
53.581600, -113.599100, 0.001497 
51.058900, -115.174500, 0.001400 
53.740700, -113.023100, 0.000033 
53.591200, -113.344600, 0.002900 
53.778600, -113.079300, 0.002539 
