57.003300, -111.466100, 41.280000 
56.380600, -116.795000, 0.003000 
54.833300, -118.646700, 0.141000 
53.546800, -113.734800, 0.001000 
53.570000, -113.611400, 0.061000 
54.524700, -116.794300, 0.977000 
51.570800, -114.851700, 0.032000 
52.776100, -115.660700, 0.402000 
50.982200, -113.974200, 0.006000 
57.040500, -111.619200, 70.088000 
52.758100, -114.111600, 0.266000 
53.245000, -115.674300, 0.007000 
51.534800, -114.203700, 0.036000 
55.725100, -119.399900, 0.128000 
52.226300, -115.177000, 0.106000 
53.541700, -113.391700, 1.924000 
51.965500, -114.753600, 0.159000 
55.358300, -114.617200, 0.061000 
55.335900, -119.223000, 0.312000 
51.950100, -114.017700, 0.805000 
52.959300, -115.893800, 0.011000 
52.146300, -115.330000, 0.930000 
53.804200, -113.082400, 16.786000 
53.288500, -110.018300, 0.260000 
53.550500, -113.358900, 1.160000 
53.795900, -113.099600, 3.084000 
53.340200, -113.538100, 0.014000 
57.546300, -119.112600, 0.006000 
51.696900, -114.475000, 1.293000 
49.476100, -112.652500, 0.004000 
55.199400, -116.221900, 1.112000 
53.902300, -115.189300, 0.072000 
53.817200, -113.133600, 0.014000 
51.984500, -114.743800, 0.043000 
51.376000, -113.949200, 0.004000 
49.628100, -114.571900, 0.040000 
53.670500, -115.762200, 0.155000 
54.185400, -116.210400, 0.001000 
58.555500, -118.915900, 0.123000 
54.284800, -115.698000, 0.365000 
51.915300, -113.578100, 0.213000 
