51.534800, -114.203700, 0.600000 
54.952700, -119.195300, 0.100000 
51.191300, -113.940900, 0.505000 
53.541700, -113.391700, 0.570000 
53.550500, -113.358900, 0.276000 
54.179100, -115.806000, 11.930000 
53.804200, -113.082400, 30.872000 
53.570000, -113.611400, 0.003000 
52.385800, -113.595000, 111.880000 
53.795900, -113.099600, 3.689000 
55.725100, -119.399900, 0.100000 
54.596400, -110.395000, 0.010000 
54.524700, -116.794300, 5.428000 
50.982200, -113.974200, 0.001000 
53.733200, -113.175000, 0.285000 
51.526000, -113.880000, 0.100000 
58.555500, -118.915900, 0.100000 
51.915300, -113.578100, 0.100000 
54.284800, -115.698000, 0.100000 
53.250200, -115.555500, 0.009000 
49.476100, -112.652500, 0.010000 
54.427200, -116.884300, 2.925000 
53.027300, -112.806300, 0.250000 
