52.308300, -113.550000, 0.565000 
53.804200, -113.082400, 2.590000 
53.795900, -113.099600, 22.072000 
57.040500, -111.619200, 210.290000 
57.003300, -111.466100, 114.660000 
51.570800, -114.851700, 0.498000 
53.570000, -113.611400, 0.245000 
50.982200, -113.974200, 0.450000 
49.305200, -114.000300, 1.711000 
53.541700, -113.391700, 10.440000 
53.550500, -113.358900, 5.673000 
51.950100, -114.017700, 7.712000 
51.965500, -114.753600, 1.733000 
51.191300, -113.940900, 1.158000 
56.380600, -116.795000, 0.083000 
54.596400, -110.395000, 1.927000 
54.572300, -115.522900, 4.207000 
55.335900, -119.223000, 0.482000 
53.421300, -113.904400, 0.204000 
53.952700, -113.078000, 0.262000 
52.553700, -111.694000, 0.424000 
54.524700, -116.794300, 1.363000 
54.194400, -116.632200, 0.544000 
54.833300, -118.646700, 1.123000 
53.245000, -115.674300, 0.003000 
53.546800, -113.734800, 0.001000 
54.952700, -119.195300, 9.927000 
50.647500, -113.772000, 0.397000 
53.288500, -110.018300, 1.090000 
52.146300, -115.330000, 4.430000 
55.996700, -118.533600, 0.389000 
53.733200, -113.175000, 0.437000 
50.747700, -114.494700, 0.243000 
53.354600, -113.715000, 0.804000 
53.204500, -116.811200, 1.921000 
53.048100, -113.921000, 1.766000 
53.181200, -115.762500, 1.055000 
52.776100, -115.660700, 2.667000 
52.226300, -115.177000, 1.246000 
52.959300, -115.893800, 0.733000 
51.534800, -114.203700, 0.840000 
51.637200, -112.866000, 1.641000 
52.758100, -114.111600, 2.667000 
55.358300, -114.617200, 0.047000 
53.746900, -113.164500, 0.650000 
49.628100, -114.571900, 0.087000 
51.915300, -113.578100, 3.906000 
54.588800, -115.862500, 0.108000 
57.546300, -119.112600, 1.400000 
54.284800, -115.698000, 9.541000 
54.427200, -116.884300, 1.127000 
51.696900, -114.475000, 4.807000 
53.817200, -113.133600, 0.369000 
53.571290, -113.355400, 0.731000 
59.063100, -118.875700, 3.733000 
53.557500, -116.547200, 1.666000 
51.000700, -113.965670, 0.958000 
53.250200, -115.555500, 0.041000 
55.040000, -115.475800, 0.168000 
54.185400, -116.210400, 0.010000 
58.555500, -118.915900, 0.635000 
51.058900, -115.174500, 23.800000 
51.526000, -113.880000, 0.512000 
55.041500, -119.631000, 0.419000 
53.902300, -115.189300, 0.491000 
51.376000, -113.949200, 0.028000 
51.984500, -114.743800, 0.857000 
53.504000, -113.450200, 1.500000 
54.772900, -110.579000, 0.018000 
53.670500, -115.762200, 0.815000 
49.476100, -112.652500, 0.176000 
55.199400, -116.221900, 1.305000 
53.132300, -115.981700, 12.526000 
53.319300, -113.518000, 2.940000 
55.074200, -117.274200, 0.375000 
54.510900, -115.511700, 7.171000 
51.926500, -114.542700, 0.060000 
