53.048100, -113.921000, 10.820000 
53.733200, -113.175000, 0.568000 
55.725100, -119.399900, 7.689000 
55.996700, -118.533600, 4.707000 
51.534800, -114.203700, 5.370000 
52.146300, -115.330000, 14.160000 
52.758100, -114.111600, 13.156000 
53.795900, -113.099600, 8.494000 
52.226300, -115.177000, 2.235000 
53.288500, -110.018300, 4.330000 
55.335900, -119.223000, 3.772000 
52.496000, -114.988000, 6.704000 
53.354600, -113.715000, 9.124000 
52.959300, -115.893800, 3.896000 
57.040500, -111.619200, 112.120000 
54.596400, -110.395000, 10.945000 
57.003300, -111.466100, 249.273000 
51.965500, -114.753600, 2.524000 
53.570000, -113.611400, 0.126000 
52.308300, -113.550000, 3.033000 
50.747700, -114.494700, 0.937000 
51.637200, -112.866000, 2.156000 
52.776100, -115.660700, 2.389000 
54.952700, -119.195300, 2.982000 
53.952700, -113.078000, 0.182000 
54.572300, -115.522900, 16.356000 
51.191300, -113.940900, 3.558000 
51.950100, -114.017700, 12.081000 
50.982200, -113.974200, 0.259000 
53.421300, -113.904400, 0.384000 
54.833300, -118.646700, 25.763000 
53.204500, -116.811200, 1.438000 
53.181200, -115.762500, 1.206000 
52.553700, -111.694000, 1.580000 
53.541700, -113.391700, 9.200000 
54.524700, -116.794300, 14.266000 
55.199400, -116.221900, 2.291000 
53.728270, -113.235520, 36.690000 
55.833000, -119.470000, 0.731000 
51.984500, -114.743800, 0.080000 
53.504000, -113.450200, 0.579000 
53.817200, -113.133600, 5.913000 
54.510900, -115.511700, 7.758000 
53.557500, -116.547200, 3.145000 
53.170200, -114.975000, 0.233000 
54.284800, -115.698000, 3.820000 
59.063100, -118.875700, 6.209000 
53.616600, -115.711100, 1.159000 
52.172000, -114.599000, 0.347000 
53.283800, -110.031900, 71.300000 
51.222500, -114.495600, 1.514000 
51.696900, -114.475000, 23.022000 
54.427200, -116.884300, 0.164000 
55.116300, -118.813600, 0.166000 
55.993500, -113.480500, 0.266000 
54.772900, -110.579000, 0.531000 
51.915300, -113.578100, 7.046000 
54.588800, -115.862500, 4.670000 
51.526000, -113.880000, 2.470000 
51.926500, -114.542700, 0.290000 
55.040000, -115.475800, 0.950000 
58.555500, -118.915900, 4.549000 
53.740700, -113.023100, 0.053000 
55.041500, -119.631000, 2.641000 
53.550500, -113.358900, 9.089000 
51.010160, -113.964210, 1.256000 
49.701943, -112.803037, 305.567000 
53.498700, -113.383100, 87.040000 
54.185400, -116.210400, 0.001000 
53.670500, -115.762200, 2.296000 
55.074200, -117.274200, 0.979000 
49.628100, -114.571900, 0.864000 
53.902300, -115.189300, 1.886000 
