57.003300, -111.466100, 68.139000 
52.226300, -115.177000, 0.405000 
50.747700, -114.494700, 0.147000 
54.524700, -116.794300, 1.186000 
50.647500, -113.772000, 0.348000 
53.048100, -113.921000, 1.300000 
54.596400, -110.395000, 2.410000 
53.795900, -113.099600, 0.175000 
54.952700, -119.195300, 0.991000 
56.380600, -116.795000, 0.005000 
52.959300, -115.893800, 0.231000 
52.553700, -111.694000, 0.680000 
51.965500, -114.753600, 0.698000 
51.570800, -114.851700, 0.227000 
52.776100, -115.660700, 0.325000 
55.996700, -118.533600, 0.478000 
54.572300, -115.522900, 3.810000 
51.950100, -114.017700, 2.527000 
53.354600, -113.715000, 1.212000 
53.541700, -113.391700, 1.520000 
57.040500, -111.619200, 54.909000 
54.833300, -118.646700, 1.185000 
52.146300, -115.330000, 1.900000 
55.725100, -119.399900, 1.646000 
53.288500, -110.018300, 1.120000 
49.305200, -114.000300, 1.712000 
51.637200, -112.866000, 0.119000 
53.421300, -113.904400, 0.234000 
51.534800, -114.203700, 0.398000 
55.335900, -119.223000, 0.978000 
53.132300, -115.981700, 1.626000 
53.670500, -115.762200, 0.970000 
51.915300, -113.578100, 1.246000 
55.993500, -113.480500, 0.039000 
53.902300, -115.189300, 0.483000 
55.199400, -116.221900, 0.382000 
54.772900, -110.579000, 0.036000 
58.555500, -118.915900, 0.848000 
53.817200, -113.133600, 0.035000 
53.550500, -113.358900, 3.213000 
51.926500, -114.542700, 0.196000 
54.284800, -115.698000, 0.255000 
55.041500, -119.631000, 0.853000 
51.984500, -114.743800, 0.435000 
49.628100, -114.571900, 0.006000 
54.510900, -115.511700, 3.319000 
54.427200, -116.884300, 0.321000 
51.526000, -113.880000, 0.072000 
51.078650, -114.017660, 2.800000 
53.557500, -116.547200, 0.877000 
51.696900, -114.475000, 0.640000 
59.063100, -118.875700, 1.736000 
