54.775000, -115.218600, 0.000869 
53.448700, -114.449100, 0.000271 
53.529100, -113.387500, 0.000028 
53.560000, -114.486200, 0.000168 
53.344000, -114.305000, 0.002080 
53.508500, -114.557100, 0.000721 
51.531700, -111.786100, 0.002217 
54.007100, -119.104000, 0.000276 
53.733200, -113.175000, 0.000696 
53.132300, -115.981700, 0.000001 
54.587200, -112.803100, 0.000005 
51.058900, -115.174500, 0.000166 
54.139800, -115.689100, 0.000001 
55.432500, -116.486000, 0.000001 
50.848000, -113.581300, 0.000000 
