53.559400, -113.597500, 5.811000 
53.048100, -113.921000, 1.811000 
52.776100, -115.660700, 3.515000 
51.637200, -112.866000, 1.490000 
53.181200, -115.762500, 1.280000 
55.335900, -119.223000, 0.090000 
49.720100, -112.781900, 17.341000 
53.421300, -113.904400, 0.441000 
54.572300, -115.522900, 3.972000 
53.354600, -113.715000, 0.609000 
52.959300, -115.893800, 0.228000 
51.965500, -114.753600, 2.334000 
54.596400, -110.395000, 2.708000 
52.553700, -111.694000, 0.021000 
53.952700, -113.078000, 0.267000 
55.996700, -118.533600, 0.137000 
54.194400, -116.632200, 6.454000 
51.950100, -114.017700, 4.406000 
53.804200, -113.082400, 0.262000 
51.570800, -114.851700, 0.844000 
53.746900, -113.164500, 0.092000 
53.541700, -113.391700, 13.219000 
50.747700, -114.494700, 0.248000 
53.795900, -113.099600, 17.800000 
54.952700, -119.195300, 5.625000 
52.226300, -115.177000, 3.034000 
53.550500, -113.358900, 4.088000 
52.146300, -115.330000, 3.060000 
55.358300, -114.617200, 0.149000 
56.380600, -116.795000, 0.371000 
51.534800, -114.203700, 0.332000 
54.524700, -116.794300, 1.789000 
53.546800, -113.734800, 0.001000 
49.305200, -114.000300, 2.195000 
50.982200, -113.974200, 0.134000 
53.570000, -113.611400, 0.155000 
53.288500, -110.018300, 1.240000 
55.725100, -119.399900, 1.929000 
52.308300, -113.550000, 0.253000 
52.758100, -114.111600, 7.993000 
50.647500, -113.772000, 0.708000 
53.245000, -115.674300, 0.017000 
50.983000, -113.988400, 28.000000 
57.003300, -111.466100, 204.825000 
54.833300, -118.646700, 1.344000 
51.000700, -113.965670, 2.058000 
55.116300, -118.813600, 0.096000 
49.476100, -112.652500, 0.021000 
58.555500, -118.915900, 0.223000 
51.984500, -114.743800, 0.456000 
53.132300, -115.981700, 15.678000 
51.058900, -115.174500, 47.650000 
53.817200, -113.133600, 0.098000 
53.616600, -115.711100, 0.669000 
54.510900, -115.511700, 5.242000 
52.172000, -114.599000, 0.200000 
53.498700, -113.383100, 1.256000 
53.557500, -116.547200, 4.422000 
53.170200, -114.975000, 0.134000 
53.340200, -113.538100, 0.083000 
49.628100, -114.571900, 0.058000 
53.902300, -115.189300, 0.289000 
51.005290, -114.058570, 104.400000 
55.074200, -117.274200, 0.098000 
51.010160, -113.964210, 1.331000 
57.546300, -119.112600, 0.431000 
54.427200, -116.884300, 0.946000 
54.588800, -115.862500, 0.157000 
55.040000, -115.475800, 0.234000 
51.376000, -113.949200, 0.004000 
53.250200, -115.555500, 0.019000 
55.833000, -119.470000, 0.421000 
54.284800, -115.698000, 1.257000 
51.915300, -113.578100, 2.806000 
55.199400, -116.221900, 0.196000 
53.670500, -115.762200, 0.033000 
51.926500, -114.542700, 0.010000 
55.041500, -119.631000, 0.142000 
53.531993, -113.364925, 0.200000 
51.696900, -114.475000, 2.119000 
51.526000, -113.880000, 0.289000 
54.185400, -116.210400, 0.010000 
