52.033030, -113.938910, 14.214000 
50.982200, -113.974200, 0.001000 
53.582300, -113.588600, 5.667000 
55.269500, -114.598300, 18.140000 
53.804200, -113.082400, 0.169000 
53.593060, -116.390300, 55.330000 
53.227700, -114.988900, 74.160000 
53.571700, -113.349800, 15.134000 
53.572500, -113.360600, 18.890000 
53.733200, -113.175000, 0.031000 
55.432500, -116.486000, 4.583000 
55.029800, -118.744000, 54.874000 
58.501200, -117.145600, 2.454000 
54.238200, -115.379700, 69.400000 
59.063100, -118.875700, 7.300000 
