53.204500, -116.811200, 1.000000 
52.308300, -113.550000, 1.971000 
53.048100, -113.921000, 7.320000 
50.747700, -114.494700, 0.600000 
51.965500, -114.753600, 0.016000 
51.191300, -113.940900, 4.000000 
55.725100, -119.399900, 0.166000 
50.080710, -110.727860, 75.830000 
53.571700, -113.349800, 16.572000 
53.572500, -113.360600, 57.195000 
53.227700, -114.988900, 87.980000 
54.572300, -115.522900, 1.276000 
53.952700, -113.078000, 0.064000 
52.553700, -111.694000, 0.040000 
53.593060, -116.390300, 47.790000 
55.269500, -114.598300, 20.980000 
53.733200, -113.175000, 1.295000 
52.959300, -115.893800, 1.302000 
53.570000, -113.611400, 12.819000 
50.845800, -113.586700, 55.000000 
54.524700, -116.794300, 0.495000 
55.335900, -119.223000, 1.302000 
51.534800, -114.203700, 0.062000 
50.982200, -113.974200, 5.078000 
56.377200, -117.175600, 473.020000 
51.005800, -113.987500, 1.102000 
52.226300, -115.177000, 1.302000 
53.582300, -113.588600, 83.584000 
54.923116, -112.861867, 164.870000 
54.952700, -119.195300, 0.188000 
53.413300, -117.570600, 310.309000 
53.841600, -113.097900, 453.610000 
54.833300, -118.646700, 1.193000 
50.086600, -110.716700, 472.544000 
53.421300, -113.904400, 0.600000 
55.996700, -118.533600, 0.471000 
54.194400, -116.632200, 0.308000 
53.181200, -115.762500, 0.935000 
52.776100, -115.660700, 1.302000 
50.805300, -110.034900, 5.060000 
53.343600, -113.526900, 1.360000 
55.071200, -118.691200, 58.705000 
52.758100, -114.111600, 1.302000 
55.199400, -116.221900, 1.300000 
53.506400, -113.368900, 1.896000 
53.531993, -113.364925, 17.995000 
53.902300, -115.189300, 1.302000 
55.040000, -115.475800, 0.236000 
55.074200, -117.274200, 1.302000 
51.010160, -113.964210, 2.103000 
51.000700, -113.965670, 5.920000 
54.284800, -115.698000, 0.212000 
55.041500, -119.631000, 1.073000 
51.526000, -113.880000, 0.069000 
58.555500, -118.915900, 0.512000 
53.571290, -113.355400, 1.684000 
51.696900, -114.475000, 0.980000 
51.915300, -113.578100, 0.286000 
49.476100, -112.652500, 0.305000 
53.504000, -113.450200, 1.721000 
59.063100, -118.875700, 1.085000 
53.495200, -113.444900, 0.136000 
53.340200, -113.538100, 0.283000 
