55.358300, -114.617200, 0.136000 
52.758100, -114.111600, 1.421000 
53.746900, -113.164500, 1.201000 
54.833300, -118.646700, 0.575000 
53.245000, -115.674300, 0.089000 
52.308300, -113.550000, 5.184000 
51.534800, -114.203700, 1.520000 
53.546800, -113.734800, 0.001000 
54.952700, -119.195300, 4.630000 
54.524700, -116.794300, 1.738000 
53.354600, -113.715000, 0.725000 
50.647500, -113.772000, 0.244000 
53.572500, -113.360600, 61.188000 
55.725100, -119.399900, 4.579000 
54.596400, -110.395000, 1.447000 
55.335900, -119.223000, 0.555000 
51.637200, -112.866000, 0.952000 
52.776100, -115.660700, 2.203000 
54.194400, -116.632200, 2.480000 
53.421300, -113.904400, 0.480000 
52.959300, -115.893800, 0.652000 
52.553700, -111.694000, 0.550000 
53.952700, -113.078000, 0.213000 
55.996700, -118.533600, 0.695000 
53.652000, -116.099200, 0.140000 
53.541700, -113.391700, 3.696000 
51.570800, -114.851700, 0.378000 
53.804200, -113.082400, 32.801000 
56.380600, -116.795000, 0.094000 
52.146300, -115.330000, 2.770000 
53.733200, -113.175000, 2.823000 
53.795900, -113.099600, 11.168000 
53.048100, -113.921000, 1.692000 
51.965500, -114.753600, 0.343000 
50.747700, -114.494700, 0.149000 
57.003300, -111.466100, 20.482000 
51.950100, -114.017700, 4.146000 
57.040500, -111.619200, 53.004000 
53.288500, -110.018300, 0.460000 
53.817200, -113.133600, 0.250000 
55.040000, -115.475800, 0.147000 
51.058900, -115.174500, 29.530000 
53.740700, -113.023100, 0.001000 
54.284800, -115.698000, 16.414000 
49.628100, -114.571900, 0.025000 
53.550500, -113.358900, 2.483000 
53.250200, -115.555500, 0.107000 
53.557500, -116.547200, 0.868000 
51.984500, -114.743800, 1.356000 
51.915300, -113.578100, 4.132000 
51.926500, -114.542700, 0.115000 
54.772900, -110.579000, 0.018000 
55.199400, -116.221900, 0.213000 
59.063100, -118.875700, 3.708000 
51.696900, -114.475000, 2.612000 
53.670500, -115.762200, 1.051000 
58.555500, -118.915900, 1.099000 
53.902300, -115.189300, 0.348000 
55.041500, -119.631000, 0.587000 
54.510900, -115.511700, 7.216000 
54.588800, -115.862500, 0.051000 
57.546300, -119.112600, 1.483000 
54.185400, -116.210400, 0.098000 
51.526000, -113.880000, 0.566000 
