52.959300, -115.893800, 12.200000 
55.335900, -119.223000, 1.600000 
57.040500, -111.619200, 21.019000 
52.776100, -115.660700, 7.710000 
51.191300, -113.940900, 132.048000 
52.146300, -115.330000, 385.670000 
54.194400, -116.632200, 221.000000 
50.747700, -114.494700, 34.200000 
51.570800, -114.851700, 354.030000 
52.226300, -115.177000, 28.770000 
51.039600, -114.559000, 495.000000 
49.305200, -114.000300, 124.300000 
53.733200, -113.486200, 0.817000 
55.725100, -119.399900, 29.333000 
53.204500, -116.811200, 179.574000 
54.833300, -118.646700, 1.520000 
57.003300, -111.466100, 30.320000 
52.758100, -114.111600, 1.400000 
54.185400, -116.210400, 118.700000 
54.427200, -116.884300, 78.880000 
51.400100, -114.034300, 76.900000 
53.557500, -116.547200, 0.065000 
51.526000, -113.880000, 62.471000 
49.628100, -114.571900, 2.787000 
55.481900, -119.059200, 0.075000 
55.489100, -119.750800, 0.036000 
55.074200, -117.274200, 0.456000 
53.132300, -115.981700, 23.380000 
