53.508500, -114.557100, 63.273000 
51.531700, -111.786100, 137.832000 
53.344000, -114.305000, 49.035000 
53.560000, -114.486200, 19.739000 
53.541700, -113.391700, 16.456000 
53.727300, -113.087100, 0.054000 
53.413300, -117.570600, 25.879000 
54.007100, -119.104000, 58.601000 
53.733200, -113.175000, 18.923000 
54.775000, -115.218600, 0.232000 
53.448700, -114.449100, 23.784000 
53.533000, -113.411500, 0.940000 
55.071200, -118.691200, 18.296000 
52.564700, -112.141400, 136.410000 
55.070600, -118.688800, 0.039000 
53.798900, -112.898400, 0.100000 
