51.531700, -111.786100, 39.328000 
53.344000, -114.305000, 8.510000 
53.804200, -113.082400, 0.001000 
53.413300, -117.570600, 15.788000 
54.007100, -119.104000, 0.616000 
55.071200, -118.691200, 10.764000 
54.923116, -112.861867, 20.790000 
57.003300, -111.466100, 439.470000 
53.560000, -114.486200, 14.410000 
53.841600, -113.097900, 23.810000 
53.508500, -114.557100, 36.424000 
51.039600, -114.559000, 551.000000 
57.040500, -111.619200, 866.798000 
53.448700, -114.449100, 15.221000 
53.721700, -113.191700, 22.103000 
54.427200, -116.884300, 5.432000 
