51.534800, -114.203700, 2.200000 
55.071200, -118.691200, 10.167000 
55.996700, -118.533600, 3.771000 
52.146300, -115.330000, 251.120000 
52.226300, -115.177000, 7.688000 
54.194400, -116.632200, 93.000000 
55.725100, -119.399900, 1.181000 
51.039600, -114.559000, 2.600000 
49.305200, -114.000300, 54.800000 
53.550500, -113.358900, 2.526000 
53.546800, -113.734800, 0.033000 
51.191300, -113.940900, 25.474000 
53.541700, -113.391700, 3.654000 
53.413300, -117.570600, 22.750000 
53.245000, -115.674300, 0.050000 
50.747700, -114.494700, 9.130000 
54.833300, -118.646700, 4.289000 
56.380600, -116.795000, 0.383000 
58.500000, -119.416700, 13.775000 
54.130900, -115.546700, 27.050000 
52.940400, -114.832300, 0.117000 
51.965500, -114.753600, 301.844000 
55.358300, -114.617200, 0.003000 
53.354600, -113.715000, 5.797000 
53.204500, -116.811200, 10.260000 
53.048100, -113.921000, 1.207000 
53.795900, -113.099600, 2.571000 
50.647500, -113.772000, 1.901000 
57.040500, -111.619200, 103.212000 
53.181200, -115.762500, 16.951000 
55.335900, -119.223000, 2.853000 
53.421300, -113.904400, 0.082000 
54.572300, -115.522900, 19.116000 
52.776100, -115.660700, 4.702000 
52.959300, -115.893800, 7.593000 
56.377200, -117.175600, 11.750000 
53.952700, -113.078000, 0.627000 
53.733200, -113.175000, 0.081000 
52.553700, -111.694000, 22.590000 
54.524700, -116.794300, 10.396000 
51.219500, -114.645400, 8.777000 
53.288500, -110.018300, 0.210000 
57.003300, -111.466100, 18.950000 
54.596400, -110.395000, 5.644000 
52.758100, -114.111600, 7.142000 
55.913200, -115.150400, 0.577000 
55.074200, -117.274200, 9.591000 
53.557500, -116.547200, 0.010000 
54.427200, -116.884300, 5.865000 
51.400100, -114.034300, 14.772000 
53.250200, -115.555500, 0.140000 
50.583700, -113.871100, 28.610000 
53.721800, -113.192700, 0.001000 
51.984500, -114.743800, 0.020000 
54.185400, -116.210400, 2.869000 
58.555500, -118.915900, 0.970000 
59.063100, -118.875700, 15.831000 
53.132300, -115.981700, 5.840000 
55.040000, -115.475800, 1.872000 
51.926500, -114.542700, 0.033000 
51.696900, -114.475000, 1.817000 
54.284800, -115.698000, 2.728000 
51.915300, -113.578100, 6.347000 
52.095600, -114.799300, 0.102000 
55.481900, -119.059200, 32.479000 
49.628100, -114.571900, 2.249000 
53.757500, -113.149900, 0.009000 
55.489100, -119.750800, 10.771000 
51.526000, -113.880000, 1.265000 
57.546300, -119.112600, 0.370000 
53.902300, -115.189300, 1.733000 
