53.550500, -113.358900, 1.067000 
53.048100, -113.921000, 0.591000 
54.524700, -116.794300, 0.015000 
52.146300, -115.330000, 0.240000 
53.288500, -110.018300, 0.150000 
53.421300, -113.904400, 0.204000 
55.335900, -119.223000, 0.082000 
54.572300, -115.522900, 1.633000 
50.982200, -113.974200, 0.006000 
57.040500, -111.619200, 53.291000 
51.637200, -112.866000, 0.043000 
52.758100, -114.111600, 0.144000 
52.226300, -115.177000, 0.099000 
52.959300, -115.893800, 0.043000 
53.795900, -113.099600, 2.677000 
52.776100, -115.660700, 0.147000 
51.965500, -114.753600, 0.406000 
57.003300, -111.466100, 47.350000 
56.380600, -116.795000, 0.003000 
55.725100, -119.399900, 0.069000 
53.541700, -113.391700, 2.963000 
51.950100, -114.017700, 1.887000 
51.570800, -114.851700, 0.111000 
51.534800, -114.203700, 0.309000 
54.833300, -118.646700, 0.424000 
53.902300, -115.189300, 0.058000 
49.628100, -114.571900, 0.013000 
55.199400, -116.221900, 0.144000 
54.284800, -115.698000, 0.039000 
51.526000, -113.880000, 0.046000 
51.696900, -114.475000, 0.346000 
54.510900, -115.511700, 0.684000 
