53.795900, -113.099600, 0.000469 
54.775000, -115.218600, 0.017180 
54.007100, -119.104000, 0.005691 
53.344000, -114.305000, 0.030000 
53.448700, -114.449100, 0.101601 
53.550500, -113.358900, 0.000584 
53.560000, -114.486200, 0.112810 
51.531700, -111.786100, 0.078802 
52.564700, -112.141400, 0.111519 
53.541700, -113.391700, 0.005511 
53.508500, -114.557100, 0.278919 
53.529100, -113.387500, 0.010869 
57.040500, -111.619200, 0.018325 
56.377200, -117.175600, 0.010192 
53.581600, -113.599100, 0.008670 
51.058900, -115.174500, 0.005730 
