53.560000, -114.486200, 143.528000 
50.846700, -113.581170, 4.100000 
55.071200, -118.691200, 41.378000 
53.204500, -116.811200, 6.935000 
54.194400, -116.632200, 3.970000 
53.841600, -113.097900, 2588.420000 
54.923116, -112.861867, 32.600000 
53.413300, -117.570600, 59.547000 
53.721700, -113.191700, 29.103000 
49.789400, -112.126100, 44.600000 
54.144400, -115.691700, 0.158000 
52.322100, -113.516600, 19.944000 
53.571700, -113.349800, 48.320000 
56.377200, -117.175600, 117.261000 
52.033030, -113.938910, 71.131000 
50.086600, -110.716700, 2173.002000 
50.982200, -113.974200, 0.123000 
53.541700, -113.391700, 0.015000 
50.845800, -113.586700, 957.400000 
53.570000, -113.611400, 0.962000 
57.040500, -111.619200, 1121.550000 
50.583700, -113.871100, 9.640000 
53.567200, -113.599300, 0.045000 
53.719000, -113.205600, 1.990000 
53.725400, -113.193000, 228.392000 
53.725000, -113.192800, 12.680000 
50.597600, -111.881800, 6.000000 
53.721800, -113.192700, 195.095000 
