57.003300, -111.466100, 69.150000 
53.245000, -115.674300, 0.007000 
53.546800, -113.734800, 0.001000 
51.000100, -113.984300, 0.085000 
57.040500, -111.619200, 67.397000 
52.758100, -114.111600, 0.396000 
52.776100, -115.660700, 0.415000 
55.725100, -119.399900, 0.094000 
52.226300, -115.177000, 0.094000 
54.833300, -118.646700, 0.141000 
55.358300, -114.617200, 0.021000 
53.541700, -113.391700, 2.809000 
51.950100, -114.017700, 1.150000 
52.959300, -115.893800, 0.011000 
52.146300, -115.330000, 0.920000 
53.804200, -113.082400, 10.365000 
53.795900, -113.099600, 4.919000 
53.288500, -110.018300, 0.240000 
53.550500, -113.358900, 2.862000 
57.546300, -119.112600, 0.004000 
53.340200, -113.538100, 0.030000 
52.035300, -115.137700, 0.902000 
54.185400, -116.210400, 0.020000 
54.284800, -115.698000, 0.487000 
55.876700, -119.301100, 0.503000 
51.984500, -114.743800, 0.001000 
49.628100, -114.571900, 0.327000 
51.696900, -114.475000, 1.930000 
58.555500, -118.915900, 0.264000 
51.915300, -113.578100, 0.109000 
