54.952700, -119.195300, 0.100000 
53.804200, -113.082400, 0.007000 
53.733200, -113.175000, 0.351000 
50.747700, -114.494700, 0.240000 
53.048100, -113.921000, 0.500000 
51.191300, -113.940900, 1.300000 
53.550500, -113.358900, 0.276000 
53.541700, -113.391700, 0.966000 
54.179100, -115.806000, 7.732000 
54.524700, -116.794300, 11.600000 
52.385800, -113.595000, 150.284000 
52.553700, -111.694000, 1.060000 
54.596400, -110.395000, 0.400000 
51.534800, -114.203700, 0.534000 
55.996700, -118.533600, 7.800000 
53.795900, -113.099600, 4.057000 
55.725100, -119.399900, 0.615000 
53.250200, -115.555500, 0.060000 
51.696900, -114.475000, 0.100000 
51.915300, -113.578100, 0.100000 
54.427200, -116.884300, 4.292000 
51.526000, -113.880000, 0.100000 
