51.965500, -114.753600, 0.660000 
50.747700, -114.494700, 0.140000 
55.725100, -119.399900, 0.759000 
52.758100, -114.111600, 1.918000 
54.596400, -110.395000, 1.340000 
52.146300, -115.330000, 1.890000 
53.795900, -113.099600, 0.090000 
52.959300, -115.893800, 0.293000 
50.647500, -113.772000, 0.193000 
51.570800, -114.851700, 0.118000 
57.003300, -111.466100, 50.300000 
52.226300, -115.177000, 0.361000 
53.550500, -113.358900, 1.864000 
54.524700, -116.794300, 0.905000 
52.553700, -111.694000, 1.070000 
51.950100, -114.017700, 2.929000 
51.039600, -114.559000, 0.141000 
57.040500, -111.619200, 14.343000 
53.048100, -113.921000, 1.190000 
54.833300, -118.646700, 1.160000 
49.305200, -114.000300, 1.654000 
53.181200, -115.762500, 1.199000 
53.354600, -113.715000, 1.210000 
54.952700, -119.195300, 0.822000 
51.637200, -112.866000, 0.118000 
53.288500, -110.018300, 0.410000 
53.541700, -113.391700, 2.893000 
55.335900, -119.223000, 1.478000 
58.555500, -118.915900, 0.220000 
54.427200, -116.884300, 0.291000 
55.876700, -119.301100, 0.473000 
51.696900, -114.475000, 0.702000 
51.526000, -113.880000, 0.095000 
49.628100, -114.571900, 1.293000 
55.041500, -119.631000, 2.444000 
54.510900, -115.511700, 2.317000 
51.078650, -114.017660, 2.692000 
54.284800, -115.698000, 0.254000 
