51.637200, -112.866000, 1.430000 
51.039600, -114.559000, 0.442000 
53.559400, -113.597500, 4.387000 
52.959300, -115.893800, 0.235000 
51.965500, -114.753600, 2.339000 
55.725100, -119.399900, 2.628000 
53.541700, -113.391700, 10.698000 
53.181200, -115.762500, 2.096000 
53.288500, -110.018300, 2.500000 
52.776100, -115.660700, 3.527000 
53.952700, -113.078000, 0.230000 
49.720100, -112.781900, 20.743000 
52.226300, -115.177000, 3.148000 
54.194400, -116.632200, 6.454000 
54.524700, -116.794300, 20.664000 
57.003300, -111.466100, 204.890000 
53.550500, -113.358900, 17.888000 
51.570800, -114.851700, 0.484000 
53.804200, -113.082400, 0.167000 
52.146300, -115.330000, 3.010000 
53.795900, -113.099600, 14.807000 
53.746900, -113.164500, 0.494000 
51.950100, -114.017700, 5.933000 
55.358300, -114.617200, 0.042000 
54.833300, -118.646700, 1.342000 
51.534800, -114.203700, 3.761000 
53.245000, -115.674300, 0.017000 
51.000100, -113.984300, 1.175000 
53.354600, -113.715000, 0.560000 
54.952700, -119.195300, 3.037000 
49.305200, -114.000300, 1.971000 
56.380600, -116.795000, 0.631000 
50.994200, -113.985700, 1.380000 
53.421300, -113.904400, 0.380000 
50.747700, -114.494700, 0.160000 
53.048100, -113.921000, 14.410000 
50.983000, -113.988400, 36.300000 
50.647500, -113.772000, 1.064000 
52.758100, -114.111600, 8.670000 
53.546800, -113.734800, 0.001000 
49.476100, -112.652500, 0.038000 
51.915300, -113.578100, 0.179000 
54.510900, -115.511700, 18.920000 
51.984500, -114.743800, 0.010000 
53.340200, -113.538100, 0.125000 
49.628100, -114.571900, 0.586000 
53.132300, -115.981700, 3.651000 
51.005290, -114.058570, 184.400000 
57.546300, -119.112600, 0.431000 
58.555500, -118.915900, 0.269000 
51.078650, -114.017660, 0.960000 
55.876700, -119.301100, 1.311000 
54.284800, -115.698000, 1.957000 
52.035300, -115.137700, 9.862000 
54.427200, -116.884300, 0.400000 
54.185400, -116.210400, 0.073000 
51.526000, -113.880000, 0.631000 
53.022700, -112.811400, 35.200000 
51.696900, -114.475000, 0.914000 
53.531993, -113.364925, 0.200000 
54.772900, -110.579000, 0.021000 
