54.952700, -119.195300, 0.243000 
50.080710, -110.727860, 351.320000 
54.130900, -115.546700, 0.500000 
53.048100, -113.921000, 1.530000 
51.965500, -114.753600, 0.014000 
52.308300, -113.550000, 0.237000 
53.204500, -116.811200, 1.000000 
50.747700, -114.494700, 0.210000 
51.191300, -113.940900, 2.000000 
54.572300, -115.522900, 2.090000 
52.553700, -111.694000, 0.900000 
53.571700, -113.349800, 22.225000 
50.994200, -113.985700, 4.363000 
53.733200, -113.175000, 0.663000 
53.572500, -113.360600, 75.200000 
50.845800, -113.586700, 0.100000 
53.570000, -113.611400, 8.426000 
50.982200, -113.974200, 1.520000 
51.000100, -113.984300, 0.834000 
56.377200, -117.175600, 726.700000 
54.596400, -110.395000, 0.380000 
54.833300, -118.646700, 1.193000 
53.421300, -113.904400, 0.440000 
53.582300, -113.588600, 114.586000 
53.841600, -113.097900, 39.200000 
54.923116, -112.861867, 91.670000 
53.413300, -117.570600, 235.320000 
53.181200, -115.762500, 0.935000 
53.952700, -113.078000, 0.270000 
50.805300, -110.034900, 4.545000 
53.343600, -113.526900, 0.830000 
55.071200, -118.691200, 73.700000 
54.194400, -116.632200, 0.983000 
50.086600, -110.716700, 516.668000 
53.531993, -113.364925, 3.836000 
51.915300, -113.578100, 0.085000 
54.284800, -115.698000, 0.396000 
51.526000, -113.880000, 0.040000 
53.340200, -113.538100, 0.053000 
51.696900, -114.475000, 1.204000 
49.476100, -112.652500, 0.083000 
58.555500, -118.915900, 0.321000 
