52.226300, -115.177000, 0.499000 
53.245000, -115.674300, 0.090000 
54.952700, -119.195300, 3.017000 
51.534800, -114.203700, 1.543000 
54.833300, -118.646700, 0.575000 
55.358300, -114.617200, 0.129000 
52.308300, -113.550000, 8.899000 
53.546800, -113.734800, 0.001000 
51.637200, -112.866000, 0.909000 
52.758100, -114.111600, 1.517000 
53.572500, -113.360600, 26.167000 
50.647500, -113.772000, 1.172000 
53.354600, -113.715000, 0.500000 
54.596400, -110.395000, 0.870000 
55.725100, -119.399900, 1.217000 
52.776100, -115.660700, 2.276000 
54.194400, -116.632200, 5.781000 
52.959300, -115.893800, 0.691000 
54.524700, -116.794300, 5.099000 
53.733200, -113.175000, 8.847000 
52.146300, -115.330000, 2.700000 
51.039600, -114.559000, 0.044000 
53.804200, -113.082400, 23.704000 
51.570800, -114.851700, 0.282000 
53.795900, -113.099600, 10.728000 
53.048100, -113.921000, 38.060000 
56.380600, -116.795000, 0.661000 
55.269500, -114.598300, 5.900000 
51.965500, -114.753600, 0.341000 
53.541700, -113.391700, 4.308000 
53.288500, -110.018300, 0.180000 
51.950100, -114.017700, 7.370000 
53.550500, -113.358900, 4.180000 
53.227700, -114.988900, 3.490000 
53.593060, -116.390300, 4.600000 
57.040500, -111.619200, 65.193000 
57.003300, -111.466100, 42.779000 
57.546300, -119.112600, 1.483000 
51.696900, -114.475000, 7.477000 
58.555500, -118.915900, 1.217000 
53.132300, -115.981700, 4.835000 
51.526000, -113.880000, 4.988000 
49.628100, -114.571900, 0.830000 
51.984500, -114.743800, 0.021000 
54.185400, -116.210400, 0.607000 
55.041500, -119.631000, 1.064000 
52.035300, -115.137700, 6.216000 
54.510900, -115.511700, 19.514000 
51.915300, -113.578100, 1.699000 
55.876700, -119.301100, 3.994000 
54.772900, -110.579000, 0.014000 
54.427200, -116.884300, 2.082000 
