52.959300, -115.893800, 9.900000 
54.194400, -116.632200, 221.000000 
52.146300, -115.330000, 148.920000 
53.652000, -116.099200, 2.980000 
50.747700, -114.494700, 20.230000 
52.226300, -115.177000, 28.300000 
51.570800, -114.851700, 272.900000 
51.191300, -113.940900, 206.628000 
51.039600, -114.559000, 258.000000 
49.305200, -114.000300, 34.478000 
54.833300, -118.646700, 6.500000 
55.725100, -119.399900, 28.649000 
53.733200, -113.486200, 0.300000 
57.040500, -111.619200, 32.456000 
53.204500, -116.811200, 365.000000 
52.758100, -114.111600, 37.300000 
57.003300, -111.466100, 24.342000 
49.628100, -114.571900, 37.165000 
54.427200, -116.884300, 75.505000 
54.185400, -116.210400, 91.700000 
51.400100, -114.034300, 166.779000 
53.132300, -115.981700, 34.217000 
