53.733200, -113.175000, 35.805000 
53.413300, -117.570600, 24.690000 
53.448700, -114.449100, 23.400000 
53.570000, -113.611400, 0.184000 
54.775000, -115.218600, 1.208000 
53.533000, -113.411500, 0.100000 
56.377200, -117.175600, 5.510000 
53.727300, -113.087100, 0.061000 
53.560000, -114.486200, 24.800000 
52.564700, -112.141400, 130.230000 
53.508500, -114.557100, 64.800000 
54.007100, -119.104000, 44.817000 
53.344000, -114.305000, 24.940000 
55.070600, -118.688800, 0.100000 
53.798900, -112.898400, 0.100000 
