53.413300, -117.570600, 14.897000 
53.550500, -113.358900, 0.010000 
51.531700, -111.786100, 32.500000 
55.071200, -118.691200, 12.964000 
53.344000, -114.305000, 162.170000 
53.718500, -113.183000, 0.100000 
56.377200, -117.175600, 7.770000 
52.564700, -112.141400, 27.080000 
53.560000, -114.486200, 159.300000 
53.448700, -114.449100, 143.200000 
51.039600, -114.559000, 569.000000 
57.040500, -111.619200, 935.800000 
53.841600, -113.097900, 16.480000 
53.721700, -113.191700, 5.867000 
57.003300, -111.466100, 456.340000 
53.508500, -114.557100, 397.100000 
