53.952700, -113.078000, 0.180000 
53.550500, -113.358900, 3.907000 
53.288500, -110.018300, 1.220000 
51.039600, -114.559000, 0.070000 
51.637200, -112.866000, 0.043000 
57.040500, -111.619200, 59.306000 
52.959300, -115.893800, 0.043000 
52.226300, -115.177000, 0.099000 
57.003300, -111.466100, 30.103000 
52.758100, -114.111600, 0.143000 
53.541700, -113.391700, 4.458000 
52.776100, -115.660700, 0.147000 
51.965500, -114.753600, 0.415000 
53.795900, -113.099600, 1.557000 
51.950100, -114.017700, 2.515000 
54.833300, -118.646700, 0.424000 
51.570800, -114.851700, 0.062000 
54.510900, -115.511700, 0.278000 
51.526000, -113.880000, 0.062000 
51.696900, -114.475000, 0.096000 
54.284800, -115.698000, 0.038000 
49.628100, -114.571900, 0.361000 
55.876700, -119.301100, 0.074000 
