55.071200, -118.691200, 41.318000 
53.541700, -113.391700, 0.006000 
53.718500, -113.183000, 0.100000 
53.841600, -113.097900, 2776.410000 
54.923116, -112.861867, 45.700000 
53.721700, -113.191700, 373.095000 
49.789400, -112.126100, 32.000000 
54.194400, -116.632200, 3.061000 
54.144400, -115.691700, 0.158000 
52.322100, -113.516600, 21.000000 
57.040500, -111.619200, 1619.026000 
53.508500, -114.557100, 7.100000 
52.033030, -113.938910, 60.267000 
53.571700, -113.349800, 48.886000 
53.204500, -116.811200, 6.935000 
56.377200, -117.175600, 115.660000 
50.845800, -113.586700, 1959.700000 
50.846700, -113.581170, 1.300000 
50.957800, -113.981800, 1.383000 
50.086600, -110.716700, 2471.675000 
53.340200, -113.538100, 0.168000 
53.394200, -113.570700, 0.124000 
53.725400, -113.193000, 386.100000 
53.725000, -113.192800, 36.294000 
50.583700, -113.871100, 11.300000 
53.721800, -113.192700, 282.083000 
