57.003300, -111.466100, 44.350000 
53.388700, -115.316900, 0.680000 
53.245000, -115.674300, 0.571000 
53.541700, -113.391700, 6.128000 
51.000100, -113.984300, 0.078000 
57.040500, -111.619200, 6.705000 
52.758100, -114.111600, 0.262000 
52.776100, -115.660700, 0.060000 
55.725100, -119.399900, 0.094000 
51.950100, -114.017700, 1.150000 
52.959300, -115.893800, 0.012000 
53.319500, -113.527900, 0.102000 
53.795900, -113.099600, 3.825000 
53.804200, -113.082400, 13.596000 
52.146300, -115.330000, 1.313000 
53.550500, -113.358900, 2.521000 
53.288500, -110.018300, 0.570000 
52.035300, -115.137700, 8.454000 
53.340200, -113.538100, 0.026000 
51.984500, -114.743800, 1.125000 
51.915300, -113.578100, 0.093000 
54.284800, -115.698000, 0.515000 
58.555500, -118.915900, 0.126000 
54.185400, -116.210400, 0.013000 
51.696900, -114.475000, 1.968000 
