55.725100, -119.399900, 0.615000 
51.000100, -113.984300, 0.453000 
52.758100, -114.111600, 0.010000 
53.550500, -113.358900, 0.300000 
54.833300, -118.646700, 6.600000 
53.733200, -113.175000, 0.355000 
54.952700, -119.195300, 0.154000 
51.219500, -114.645400, 0.500000 
53.048100, -113.921000, 0.330000 
52.463000, -114.346500, 0.110000 
51.191300, -113.940900, 1.060000 
51.637200, -112.866000, 0.110000 
54.179100, -115.806000, 6.240000 
58.500000, -119.416700, 0.130000 
50.747700, -114.494700, 0.390000 
52.959300, -115.893800, 0.110000 
55.414400, -119.601600, 0.100000 
53.388700, -115.316900, 0.774000 
54.572300, -115.522900, 0.690000 
52.385800, -113.595000, 372.410000 
54.524700, -116.794300, 2.000000 
52.553700, -111.694000, 1.560000 
51.534800, -114.203700, 1.505000 
54.596400, -110.395000, 4.250000 
53.541700, -113.391700, 1.964000 
55.996700, -118.533600, 5.500000 
50.982200, -113.974200, 0.001000 
49.476100, -112.652500, 0.100000 
51.696900, -114.475000, 0.900000 
54.427200, -116.884300, 5.598000 
54.284800, -115.698000, 15.566000 
51.526000, -113.880000, 0.100000 
58.555500, -118.915900, 5.377000 
51.915300, -113.578100, 0.100000 
54.510900, -115.511700, 0.360000 
