55.725100, -119.399900, 1.341000 
50.982200, -113.974200, 0.591000 
57.003300, -111.466100, 86.353000 
57.040500, -111.619200, 10.130000 
51.000100, -113.984300, 0.523000 
51.570800, -114.851700, 0.188000 
53.795900, -113.099600, 15.564000 
51.965500, -114.753600, 6.898000 
49.305200, -114.000300, 1.686000 
53.319500, -113.527900, 0.256000 
53.841600, -113.097900, 15.720000 
53.541700, -113.391700, 23.158000 
51.950100, -114.017700, 11.089000 
53.804200, -113.082400, 3.432000 
56.380600, -116.795000, 0.143000 
54.596400, -110.395000, 1.520000 
53.952700, -113.078000, 0.230000 
53.546800, -113.734800, 1.950000 
53.245000, -115.674300, 1.840000 
53.388700, -115.316900, 3.300000 
54.524700, -116.794300, 2.235000 
54.194400, -116.632200, 100.320000 
53.288500, -110.018300, 0.790000 
52.146300, -115.330000, 9.130000 
50.994200, -113.985700, 0.658000 
55.996700, -118.533600, 0.648000 
53.733200, -113.175000, 1.002000 
53.550500, -113.358900, 7.768000 
53.354600, -113.715000, 0.720000 
54.952700, -119.195300, 1.090000 
53.048100, -113.921000, 14.170000 
53.204500, -116.811200, 1.852000 
50.747700, -114.494700, 0.210000 
51.534800, -114.203700, 2.142000 
52.959300, -115.893800, 0.809000 
52.776100, -115.660700, 1.003000 
52.463000, -114.346500, 2.569000 
52.758100, -114.111600, 2.254000 
51.637200, -112.866000, 1.690000 
52.226300, -115.177000, 1.247000 
49.720100, -112.781900, 15.460000 
53.746900, -113.164500, 3.460000 
53.475900, -117.036500, 7.349000 
55.358300, -114.617200, 0.197000 
54.185400, -116.210400, 8.769000 
51.915300, -113.578100, 0.183000 
54.427200, -116.884300, 5.295000 
51.696900, -114.475000, 6.569000 
58.555500, -118.915900, 0.106000 
52.035300, -115.137700, 11.829000 
51.526000, -113.880000, 5.236000 
51.984500, -114.743800, 0.689000 
54.284800, -115.698000, 6.561000 
54.510900, -115.511700, 25.070000 
49.476100, -112.652500, 0.500000 
53.132300, -115.981700, 6.397000 
53.319300, -113.518000, 1.465000 
