54.596400, -110.395000, 1.340000 
51.950100, -114.017700, 2.579000 
55.414400, -119.601600, 0.135000 
53.354600, -113.715000, 1.210000 
52.758100, -114.111600, 1.897000 
52.959300, -115.893800, 0.294000 
53.795900, -113.099600, 0.189000 
52.776100, -115.660700, 0.184000 
53.541700, -113.391700, 5.601000 
53.048100, -113.921000, 2.790000 
57.003300, -111.466100, 155.815000 
52.226300, -115.177000, 0.407000 
53.550500, -113.358900, 1.420000 
54.524700, -116.794300, 1.311000 
51.570800, -114.851700, 0.172000 
54.952700, -119.195300, 1.390000 
51.965500, -114.753600, 2.456000 
53.288500, -110.018300, 0.570000 
55.725100, -119.399900, 0.784000 
52.463000, -114.346500, 0.623000 
49.305200, -114.000300, 1.780000 
57.040500, -111.619200, 13.630000 
51.637200, -112.866000, 0.071000 
50.747700, -114.494700, 0.140000 
58.555500, -118.915900, 0.115000 
51.696900, -114.475000, 0.701000 
54.284800, -115.698000, 0.302000 
51.526000, -113.880000, 0.092000 
