50.080710, -110.727860, 1453.740000 
53.721700, -113.191700, 2.460000 
55.725100, -119.399900, 0.100000 
53.204500, -116.811200, 1.000000 
55.414400, -119.601600, 0.100000 
51.191300, -113.940900, 2.000000 
52.308300, -113.550000, 18.097000 
53.319500, -113.527900, 0.484000 
54.952700, -119.195300, 0.320000 
51.965500, -114.753600, 0.011000 
53.048100, -113.921000, 3.080000 
52.553700, -111.694000, 0.900000 
53.571700, -113.349800, 22.657000 
54.572300, -115.522900, 0.660000 
56.377200, -117.175600, 732.100000 
50.805300, -110.034900, 4.415000 
54.194400, -116.632200, 0.983000 
50.994200, -113.985700, 3.522000 
50.982200, -113.974200, 13.778000 
52.496000, -114.988000, 0.600000 
53.570000, -113.611400, 26.653000 
53.572500, -113.360600, 73.995000 
50.647500, -113.772000, 0.600000 
50.845800, -113.586700, 0.100000 
54.596400, -110.395000, 3.200000 
53.733200, -113.175000, 4.300000 
51.000100, -113.984300, 0.951000 
52.226300, -115.177000, 0.010000 
53.582300, -113.588600, 130.900000 
57.003300, -111.466100, 4.765000 
54.923116, -112.861867, 95.070000 
53.841600, -113.097900, 49.680000 
53.413300, -117.570600, 248.501000 
55.071200, -118.691200, 78.500000 
52.758100, -114.111600, 0.010000 
50.086600, -110.716700, 387.735000 
53.343600, -113.526900, 1.065000 
58.555500, -118.915900, 0.145000 
51.696900, -114.475000, 0.126000 
54.284800, -115.698000, 0.129000 
49.476100, -112.652500, 0.100000 
53.725400, -113.193000, 2119.320000 
51.915300, -113.578100, 0.045000 
54.510900, -115.511700, 1.940000 
53.531993, -113.364925, 3.729000 
53.340200, -113.538100, 0.128000 
