52.226300, -115.177000, 0.582000 
54.952700, -119.195300, 0.900000 
53.746900, -113.164500, 6.420000 
53.245000, -115.674300, 1.822000 
51.534800, -114.203700, 5.000000 
53.475900, -117.036500, 3.425000 
55.358300, -114.617200, 2.320000 
54.833300, -118.646700, 1.150000 
53.546800, -113.734800, 2.673000 
53.572500, -113.360600, 23.620000 
55.725100, -119.399900, 0.684000 
53.354600, -113.715000, 0.500000 
54.596400, -110.395000, 0.870000 
52.776100, -115.660700, 0.477000 
52.758100, -114.111600, 1.489000 
52.463000, -114.346500, 8.300000 
52.959300, -115.893800, 0.987000 
54.194400, -116.632200, 0.360000 
53.388700, -115.316900, 2.564000 
52.146300, -115.330000, 5.540000 
53.541700, -113.391700, 7.698000 
53.804200, -113.082400, 23.237000 
57.003300, -111.466100, 127.828000 
56.380600, -116.795000, 0.168000 
53.795900, -113.099600, 9.385000 
53.048100, -113.921000, 15.610000 
51.965500, -114.753600, 1.259000 
55.996700, -118.533600, 1.500000 
51.950100, -114.017700, 7.370000 
57.040500, -111.619200, 7.293000 
53.733200, -113.175000, 6.460000 
55.269500, -114.598300, 5.210000 
53.593060, -116.390300, 12.280000 
53.288500, -110.018300, 0.390000 
53.227700, -114.988900, 7.110000 
51.570800, -114.851700, 0.275000 
53.550500, -113.358900, 3.250000 
51.696900, -114.475000, 5.994000 
52.035300, -115.137700, 6.781000 
53.132300, -115.981700, 4.503000 
51.526000, -113.880000, 9.441000 
51.984500, -114.743800, 0.441000 
54.185400, -116.210400, 5.483000 
51.915300, -113.578100, 0.481000 
54.427200, -116.884300, 9.284000 
54.510900, -115.511700, 19.530000 
