50.747700, -114.494700, 17.000000 
51.570800, -114.851700, 269.393000 
52.226300, -115.177000, 39.684000 
51.191300, -113.940900, 217.615000 
52.146300, -115.330000, 318.300000 
55.725100, -119.399900, 36.212000 
51.039600, -114.559000, 610.000000 
53.733200, -113.486200, 2.500000 
49.305200, -114.000300, 91.640000 
57.040500, -111.619200, 0.524000 
53.725000, -113.192800, 3.000000 
54.185400, -116.210400, 582.100000 
54.427200, -116.884300, 36.000000 
53.132300, -115.981700, 33.700000 
51.400100, -114.034300, 82.500000 
