55.071200, -118.691200, 43.872000 
53.582300, -113.588600, 1.100000 
53.560000, -114.486200, 276.000000 
53.718500, -113.183000, 0.100000 
53.841600, -113.097900, 1842.040000 
54.923116, -112.861867, 41.196000 
53.541700, -113.391700, 0.003000 
54.144400, -115.691700, 0.158000 
53.721700, -113.191700, 665.160000 
49.789400, -112.126100, 30.800000 
54.194400, -116.632200, 3.982000 
52.322100, -113.516600, 22.222000 
50.086600, -110.716700, 2314.259000 
52.033030, -113.938910, 76.695000 
53.571700, -113.349800, 35.483000 
50.957800, -113.981800, 6.275000 
50.845800, -113.586700, 2056.700000 
50.846700, -113.581170, 5.200000 
57.040500, -111.619200, 453.657000 
56.377200, -117.175600, 117.220000 
53.204500, -116.811200, 4.900000 
53.725000, -113.192800, 50.088000 
53.394200, -113.570700, 0.141000 
53.725400, -113.193000, 901.280000 
53.721800, -113.192700, 527.994000 
