53.288500, -110.018300, 0.094000 
53.952700, -113.078000, 0.133000 
54.572300, -115.522900, 0.012000 
54.194400, -116.632200, 0.191000 
53.245000, -115.674300, 0.102000 
53.746900, -113.164500, 0.037000 
51.742300, -114.134500, 0.186000 
52.959300, -115.893800, 1.233000 
52.776100, -115.660700, 0.900000 
52.758100, -114.111600, 1.116000 
52.226300, -115.177000, 0.087000 
49.720100, -112.781900, 7.570000 
55.725100, -119.399900, 0.004000 
52.308300, -113.550000, 0.003000 
51.191300, -113.940900, 0.276000 
51.965500, -114.753600, 0.130000 
56.380600, -116.795000, 0.023000 
53.652000, -116.099200, 0.362000 
57.003300, -111.466100, 58.482000 
57.040500, -111.619200, 69.596000 
50.982200, -113.974200, 0.033000 
53.570000, -113.611400, 0.042000 
51.570800, -114.851700, 0.037000 
53.795900, -113.099600, 0.480000 
53.804200, -113.082400, 4.831000 
53.559400, -113.597500, 0.834000 
53.541700, -113.391700, 1.476000 
53.181200, -115.762500, 0.014000 
52.553700, -111.694000, 0.002000 
51.696900, -114.475000, 0.038000 
53.022700, -112.811400, 18.560000 
54.185400, -116.210400, 0.205000 
51.400100, -114.034300, 0.094000 
54.427200, -116.884300, 0.221000 
52.035300, -115.137700, 0.020000 
49.476100, -112.652500, 0.149000 
54.510900, -115.511700, 0.722000 
53.340200, -113.538100, 0.018000 
49.628100, -114.571900, 0.096000 
57.546300, -119.112600, 0.296000 
55.489100, -119.750800, 0.002000 
59.063100, -118.875700, 0.013000 
53.498700, -113.383100, 0.012000 
51.000700, -113.965670, 0.131000 
53.950900, -113.088100, 0.001000 
53.532000, -113.394000, 0.316000 
53.902300, -115.189300, 0.389000 
52.228400, -114.397700, 0.038000 
55.069600, -110.536100, 0.108000 
53.373100, -116.086000, 0.018000 
50.959200, -113.981200, 0.236000 
53.527200, -113.354800, 0.439000 
50.967800, -113.969900, 0.004000 
50.963600, -113.976680, 0.297000 
53.530040, -113.402010, 0.495000 
53.388600, -115.315800, 0.236000 
50.653300, -111.166100, 0.152000 
53.499900, -113.418000, 0.308000 
52.309150, -113.809970, 0.010000 
55.373190, -114.747800, 1.618000 
54.285000, -115.698200, 0.195000 
55.175000, -118.785400, 0.029000 
53.504100, -113.373300, 0.002000 
