54.952700, -119.195300, 0.100000 
52.322100, -113.516600, 0.001000 
51.534800, -114.203700, 0.189000 
55.725100, -119.399900, 0.100000 
51.191300, -113.940900, 0.100000 
50.982200, -113.974200, 0.001000 
53.570000, -113.611400, 0.004000 
53.795900, -113.099600, 0.187000 
53.804200, -113.082400, 1.068000 
53.541700, -113.391700, 0.430000 
54.524700, -116.794300, 4.174000 
58.555500, -118.915900, 0.100000 
51.526000, -113.880000, 0.100000 
51.400100, -114.034300, 9.758000 
49.476100, -112.652500, 0.005000 
53.495200, -113.444900, 0.258000 
53.498700, -113.383100, 0.003000 
51.000700, -113.965670, 0.002000 
53.027300, -112.806300, 0.010000 
57.351700, -111.522200, 3.757000 
59.641800, -118.307800, 2.590000 
53.737500, -113.149000, 0.220000 
52.942400, -113.511100, 101.567000 
50.999900, -113.991000, 0.001000 
55.175000, -118.785400, 0.067000 
