53.733200, -113.175000, 0.004000 
53.288500, -110.018300, 0.630000 
52.146300, -115.330000, 0.059000 
53.048100, -113.921000, 5.047000 
50.747700, -114.494700, 0.471000 
54.952700, -119.195300, 0.586000 
53.952700, -113.078000, 0.356000 
54.572300, -115.522900, 0.033000 
54.596400, -110.395000, 1.340000 
55.335900, -119.223000, 0.059000 
50.647500, -113.772000, 0.070000 
54.194400, -116.632200, 2.151000 
53.245000, -115.674300, 0.335000 
53.746900, -113.164500, 0.789000 
51.742300, -114.134500, 0.397000 
52.959300, -115.893800, 1.289000 
52.776100, -115.660700, 1.100000 
52.758100, -114.111600, 1.159000 
52.226300, -115.177000, 2.424000 
51.534800, -114.203700, 0.974000 
55.725100, -119.399900, 2.368000 
52.308300, -113.550000, 0.293000 
51.191300, -113.940900, 2.898000 
49.305200, -114.000300, 1.471000 
51.965500, -114.753600, 1.929000 
56.380600, -116.795000, 0.121000 
53.652000, -116.099200, 3.301000 
54.423300, -117.760400, 7.260000 
57.003300, -111.466100, 198.699000 
57.040500, -111.619200, 211.234000 
50.982200, -113.974200, 0.045000 
53.570000, -113.611400, 0.036000 
51.570800, -114.851700, 0.313000 
53.795900, -113.099600, 3.946000 
53.804200, -113.082400, 0.893000 
53.559400, -113.597500, 0.096000 
53.541700, -113.391700, 8.380000 
53.181200, -115.762500, 0.260000 
51.219500, -114.645400, 0.790000 
54.833300, -118.646700, 0.749000 
54.524700, -116.794300, 1.093000 
52.553700, -111.694000, 0.186000 
53.550500, -113.358900, 3.500000 
58.555500, -118.915900, 0.950000 
51.526000, -113.880000, 2.880000 
51.696900, -114.475000, 0.603000 
54.772900, -110.579000, 2.582000 
54.185400, -116.210400, 2.527000 
51.400100, -114.034300, 1.524000 
54.427200, -116.884300, 2.805000 
52.035300, -115.137700, 2.570000 
49.476100, -112.652500, 2.439000 
54.510900, -115.511700, 0.724000 
53.504000, -113.450200, 8.048000 
53.319300, -113.518000, 2.612000 
55.481900, -119.059200, 0.045000 
55.041500, -119.631000, 0.440000 
49.628100, -114.571900, 0.096000 
57.546300, -119.112600, 0.384000 
53.250200, -115.555500, 0.129000 
55.489100, -119.750800, 0.039000 
53.571290, -113.355400, 0.836000 
53.557500, -116.547200, 0.419000 
59.063100, -118.875700, 0.083000 
53.817200, -113.133600, 0.113000 
53.498700, -113.383100, 0.205000 
51.000700, -113.965670, 1.237000 
53.950900, -113.088100, 0.020000 
53.670500, -115.762200, 0.028000 
51.010160, -113.964210, 1.535000 
51.376000, -113.949200, 0.007000 
53.902300, -115.189300, 1.725000 
53.740700, -113.023100, 2.261000 
52.228400, -114.397700, 0.802000 
53.550690, -113.349600, 11.118000 
52.674300, -111.311600, 0.167000 
57.298900, -111.503300, 26.368000 
53.286400, -110.017800, 0.244000 
52.656700, -111.311900, 0.377000 
54.420500, -110.213100, 0.060000 
55.069600, -110.536100, 2.009000 
53.373100, -116.086000, 0.220000 
57.351700, -111.522200, 0.520000 
50.959200, -113.981200, 1.117000 
53.527200, -113.354800, 1.871000 
50.967800, -113.969900, 0.068000 
53.544400, -113.366200, 0.274000 
53.543100, -117.797900, 0.168000 
50.963600, -113.976680, 4.983000 
53.530040, -113.402010, 5.587000 
53.282300, -113.542000, 0.001000 
57.590100, -117.531700, 0.324000 
53.159500, -114.902800, 0.344000 
53.388600, -115.315800, 0.397000 
50.653300, -111.166100, 0.481000 
56.215000, -110.968100, 0.194000 
59.641800, -118.307800, 0.158000 
50.994100, -113.958300, 10.860000 
53.499900, -113.418000, 2.357000 
51.086830, -114.043150, 0.560000 
53.288900, -110.012000, 4.510000 
55.373190, -114.747800, 8.041000 
53.596200, -113.332100, 1.355000 
53.566800, -113.365000, 0.822000 
52.639900, -111.273500, 0.549000 
54.285000, -115.698200, 0.631000 
55.175000, -118.785400, 0.177000 
56.193600, -110.950600, 0.157000 
55.527900, -110.873800, 0.055000 
56.411700, -110.937600, 0.054000 
