53.288500, -110.018300, 0.888000 
52.146300, -115.330000, 0.006000 
53.048100, -113.921000, 4.099000 
50.747700, -114.494700, 1.384000 
54.952700, -119.195300, 0.695000 
53.952700, -113.078000, 0.595000 
54.572300, -115.522900, 0.082000 
54.596400, -110.395000, 0.180000 
50.647500, -113.772000, 0.004000 
54.194400, -116.632200, 0.955000 
53.245000, -115.674300, 0.332000 
53.746900, -113.164500, 2.671000 
51.742300, -114.134500, 0.541000 
52.959300, -115.893800, 1.269000 
52.776100, -115.660700, 0.769000 
52.758100, -114.111600, 2.816000 
52.226300, -115.177000, 1.991000 
51.534800, -114.203700, 0.346000 
55.725100, -119.399900, 1.471000 
51.191300, -113.940900, 1.547000 
49.305200, -114.000300, 1.383000 
51.965500, -114.753600, 0.880000 
53.652000, -116.099200, 1.202000 
54.423300, -117.760400, 1.118000 
57.003300, -111.466100, 217.774000 
57.040500, -111.619200, 56.714000 
51.570800, -114.851700, 0.091000 
53.795900, -113.099600, 0.175000 
53.541700, -113.391700, 0.804000 
54.833300, -118.646700, 0.751000 
54.524700, -116.794300, 1.062000 
52.553700, -111.694000, 0.934000 
58.555500, -118.915900, 0.350000 
51.526000, -113.880000, 0.655000 
51.696900, -114.475000, 0.251000 
54.772900, -110.579000, 0.281000 
54.185400, -116.210400, 0.942000 
54.427200, -116.884300, 1.636000 
53.132300, -115.981700, 0.084000 
52.035300, -115.137700, 1.030000 
54.510900, -115.511700, 0.916000 
51.078650, -114.017660, 3.700000 
57.546300, -119.112600, 0.201000 
53.250200, -115.555500, 0.146000 
53.557500, -116.547200, 0.001000 
53.817200, -113.133600, 0.268000 
53.902300, -115.189300, 0.893000 
52.228400, -114.397700, 0.682000 
52.674300, -111.311600, 0.156000 
53.373100, -116.086000, 0.292000 
57.351700, -111.522200, 0.964500 
53.530040, -113.402010, 1.896000 
57.590100, -117.531700, 0.013000 
53.159500, -114.902800, 0.649000 
53.388600, -115.315800, 0.445000 
50.653300, -111.166100, 0.646000 
50.336800, -111.169800, 0.158000 
59.641800, -118.307800, 0.132000 
54.285000, -115.698200, 0.906000 
55.527900, -110.873800, 0.185000 
