53.733200, -113.175000, 0.013000 
53.288500, -110.018300, 4.345000 
52.146300, -115.330000, 0.017000 
53.048100, -113.921000, 35.282000 
50.747700, -114.494700, 8.275000 
54.952700, -119.195300, 2.756000 
53.952700, -113.078000, 5.318000 
54.572300, -115.522900, 1.565000 
54.596400, -110.395000, 66.305000 
50.647500, -113.772000, 0.002000 
54.194400, -116.632200, 6.646000 
53.245000, -115.674300, 1.626000 
53.746900, -113.164500, 12.804000 
51.742300, -114.134500, 3.562000 
52.959300, -115.893800, 7.356000 
52.776100, -115.660700, 3.793000 
52.758100, -114.111600, 19.806000 
52.226300, -115.177000, 9.763000 
51.534800, -114.203700, 3.934000 
55.725100, -119.399900, 5.959000 
52.308300, -113.550000, 4.961000 
49.713599, -112.796397, 0.321000 
51.191300, -113.940900, 5.686000 
51.965500, -114.753600, 4.088000 
54.423300, -117.760400, 1.568000 
57.003300, -111.466100, 241.783000 
57.040500, -111.619200, 111.008000 
50.982200, -113.974200, 0.264000 
53.570000, -113.611400, 0.012000 
51.570800, -114.851700, 0.151000 
53.795900, -113.099600, 4.847000 
53.541700, -113.391700, 9.663000 
53.181200, -115.762500, 0.196000 
51.219500, -114.645400, 0.878000 
54.833300, -118.646700, 2.838000 
54.524700, -116.794300, 13.755000 
52.553700, -111.694000, 0.815000 
54.130900, -115.546700, 3.751000 
53.550500, -113.358900, 20.529000 
58.555500, -118.915900, 3.498000 
51.526000, -113.880000, 16.810000 
51.696900, -114.475000, 0.167000 
54.772900, -110.579000, 26.818000 
54.185400, -116.210400, 3.609000 
51.400100, -114.034300, 0.886000 
54.427200, -116.884300, 5.138000 
52.035300, -115.137700, 0.451000 
53.728270, -113.235520, 67.035000 
54.510900, -115.511700, 6.349000 
53.283800, -110.031900, 140.913000 
53.319300, -113.518000, 1.590000 
49.701943, -112.803037, 363.506000 
55.041500, -119.631000, 0.116000 
49.628100, -114.571900, 0.701000 
57.546300, -119.112600, 2.845000 
53.250200, -115.555500, 6.739000 
55.489100, -119.750800, 0.012000 
51.222500, -114.495600, 1.863000 
53.557500, -116.547200, 0.325000 
59.063100, -118.875700, 0.681000 
53.817200, -113.133600, 2.188000 
51.000700, -113.965670, 5.932000 
53.670500, -115.762200, 0.013000 
51.010160, -113.964210, 4.746000 
55.074200, -117.274200, 3.499000 
53.616600, -115.711100, 10.094000 
53.902300, -115.189300, 4.122000 
53.740700, -113.023100, 26.239000 
52.228400, -114.397700, 4.657000 
53.550690, -113.349600, 14.853000 
52.674300, -111.311600, 0.629000 
50.671900, -110.028900, 1.160000 
53.373100, -116.086000, 0.278000 
57.351700, -111.522200, 232.126000 
50.959200, -113.981200, 1.634000 
53.527200, -113.354800, 2.654000 
53.544400, -113.366200, 10.553000 
56.981400, -111.475800, 13.838000 
53.543100, -117.797900, 7.383000 
52.588100, -111.206100, 2.002000 
55.393100, -110.738300, 0.238000 
57.054200, -111.917200, 8.789000 
50.963600, -113.976680, 10.167000 
53.530040, -113.402010, 11.496000 
53.282300, -113.542000, 0.014000 
53.159500, -114.902800, 0.022000 
55.309200, -119.205800, 0.004000 
53.024700, -115.531100, 0.002000 
53.574200, -116.646900, 0.004000 
53.866900, -110.644900, 2.485000 
54.416000, -115.636200, 0.007000 
54.974300, -117.285800, 0.005000 
52.050100, -112.728300, 0.003000 
54.387000, -116.966700, 0.008000 
53.388600, -115.315800, 2.461000 
50.653300, -111.166100, 5.449000 
56.215000, -110.968100, 1.234000 
50.336800, -111.169800, 0.082000 
59.641800, -118.307800, 0.776000 
52.963700, -111.364700, 0.708000 
49.449200, -111.616700, 2.745000 
49.372800, -110.672500, 0.092000 
53.288900, -110.012000, 0.010000 
56.272700, -110.938200, 0.294000 
53.579500, -113.316800, 0.215000 
53.566800, -113.365000, 29.211000 
52.639900, -111.273500, 23.111000 
54.285000, -115.698200, 4.841000 
55.175000, -118.785400, 0.130000 
53.504100, -113.373300, 0.084000 
55.713300, -118.771000, 0.004000 
55.527900, -110.873800, 0.940000 
52.635200, -111.263900, 3.076000 
56.411700, -110.937600, 1.590000 
