55.996700, -118.533600, 854.964000 
53.539700, -113.409200, 425.300000 
56.377200, -117.175600, 880.974000 
53.833100, -113.108900, 16.040000 
53.344000, -114.305000, 13144.264000 
53.733200, -113.175000, 1798.165000 
53.288500, -110.018300, 68.040000 
52.146300, -115.330000, 202.280000 
53.048100, -113.921000, 2122.207000 
50.747700, -114.494700, 276.861000 
54.952700, -119.195300, 740.953000 
53.421300, -113.904400, 116.859000 
53.952700, -113.078000, 202.833000 
54.572300, -115.522900, 434.950000 
54.596400, -110.395000, 5821.841000 
55.335900, -119.223000, 24.613000 
50.647500, -113.772000, 47.680000 
54.194400, -116.632200, 1078.950000 
53.245000, -115.674300, 157.220000 
53.746900, -113.164500, 36.010000 
53.718500, -113.183000, 0.058000 
54.144400, -115.691700, 39.000000 
49.789400, -112.126100, 96.969000 
54.179100, -115.806000, 42.490000 
52.564700, -112.141400, 9256.282000 
51.531700, -111.786100, 13127.740000 
54.007100, -119.104000, 2419.000000 
51.742300, -114.134500, 379.420000 
52.496000, -114.988000, 346.054000 
50.675600, -110.025000, 37.276000 
53.529100, -113.387500, 166.161000 
53.572500, -113.360600, 195.777000 
52.322100, -113.516600, 33.705000 
53.571700, -113.349800, 24.500000 
52.959300, -115.893800, 894.770000 
52.463000, -114.346500, 419.560000 
51.637200, -112.866000, 236.419000 
52.776100, -115.660700, 221.540000 
52.758100, -114.111600, 849.870000 
52.226300, -115.177000, 585.160000 
51.534800, -114.203700, 230.000000 
58.500000, -119.416700, 33.260000 
53.089200, -116.805900, 113.509000 
52.940400, -114.832300, 394.377000 
55.725100, -119.399900, 267.753000 
52.308300, -113.550000, 2045.688000 
49.713599, -112.796397, 17.856000 
51.191300, -113.940900, 800.526000 
53.733200, -113.486200, 0.760000 
49.305200, -114.000300, 506.966000 
51.039600, -114.559000, 327.520000 
51.965500, -114.753600, 173.682000 
56.380600, -116.795000, 110.742000 
53.722900, -113.174000, 1.700000 
53.721700, -113.191700, 2273.602000 
53.841600, -113.097900, 557.300000 
53.652000, -116.099200, 51.788000 
54.423300, -117.760400, 766.941000 
57.003300, -111.466100, 10520.148000 
57.040500, -111.619200, 15057.801000 
53.560000, -114.486200, 3355.240000 
53.508500, -114.557100, 25532.780000 
53.448700, -114.449100, 11514.690000 
52.385800, -113.595000, 20.942000 
50.989700, -113.993800, 13.153000 
51.181625, -114.472100, 4.209000 
51.022770, -114.027660, 49.227000 
52.033030, -113.938910, 12.425000 
53.227700, -114.988900, 99.200000 
53.593060, -116.390300, 90.335000 
51.570800, -114.851700, 44.212000 
55.070600, -118.688800, 0.369000 
50.846700, -113.581170, 263.300000 
55.071200, -118.691200, 957.773000 
53.795900, -113.099600, 869.442000 
53.804200, -113.082400, 410.819000 
53.413300, -117.570600, 753.500000 
50.845800, -113.586700, 1339.000000 
53.727300, -113.087100, 7.547000 
53.541700, -113.391700, 2118.436000 
53.181200, -115.762500, 577.607000 
51.219500, -114.645400, 428.821000 
50.805300, -110.034900, 2632.940000 
54.833300, -118.646700, 124.016000 
54.524700, -116.794300, 821.132000 
52.553700, -111.694000, 102.688000 
54.130900, -115.546700, 306.709000 
53.204500, -116.811200, 124.948000 
51.086700, -114.008800, 25.860000 
50.086600, -110.716700, 2477.509000 
53.550500, -113.358900, 1857.436000 
51.526000, -113.880000, 119.966000 
51.696900, -114.475000, 1992.043000 
55.248100, -114.514000, 30.270000 
53.531993, -113.364925, 306.600000 
54.772900, -110.579000, 2569.058000 
54.185400, -116.210400, 971.640000 
51.400100, -114.034300, 1092.239000 
53.757500, -113.149900, 58.843000 
51.984500, -114.743800, 22.288000 
51.926500, -114.542700, 108.340000 
54.427200, -116.884300, 625.330000 
53.132300, -115.981700, 94.674000 
55.913200, -115.150400, 416.851000 
52.035300, -115.137700, 225.417000 
54.510900, -115.511700, 883.360000 
53.283800, -110.031900, 36.770000 
50.061200, -110.723000, 35.588000 
55.481900, -119.059200, 29.920000 
51.789600, -114.702800, 24.987000 
49.701943, -112.803037, 25.728000 
54.238200, -115.379700, 308.700000 
53.725400, -113.193000, 927.200000 
55.029800, -118.744000, 155.356000 
55.041500, -119.631000, 479.865000 
53.505652, -113.412963, 33.615000 
49.628100, -114.571900, 53.701000 
57.546300, -119.112600, 311.600000 
55.040000, -115.475800, 361.774000 
50.597600, -111.881800, 36.720000 
50.583700, -113.871100, 50.876000 
53.250200, -115.555500, 58.766000 
55.489100, -119.750800, 412.880000 
53.581600, -113.599100, 1668.227000 
55.876700, -119.301100, 211.480000 
51.222500, -114.495600, 959.640000 
55.432500, -116.486000, 31.834000 
53.557500, -116.547200, 501.663000 
59.063100, -118.875700, 180.570000 
53.817200, -113.133600, 27.818000 
51.058900, -115.174500, 3550.000000 
52.327100, -112.718300, 424.300000 
56.904200, -117.633600, 30.220000 
53.670500, -115.762200, 238.409000 
53.723500, -113.173800, 110.512000 
53.908300, -118.816700, 41.420000 
50.058200, -110.728200, 760.470000 
54.133300, -115.366600, 51.315000 
57.218000, -111.027000, 24.930000 
55.074200, -117.274200, 88.475000 
55.268600, -114.584700, 11.676000 
58.194700, -116.350400, 26.637000 
55.199400, -116.221900, 126.717000 
55.993500, -113.480500, 90.948000 
53.799100, -113.080700, 201.602000 
58.518800, -117.119500, 147.806000 
54.139800, -115.689100, 14.000000 
54.587200, -112.803100, 6.300000 
58.501200, -117.145600, 4.500000 
53.902300, -115.189300, 57.550000 
53.740700, -113.023100, 850.194000 
52.212400, -113.843700, 57.155000 
52.228400, -114.397700, 509.570000 
51.189400, -113.937800, 161.340000 
52.766100, -114.285600, 62.437000 
53.863100, -113.393900, 18.910000 
53.593600, -113.335600, 35.800000 
57.298900, -111.503300, 671.010000 
49.797800, -113.043600, 14.170000 
53.345800, -111.251900, 24.640000 
50.040920, -110.721904, 345.667000 
50.664700, -113.784200, 17.300000 
50.443600, -110.882500, 23.590000 
49.801900, -113.104700, 56.610000 
49.677359, -112.862698, 2.400000 
53.608100, -111.264400, 9.110000 
53.622800, -115.869400, 15.080000 
50.269600, -112.893800, 167.553000 
53.652200, -113.716400, 15.050000 
54.846700, -112.567500, 94.920000 
54.926900, -111.936100, 75.829000 
52.308300, -113.550000, 463.647000 
58.447100, -119.238300, 326.593000 
58.460300, -115.238300, 92.023000 
53.402700, -117.599300, 72.225000 
50.577200, -111.178100, 157.812000 
52.869000, -115.101000, 98.092000 
50.671900, -110.028900, 64.074000 
52.904700, -115.324700, 30.352000 
55.582700, -110.888800, 21.597000 
53.091100, -111.768600, 467.047000 
55.069600, -110.536100, 554.622000 
53.373100, -116.086000, 182.821000 
51.006900, -113.192800, 199.434000 
57.351700, -111.522200, 651.584000 
53.519600, -113.529000, 148.935000 
51.024500, -114.025000, 32.800000 
52.315900, -113.850000, 70.208000 
50.847000, -113.591000, 175.338000 
53.819400, -113.141900, 69.106000 
56.373300, -119.922800, 34.000000 
51.316900, -113.390300, 44.901000 
54.043500, -117.420000, 271.514000 
49.975700, -114.130000, 173.605000 
50.817600, -110.448000, 56.134000 
55.125900, -117.838000, 179.975000 
52.058000, -114.908000, 349.878000 
57.879100, -118.418300, 24.466000 
54.288500, -116.978000, 78.842000 
54.829600, -118.647000, 359.915000 
57.361200, -119.754000, 61.701000 
51.099300, -112.639000, 249.146000 
53.960200, -116.460000, 152.967000 
54.483500, -118.100000, 180.046000 
57.188000, -118.248900, 69.310000 
52.719000, -115.708000, 20.454000 
55.450900, -113.923000, 65.372000 
50.697800, -111.531000, 414.033000 
50.704600, -110.844000, 346.451000 
55.814900, -119.365000, 23.398000 
51.943400, -114.736000, 426.050000 
54.094600, -112.306000, 20.882000 
53.470500, -116.496100, 128.321000 
50.693800, -114.330000, 267.019000 
52.355300, -115.332000, 302.000000 
52.755200, -110.747000, 51.506000 
51.444300, -114.527000, 184.472000 
53.244500, -116.238000, 251.601000 
51.015020, -114.026480, 25.047000 
51.068200, -115.136400, 584.622000 
53.862700, -110.639000, 23.000000 
52.479300, -115.206900, 290.456000 
53.431000, -117.540600, 0.602000 
53.010600, -112.810000, 1.363000 
52.255700, -113.886000, 2.325000 
53.645100, -114.130200, 2.340000 
51.407800, -113.668300, 215.173000 
50.963300, -112.288300, 195.101000 
50.676800, -110.018000, 44.799000 
50.701100, -111.095600, 244.084000 
53.066500, -117.404800, 44.700000 
54.293100, -116.188300, 217.700000 
53.826700, -113.603300, 102.090000 
53.039700, -111.220000, 89.674000 
55.866700, -119.596700, 168.941000 
54.839400, -118.658900, 84.559000 
54.285600, -115.711100, 63.832000 
54.140000, -115.553900, 58.862000 
51.065300, -115.221100, 5.626000 
54.938200, -114.342200, 127.568000 
53.501040, -113.489732, 42.990000 
52.375200, -114.921600, 29.171000 
55.969400, -117.575600, 51.355000 
52.412900, -114.407600, 35.327000 
55.964900, -117.593500, 69.519000 
53.691700, -113.614400, 20.258000 
53.109200, -114.981300, 43.466000 
55.750300, -119.684300, 75.046000 
52.752900, -114.445400, 43.384000 
51.890100, -114.495200, 27.760000 
52.119300, -114.684100, 55.940000 
52.035400, -114.612700, 27.540000 
52.046500, -114.588800, 91.130000 
52.581200, -113.971000, 194.260000 
53.740300, -116.622700, 51.250000 
53.937900, -116.660900, 30.580000 
53.767000, -116.751200, 23.460000 
51.813700, -114.536800, 141.990000 
53.006800, -110.995000, 137.670000 
50.194700, -110.479700, 200.988000 
50.187500, -110.476900, 47.833000 
50.205800, -110.476900, 43.020000 
52.246500, -112.444500, 34.689000 
53.601900, -111.628700, 35.765000 
53.057500, -111.097200, 52.304000 
53.152300, -111.076600, 52.782000 
50.751500, -113.079900, 45.101000 
50.716700, -112.983300, 49.883000 
55.141900, -118.464400, 25.024000 
54.560100, -111.770600, 82.010000 
52.843200, -111.722800, 342.916000 
53.607000, -112.592700, 147.382000 
53.537900, -111.785100, 553.201000 
53.635900, -112.019200, 143.150000 
55.931200, -112.047000, 127.048000 
54.687300, -111.944600, 79.956000 
54.658200, -111.622300, 23.800000 
51.209800, -110.161100, 183.002000 
51.213400, -110.336100, 30.824000 
52.308200, -114.096500, 115.280000 
52.322800, -114.020800, 72.028000 
51.649800, -110.187200, 193.049000 
52.083200, -112.207800, 19.110000 
52.926800, -111.889500, 264.342000 
51.770100, -111.422000, 271.532000 
51.791700, -111.536400, 158.912000 
52.555700, -111.805300, 140.746000 
52.402900, -111.844500, 23.022000 
56.036800, -113.782500, 158.187000 
52.402900, -111.736200, 113.738000 
55.644000, -114.659700, 554.556000 
55.513100, -113.475000, 265.525000 
55.858700, -113.841400, 207.215000 
54.897200, -117.708800, 374.797000 
54.218200, -110.712000, 72.277000 
54.101800, -114.292500, 43.648000 
55.225700, -114.493000, 94.208000 
55.247500, -116.641600, 375.567000 
54.359600, -116.152900, 35.088000 
54.229000, -110.348600, 99.452000 
54.432500, -110.306400, 40.728000 
54.210700, -110.241900, 19.209000 
54.174300, -110.298300, 46.997000 
54.243400, -110.762300, 28.468000 
54.025400, -110.681200, 198.457000 
54.056020, -110.357560, 38.421000 
54.113300, -110.564600, 44.546000 
54.062600, -110.292200, 29.455000 
54.105400, -113.442700, 37.835000 
54.479800, -110.332600, 28.410000 
53.277900, -110.034300, 72.690000 
53.883400, -110.041100, 588.328000 
50.227500, -113.548200, 154.490000 
50.937000, -113.292700, 13.470000 
50.904300, -113.308500, 108.761000 
50.242200, -113.617100, 79.549000 
50.231100, -113.519600, 26.448000 
52.912000, -110.682700, 21.960000 
52.908400, -112.435300, 84.307000 
53.155900, -112.326700, 484.731000 
53.072300, -112.400100, 28.942000 
52.366800, -112.136500, 46.860000 
54.298200, -112.824300, 113.655000 
56.091500, -111.817800, 133.723000 
56.055900, -111.830900, 33.182000 
55.991165, -112.032320, 185.410000 
55.869500, -112.001200, 73.523000 
55.924000, -111.896500, 57.498000 
55.873200, -112.145400, 135.682000 
52.923200, -115.107500, 340.625000 
52.779800, -113.629900, 199.080000 
52.774000, -113.520700, 123.482000 
52.719300, -113.617900, 117.148000 
52.861200, -113.539100, 8.746000 
52.857600, -113.320700, 29.473000 
53.345100, -114.743600, 248.771000 
52.908400, -115.174200, 21.120000 
52.872000, -113.629900, 193.907000 
52.868400, -113.666300, 105.049000 
52.734000, -113.162900, 167.120000 
52.104500, -113.077400, 112.001000 
52.592000, -113.967900, 99.640000 
52.322800, -114.020800, 375.920000 
52.373700, -114.076000, 115.405000 
58.568700, -119.201500, 215.531000 
55.985900, -119.955800, 107.953000 
54.138100, -111.908300, 193.624000 
53.890700, -117.354000, 201.906000 
50.198300, -112.119200, 52.001000 
55.728600, -119.775000, 54.726000 
52.790700, -114.130700, 143.129000 
55.641700, -119.635000, 31.328000 
53.850600, -112.190600, 91.517000 
55.396400, -119.599700, 181.694000 
50.100300, -111.988100, 61.401000 
53.956700, -111.172600, 204.480000 
51.540900, -114.103800, 145.937000 
55.483900, -118.970000, 61.888000 
54.203300, -116.848300, 173.464000 
52.808800, -114.257600, 94.354000 
53.766900, -112.203100, 300.879000 
50.129400, -111.908400, 256.534000 
52.244400, -114.735500, 20.175000 
52.621200, -114.827900, 74.643000 
54.003900, -111.817000, 65.113000 
55.720300, -119.406100, 925.900000 
54.494400, -115.957600, 116.299000 
53.927000, -114.376900, 22.321000 
54.650900, -114.528900, 90.127000 
54.338200, -114.060400, 155.055000 
55.913200, -114.482200, 55.563000 
54.078900, -113.346000, 83.655000 
54.221700, -112.905000, 41.812000 
54.403300, -112.528900, 23.913000 
54.443600, -112.583200, 107.541000 
53.952600, -112.390400, 37.158000 
54.068900, -112.184200, 45.545000 
54.206900, -112.409700, 49.155000 
54.545300, -112.670600, 59.782000 
54.530800, -112.920000, 59.060000 
53.908900, -113.172500, 86.038000 
55.116400, -116.712300, 29.269000 
52.544800, -110.713600, 54.009000 
58.943200, -118.916800, 36.072000 
58.975900, -119.118700, 78.573000 
59.165100, -118.725800, 197.714000 
59.117900, -118.654500, 103.149000 
58.997900, -118.797500, 121.353000 
59.005100, -119.033200, 88.875000 
59.219800, -119.268700, 140.792000 
59.095900, -118.576100, 129.206000 
57.364000, -119.763000, 125.665000 
57.360000, -119.749000, 56.472000 
57.368100, -119.729400, 60.745000 
57.382500, -119.778400, 141.622000 
57.318100, -119.860100, 110.188000 
52.632000, -112.945400, 167.108000 
52.746800, -112.988000, 42.019000 
52.588400, -113.161800, 47.207000 
52.144400, -115.535000, 31.000000 
52.180900, -112.647600, 187.785000 
52.198500, -112.638000, 99.408000 
52.166400, -112.658600, 99.417000 
52.549700, -112.579400, 70.843000 
51.893700, -114.400400, 375.661000 
52.402900, -114.707700, 222.346000 
52.480900, -114.870200, 192.414000 
52.395700, -115.188900, 23.333000 
52.199300, -114.564900, 34.903000 
52.544800, -114.641600, 86.037000 
52.319300, -111.477600, 302.009000 
52.235700, -111.788100, 276.242000 
52.220900, -111.937300, 256.893000 
51.955400, -111.845300, 151.675000 
52.326500, -111.128600, 115.238000 
51.977300, -111.173400, 155.480000 
52.064500, -111.298700, 173.032000 
52.446500, -111.272700, 176.798000 
52.515700, -113.173800, 818.673000 
52.450100, -113.167900, 98.239000 
49.871100, -112.913700, 138.660000 
52.490000, -113.034400, 24.519000 
52.512000, -112.999300, 11.191000 
52.366500, -113.191800, 56.577000 
52.515700, -113.366300, 31.598000 
51.748200, -113.592100, 65.397000 
52.104400, -110.695000, 639.715000 
52.028200, -110.564700, 51.177000 
51.977300, -110.486900, 56.438000 
52.264500, -110.570500, 108.756000 
50.737400, -112.084900, 161.171000 
50.542200, -112.204700, 90.478000 
54.162500, -112.841800, 49.625000 
50.704300, -111.155300, 480.855000 
50.518700, -111.910900, 20.135000 
50.838700, -111.520100, 216.990000 
50.977000, -111.683100, 394.810000 
50.922300, -111.391500, 136.710000 
51.300700, -112.042600, 56.665000 
57.299000, -118.228900, 149.201000 
52.166500, -113.256300, 207.971000 
54.796400, -117.658000, 109.121600 
52.286500, -114.123200, 102.675000 
54.785300, -117.658000, 483.121600 
52.457600, -114.419100, 296.430000 
55.891100, -119.798600, 31.794000 
55.494700, -119.289500, 94.963000 
54.290800, -116.918700, 88.850000 
51.488700, -113.153900, 671.840000 
53.104800, -111.556500, 98.816000 
53.719800, -113.596300, 40.084000 
50.675000, -110.049200, 23.113000 
53.416800, -113.917700, 116.302000 
53.941500, -113.664600, 39.007000 
53.137600, -113.794100, 29.881000 
55.305700, -115.046100, 18.858000 
53.179500, -111.779500, 47.420000 
57.346400, -119.099000, 39.580000 
57.189700, -119.054800, 276.840000 
53.821500, -113.490400, 206.450000 
53.949000, -113.285400, 99.890000 
57.157300, -115.122000, 86.010000 
55.938600, -117.239400, 39.930000 
52.366500, -112.734900, 298.680000 
52.355700, -112.831000, 33.544000 
52.268400, -112.790700, 17.895000 
51.504500, -112.677300, 68.920000 
59.623400, -117.727200, 123.225000 
51.213400, -111.030000, 91.297000 
56.058600, -118.161700, 70.246000 
56.582500, -118.118100, 102.419000 
51.591800, -110.750000, 178.597000 
51.607100, -110.282400, 143.438000 
49.689200, -112.942000, 65.316000 
56.717000, -113.378900, 26.714000 
57.153300, -118.334500, 73.564000 
56.818900, -118.570000, 45.438000 
54.127000, -110.486500, 76.870000 
51.333400, -110.667500, 306.611000 
51.959000, -110.767500, 179.400000 
55.698300, -118.783300, 133.438000 
55.714100, -118.830400, 96.134000 
56.532000, -117.993000, 75.182000 
51.977300, -110.988300, 36.485000 
54.334500, -110.310900, 150.417000 
56.982800, -118.305800, 79.116000 
51.773700, -114.222900, 130.912000 
50.987900, -111.741500, 80.765000 
51.425100, -110.513800, 110.970000 
56.691400, -118.771700, 71.407000 
56.727900, -116.305700, 82.684000 
56.069400, -119.877200, 90.951000 
56.506100, -117.982800, 190.328000 
51.937300, -111.099200, 126.030000 
56.069400, -118.247000, 79.699000 
51.413400, -111.766500, 102.184000 
51.254200, -110.402700, 178.966000 
50.220300, -112.444200, 301.752000 
49.521900, -112.859000, 147.589000 
51.620900, -114.483500, 138.010000 
52.068200, -114.546800, 93.637000 
51.919000, -114.394600, 377.113000 
51.897200, -115.040200, 322.409000 
52.093600, -115.143800, 199.582000 
52.104400, -115.161600, 153.411000 
51.777200, -114.897900, 39.097000 
51.850000, -115.105200, 33.661000 
51.791700, -114.915700, 34.451000 
53.035800, -115.965300, 20.744000 
53.912600, -116.745100, 145.779000 
54.029000, -116.769800, 35.475000 
54.047000, -116.887900, 24.925000 
54.319700, -116.718100, 32.108000 
54.385300, -116.975100, 249.721000 
54.345300, -116.880900, 58.522000 
54.350500, -116.766800, 80.278000 
54.185300, -116.768100, 20.802000 
57.338900, -119.657100, 702.161000 
57.349400, -118.670600, 107.037000 
57.193700, -118.199700, 57.184000 
57.418900, -118.942600, 172.955000 
57.502800, -118.745700, 138.193000 
57.338900, -118.460000, 325.748000 
55.676800, -111.113700, 23.844000 
55.720400, -111.347300, 104.945000 
54.381800, -111.238700, 34.437000 
55.713800, -111.263100, 75.361000 
55.352900, -110.627800, 570.451000 
55.451200, -110.853100, 64.680000 
55.396500, -110.737300, 123.792000 
55.691200, -111.275900, 280.485000 
54.436200, -111.205100, 122.654000 
54.447300, -111.318700, 25.945000 
55.694100, -113.599400, 21.398000 
55.520400, -113.781100, 74.533000 
55.509300, -114.146900, 55.686000 
55.640400, -114.536400, 26.637000 
55.585600, -117.891600, 423.841000 
53.159500, -114.902800, 46.860000 
54.836400, -119.145800, 92.496000 
54.810800, -119.649700, 46.273000 
54.796400, -119.439200, 28.957000 
54.872800, -119.361100, 114.500000 
54.829200, -119.490000, 236.527000 
54.800000, -119.775600, 22.974000 
54.607200, -119.332000, 43.699000 
54.720000, -119.110600, 129.891000 
54.803600, -119.796400, 33.295000 
54.829200, -119.668600, 40.207000 
54.956400, -119.445600, 49.671000 
54.876400, -119.286100, 24.783000 
55.494700, -119.412800, 45.454000 
52.544800, -114.545200, 101.686000 
52.184500, -114.737900, 34.008000 
53.103200, -115.363400, 28.477000 
53.159500, -114.205700, 31.070000 
52.814000, -114.786000, 190.462000 
52.923200, -115.156100, 98.634000 
52.708400, -115.428900, 66.464000 
53.101200, -114.761900, 180.350000 
53.257600, -115.507800, 44.310000 
54.099600, -117.535500, 34.572000 
53.610600, -117.695900, 164.614000 
53.625000, -117.782300, 57.895000 
54.450800, -117.228100, 68.523000 
53.909800, -115.787800, 92.081000 
53.828700, -115.943000, 283.716000 
53.366700, -116.022500, 63.141000 
53.326800, -116.168000, 89.528000 
53.534300, -116.333900, 127.624000 
49.958300, -113.556600, 70.198000 
53.076000, -111.299800, 31.015000 
53.035900, -111.403600, 50.901000 
53.777900, -115.974200, 52.789000 
53.777900, -115.769200, 108.258000 
54.130700, -115.765300, 94.103000 
54.887200, -119.828100, 78.088000 
55.061900, -119.388100, 35.286000 
55.061900, -119.337000, 24.931000 
55.032800, -119.745000, 24.997000 
55.018300, -119.413600, 24.931000 
55.047200, -119.828100, 24.997000 
55.032800, -119.699200, 24.931000 
55.032800, -119.623900, 24.997000 
55.010800, -119.865000, 47.926000 
54.985600, -119.828100, 29.286000 
56.011400, -119.759500, 28.200000 
57.480800, -119.160100, 149.441000 
55.979700, -119.426100, 47.728000 
57.399800, -119.513100, 37.678000 
57.418900, -119.561200, 57.842000 
51.065100, -114.130500, 60.527000 
51.180450, -113.937280, 77.841000 
52.933900, -116.173600, 38.240000 
53.013900, -116.258600, 161.840000 
52.747000, -115.255600, 20.610000 
52.703800, -114.572500, 725.230000 
56.112800, -119.529000, 84.440000 
53.919700, -114.717800, 62.890000 
50.901600, -110.480800, 122.890000 
51.500600, -113.804400, 81.600000 
50.805800, -111.507500, 169.480000 
52.064400, -114.271400, 157.932000 
53.564700, -116.719200, 71.420000 
51.027000, -114.018600, 20.088000 
52.999100, -112.971000, 24.855000 
54.130600, -119.218900, 61.440000 
54.439300, -119.655000, 37.163000 
54.459900, -119.717000, 56.990000 
54.152600, -110.931500, 37.463000 
56.088100, -119.934800, 36.242000 
56.538600, -119.950600, 201.406000 
51.213300, -111.355600, 249.616000 
52.013600, -112.986700, 160.872000 
54.894400, -111.813900, 353.097000 
55.069400, -113.313900, 369.780000 
53.499300, -116.805300, 556.997000 
50.718600, -111.322200, 38.030000 
51.082500, -111.915600, 169.548000 
54.527200, -112.926100, 101.816000 
51.620800, -112.069400, 197.619000 
55.782200, -112.034400, 3.780000 
54.734400, -112.638900, 67.745000 
54.923600, -114.111400, 80.562000 
54.487200, -118.213000, 35.959000 
55.026700, -112.185100, 56.393000 
54.967700, -113.936500, 53.210000 
53.686900, -116.776400, 42.132000 
57.004500, -113.188600, 1099.466000 
52.755600, -111.282200, 64.446000 
54.763600, -114.302800, 102.855000 
52.334100, -113.674200, 65.990000 
57.485900, -113.793100, 153.212000 
50.863600, -111.847200, 109.868000 
51.300800, -112.041700, 69.587000 
55.418300, -111.411700, 156.334000 
55.186400, -111.439100, 257.691000 
51.449700, -111.571700, 229.723000 
54.257200, -112.373600, 341.697000 
54.345300, -112.905000, 113.283000 
49.994700, -113.579300, 50.070000 
54.798600, -114.203400, 55.669000 
54.375200, -110.402100, 48.499000 
56.033100, -119.489400, 57.610000 
53.968000, -110.969200, 67.283000 
54.855000, -118.521900, 188.777000 
52.235800, -113.377700, 93.388000 
54.419600, -117.293100, 127.390000 
51.639000, -112.407800, 24.256000 
50.940600, -111.880600, 242.636000 
54.447400, -117.523700, 386.940000 
50.867800, -111.796900, 134.678000 
55.843900, -111.090000, 161.608000 
53.415200, -110.857100, 119.903000 
56.135000, -113.028300, 26.539000 
51.943400, -112.077500, 61.237000 
51.609700, -112.623300, 59.077000 
54.536100, -117.111400, 86.251000 
56.891000, -112.671500, 222.951000 
54.708900, -113.448100, 178.002000 
54.548100, -117.411400, 284.937000 
56.134800, -113.201300, 672.629000 
55.174700, -114.241100, 198.528000 
54.127300, -110.890400, 61.794000 
52.599200, -113.973100, 109.100000 
53.836200, -111.321500, 4.340000 
55.509200, -111.690300, 14.100000 
55.597300, -111.770600, 180.260000 
49.485000, -111.218200, 35.790000 
55.684000, -115.094500, 172.670000 
51.961400, -112.370000, 115.253000 
55.121400, -114.159100, 125.414000 
55.643900, -111.924200, 22.690000 
53.997000, -111.569200, 327.348000 
50.698800, -111.458000, 71.347000 
54.130600, -115.231400, 329.370000 
55.216800, -112.002900, 2.030000 
51.264200, -112.381900, 130.624000 
54.685600, -117.414400, 242.354000 
54.523500, -113.846300, 54.733000 
54.612500, -118.214300, 699.320000 
53.215900, -116.497000, 229.128000 
54.102500, -112.310200, 320.160000 
54.627000, -117.464200, 268.127000 
50.101700, -111.307800, 127.636000 
54.814400, -113.605600, 52.046000 
55.688200, -113.897000, 49.026000 
50.828700, -111.791400, 62.365000 
55.631500, -112.189600, 541.290000 
55.294800, -114.145800, 25.711000 
54.786400, -112.744200, 43.131000 
54.261700, -117.249400, 44.841000 
51.570600, -111.357100, 109.890000 
54.452400, -116.966400, 160.513000 
55.862600, -119.715000, 73.059000 
55.949600, -110.624000, 137.715000 
53.607000, -116.703700, 69.028000 
55.876700, -110.880600, 97.549000 
57.273600, -115.892500, 38.899000 
50.989600, -112.067900, 81.406000 
52.821100, -112.440600, 158.563000 
55.891800, -111.717900, 21.180000 
50.567300, -111.213500, 14.422000 
54.510600, -117.501800, 170.518000 
55.032800, -113.720300, 106.978000 
53.418900, -110.297400, 48.850000 
53.868700, -110.202400, 39.023000 
55.822600, -113.525900, 193.187000 
52.155600, -113.529700, 314.960000 
56.956900, -112.850800, 339.748000 
54.352500, -111.150000, 224.391000 
54.702500, -112.900400, 318.843000 
52.797900, -112.371400, 182.404000 
53.946900, -110.794600, 135.263000 
53.770600, -117.601400, 360.897000 
54.209200, -113.773700, 177.231000 
56.913500, -112.765900, 387.699000 
51.706400, -112.386200, 88.851000 
54.760400, -113.959500, 126.624000 
52.941900, -114.043400, 117.370000 
55.125000, -111.690600, 41.430000 
53.583000, -116.842000, 606.942000 
54.803600, -110.347500, 24.985000 
55.152800, -112.974700, 47.157000 
56.986100, -113.032800, 32.697000 
54.528700, -117.464200, 341.774000 
53.916400, -114.707900, 36.385000 
56.199000, -110.675100, 133.144000 
56.040300, -114.140600, 57.942000 
56.302200, -112.309400, 369.562000 
55.093800, -113.623700, 242.597000 
50.047200, -113.556900, 266.157000 
49.098600, -111.476400, 210.510000 
55.823000, -110.792300, 222.334000 
56.083300, -112.515100, 69.670000 
49.448100, -111.396900, 37.226000 
51.733100, -111.640300, 142.757000 
52.958300, -111.238400, 191.289000 
50.511400, -111.289400, 261.603000 
56.622700, -119.946500, 572.286000 
54.105300, -117.512800, 24.040000 
54.294400, -111.306700, 190.579000 
50.191900, -111.301800, 342.077000 
54.745300, -112.126900, 88.908000 
54.410900, -112.260400, 34.870000 
51.460600, -112.652800, 79.613000 
51.496900, -112.570600, 31.260000 
51.468800, -112.609800, 32.572000 
51.468100, -112.688100, 31.260000 
54.156100, -112.008600, 59.319000 
51.665300, -112.323200, 20.600000 
51.715300, -111.702200, 23.749000 
54.348900, -116.578900, 41.707000 
56.027200, -115.328300, 25.252000 
54.206700, -116.766700, 311.900000 
53.706600, -117.241000, 61.410000 
51.971600, -112.630300, 21.064000 
51.315900, -113.428500, 104.035000 
52.202900, -112.677300, 43.890000 
52.613900, -112.805800, 195.871000 
52.544700, -112.902200, 197.514000 
51.691800, -112.224000, 264.384000 
51.225200, -113.612600, 128.355000 
52.517600, -114.346500, 71.454000 
53.197300, -114.098200, 53.827000 
54.988000, -118.780000, 34.644000 
54.944400, -118.828100, 242.646000 
54.896300, -118.487000, 32.520000 
55.902200, -119.412500, 28.590000 
55.993100, -119.771100, 77.760000 
55.265600, -114.601400, 367.022000 
54.037600, -116.698500, 88.619000 
53.388600, -115.315800, 215.670000 
55.146800, -114.517100, 24.676000 
54.541800, -117.884100, 122.436000 
54.350500, -116.766800, 68.584000 
55.698000, -118.137100, 59.048000 
50.973000, -113.852900, 34.416000 
50.544700, -113.991300, 58.620000 
50.006500, -114.146000, 31.885000 
50.635800, -113.633400, 22.944000 
50.609400, -113.706700, 103.269000 
50.496700, -113.403600, 22.944000 
50.443500, -113.952200, 39.988000 
50.397600, -113.925500, 212.039000 
50.677900, -113.715700, 22.944000 
56.198300, -118.656300, 86.499000 
56.556900, -119.363900, 65.700000 
50.553600, -113.553000, 137.258000 
50.957700, -113.714500, 48.107000 
50.936300, -113.783200, 31.513000 
50.693100, -113.510000, 24.964000 
53.664100, -116.201800, 34.108000 
53.706600, -115.976300, 109.765000 
53.655600, -115.933200, 76.577000 
50.521800, -113.913200, 98.936000 
50.653300, -111.166100, 221.030000 
50.576700, -112.630300, 99.880000 
50.704200, -111.160300, 102.320000 
52.926700, -113.998900, 24.098000 
51.024500, -111.642800, 77.944000 
51.552500, -111.490600, 357.156000 
51.176900, -112.055300, 91.907000 
51.915100, -113.373700, 59.461000 
52.358000, -114.324100, 34.984000 
51.684400, -111.851300, 25.861000 
51.637100, -112.865800, 112.147000 
51.552600, -111.632500, 54.352000 
52.743400, -114.113400, 95.958000 
52.337200, -115.123200, 25.821000 
52.851400, -114.046900, 22.837000 
51.137900, -111.577600, 23.677000 
52.010000, -113.601400, 22.735000 
52.265500, -114.517800, 43.597000 
52.193500, -112.771900, 53.860000 
52.707000, -114.137500, 22.738000 
53.825000, -115.556700, 166.900000 
52.881700, -115.733200, 20.856000 
53.216900, -116.358700, 27.612000 
55.245100, -119.689000, 36.968000 
54.772300, -116.680400, 64.510000 
56.215000, -110.968100, 24.132000 
53.967700, -110.122400, 42.738000 
52.260500, -113.816600, 189.905000 
55.639400, -118.984300, 38.630000 
52.366300, -114.963000, 456.163000 
55.666900, -117.761600, 36.818000 
55.651800, -111.084400, 75.588000 
55.432800, -118.041700, 29.147000 
52.988300, -110.670000, 21.312000 
52.829600, -113.910900, 192.672000 
56.930900, -115.252200, 111.813000 
55.883900, -117.462000, 23.107000 
49.729200, -114.427200, 60.349000 
55.767500, -118.126400, 233.362000 
55.669900, -117.904200, 96.947000 
55.145600, -114.118900, 44.716000 
54.388400, -110.949300, 104.728000 
55.640300, -118.502800, 41.384000 
55.917500, -119.835200, 18.385000 
52.221100, -112.418700, 97.468000 
53.210800, -110.201900, 61.608000 
56.455500, -113.485500, 158.346000 
56.281800, -119.166800, 24.058000 
56.731500, -115.611500, 226.600000 
52.370000, -115.061700, 47.592000 
54.348900, -119.463300, 178.115000 
55.586800, -119.433800, 47.393000 
53.403100, -110.403600, 59.067000 
52.399300, -115.020500, 235.438000 
55.471000, -110.720700, 79.525000 
52.238900, -112.399300, 48.160000 
57.418900, -119.675000, 44.237000 
54.552500, -111.305300, 44.729000 
57.374300, -119.234900, 56.296000 
57.303800, -114.973000, 67.191000 
53.756800, -110.101300, 98.481000 
55.769300, -118.567800, 233.213000 
55.429200, -113.618100, 45.114000 
54.033400, -117.756900, 209.681000 
53.277000, -110.481000, 93.779000 
54.965100, -119.306800, 400.154000 
56.091600, -111.039700, 199.444000 
52.140800, -112.157200, 122.471000 
56.347100, -119.190500, 33.606000 
55.954200, -117.710800, 96.364000 
55.895000, -118.317500, 22.968000 
50.165300, -110.666200, 30.043000 
50.707600, -110.485200, 77.429000 
51.495900, -114.210100, 117.094000 
50.202700, -110.661300, 186.639000 
50.336700, -110.135000, 455.945000 
50.294200, -110.593500, 400.201000 
50.191100, -110.259400, 208.747000 
52.464700, -110.664400, 36.640000 
53.337800, -111.243900, 612.330000 
53.178600, -112.537000, 100.836000 
53.562800, -112.328500, 137.713000 
53.967600, -112.269100, 98.686000 
53.036000, -111.665600, 88.192000 
52.719200, -111.500600, 144.102000 
52.090700, -112.766700, 98.700000 
55.862200, -119.589200, 51.200000 
55.862200, -119.720300, 17.000000 
56.098600, -119.288100, 253.600000 
55.945800, -119.805300, 21.700000 
55.943900, -119.923100, 242.600000 
52.268400, -113.351800, 72.691000 
50.955100, -112.697800, 79.265000 
50.969800, -112.855100, 69.297000 
51.002300, -112.884200, 59.481000 
50.995000, -112.801700, 66.327000 
50.965900, -113.030200, 204.325000 
51.037000, -113.196300, 62.720000 
51.013400, -112.907600, 56.438000 
51.118700, -112.960100, 44.992000 
51.115100, -112.960100, 392.400000 
51.122600, -113.164300, 36.774000 
51.217000, -113.977700, 144.677000 
51.279000, -113.065200, 36.405000 
51.006200, -113.176000, 79.362000 
51.020700, -112.948400, 351.813000 
50.278300, -111.468400, 121.369000 
50.289400, -112.007500, 169.880000 
50.296700, -111.566200, 40.470000 
50.274700, -111.847600, 32.030000 
50.438700, -111.284800, 538.452000 
50.485900, -111.451200, 283.976000 
50.536800, -112.031500, 54.197000 
50.656800, -111.410100, 135.784000 
50.671500, -111.695300, 192.591000 
50.998700, -112.464500, 67.344000 
51.126200, -112.359500, 219.659000 
51.304300, -112.653700, 239.419000 
51.275400, -112.906500, 115.243000 
51.402400, -112.918100, 527.118000 
51.075100, -112.231200, 33.374000 
51.042300, -112.254500, 35.943000 
51.060700, -112.412000, 40.493000 
51.151500, -112.207800, 20.328000 
51.118700, -112.505300, 56.101000 
51.147800, -112.621100, 132.775000 
51.129700, -114.767900, 68.094000 
51.151500, -112.703700, 39.923000 
51.322600, -112.542000, 64.341000 
51.307900, -112.712600, 106.790000 
51.406200, -112.347600, 138.508000 
50.675000, -111.762200, 120.289000 
50.802300, -111.902000, 196.180000 
50.795100, -112.017800, 402.319000 
50.893400, -112.174000, 207.131000 
50.842300, -112.463400, 147.904000 
50.915100, -112.451700, 646.990000 
50.627900, -111.965600, 186.868000 
50.635100, -112.237600, 30.102000 
50.649500, -112.347600, 20.476000 
50.700700, -112.110300, 44.296000 
50.707900, -112.353400, 54.171000 
50.711500, -112.394000, 282.933000 
50.755100, -111.786200, 32.759000 
50.809500, -111.693700, 63.316000 
50.867900, -111.936700, 151.676000 
50.860700, -112.035100, 113.583000 
50.864300, -112.353400, 104.444000 
50.849500, -112.411200, 34.786000 
50.835100, -112.538700, 25.670000 
50.977000, -112.242800, 141.279000 
50.889400, -113.406800, 324.178000 
51.264300, -113.205200, 217.300000 
51.380700, -113.229600, 138.164000 
51.402600, -113.247400, 248.118000 
51.075100, -113.409300, 165.055000 
51.078700, -113.537700, 33.726000 
51.213400, -113.257700, 46.786000 
51.264300, -113.403500, 65.270000 
51.359000, -113.352900, 41.779000 
49.347200, -112.814200, 23.920000 
49.030800, -111.052700, 21.913000 
49.205300, -111.037700, 138.089000 
49.300000, -110.806400, 22.913000 
49.358100, -111.375000, 37.302000 
49.758300, -110.479100, 144.020000 
57.840900, -117.867800, 26.251000 
57.931900, -117.835000, 378.625000 
58.081200, -117.635600, 192.515000 
57.808400, -118.093900, 34.439000 
56.222300, -112.706800, 67.314000 
54.883700, -110.418400, 38.789000 
54.854500, -111.802000, 192.467000 
54.949300, -110.622600, 43.303000 
54.970900, -110.750100, 27.478000 
54.985700, -110.737300, 23.705000 
55.047300, -110.577800, 158.457000 
55.102000, -110.507600, 22.146000 
55.112900, -110.853100, 24.728000 
55.149300, -111.090900, 34.212000 
55.240100, -114.042800, 138.620000 
55.232900, -110.698700, 44.632000 
55.218400, -111.316200, 237.543000 
55.309300, -110.480100, 34.630000 
55.294800, -110.660100, 31.419000 
55.294800, -110.795100, 142.684000 
57.266800, -114.892000, 260.858000 
57.240900, -112.620700, 62.633000 
57.542900, -112.226600, 301.366000 
51.409800, -113.094600, 248.930000 
50.740700, -112.324500, 70.600000 
52.559300, -114.515200, 65.843000 
52.708400, -114.446600, 434.997000 
52.759300, -114.161600, 21.160000 
52.777600, -114.234300, 145.247000 
52.792000, -114.204100, 26.455000 
52.807000, -114.258600, 191.989000 
52.912000, -114.064600, 177.858000 
50.096700, -111.110000, 25.663000 
50.165800, -110.841900, 22.499000 
50.165800, -111.052800, 122.486000 
50.187600, -111.167000, 131.875000 
50.223900, -110.761900, 132.582000 
50.223900, -110.899700, 48.297000 
50.224000, -110.037500, 297.522000 
50.398600, -110.503300, 435.749000 
50.573100, -111.177500, 306.302000 
50.700700, -110.478000, 270.080000 
50.700600, -110.772500, 136.676000 
55.363900, -119.760600, 121.409000 
55.443900, -119.522500, 32.193000 
55.378300, -119.760600, 469.180000 
55.418300, -119.773300, 30.419000 
55.280000, -119.098100, 62.135000 
52.217300, -112.307300, 24.030000 
56.095100, -113.448600, 540.454000 
50.700700, -111.022200, 129.108000 
50.314700, -111.968400, 100.466000 
50.631500, -111.022200, 80.158000 
50.336800, -111.169800, 79.101000 
52.755700, -113.939100, 238.745000 
55.189200, -118.950000, 125.129000 
56.178700, -112.786300, 76.275000 
52.599300, -113.083800, 67.818000 
52.701200, -113.266000, 36.014000 
53.763400, -114.770000, 130.803000 
52.606500, -115.014400, 57.980000 
53.999800, -116.670400, 62.638000 
54.223000, -113.478600, 97.797000 
53.130400, -112.834300, 29.787000 
53.254000, -113.048200, 286.899000 
53.054000, -110.787500, 91.600000 
54.581700, -115.982900, 20.066000 
51.239700, -115.564600, 96.154000 
50.784300, -113.667400, 89.004000 
50.755100, -112.162300, 99.599000 
51.766200, -111.963700, 236.034000 
51.915400, -111.744500, 108.342000 
52.020900, -112.402800, 50.964000 
50.922300, -112.003700, 327.641000 
55.619600, -119.503300, 228.834000 
53.837900, -113.933100, 59.600000 
52.188200, -114.344100, 35.971000 
52.934000, -114.022100, 36.251000 
52.908400, -114.088800, 37.935000 
52.861100, -114.057500, 20.043000 
50.591500, -111.780300, 570.375000 
50.325800, -110.255600, 103.155000 
50.078300, -110.419700, 161.097000 
53.188700, -115.642200, 212.620000 
51.439000, -112.054500, 90.280000 
51.522600, -113.018200, 85.680000 
51.359000, -112.360100, 351.670000 
54.967500, -119.131600, 20.130000 
51.529700, -112.136700, 141.840000 
51.784500, -113.402700, 113.850000 
51.531300, -113.276300, 562.110000 
51.642600, -113.337700, 454.720000 
53.374300, -114.527900, 72.780000 
53.363200, -114.456300, 51.510000 
50.817000, -113.100200, 129.310000 
50.707900, -113.221600, 21.190000 
50.835100, -112.799000, 193.660000 
51.122600, -112.149500, 31.360000 
51.038600, -111.864000, 148.020000 
50.947900, -111.578100, 58.420000 
51.046200, -112.044500, 28.360000 
51.042300, -111.298100, 103.160000 
49.958300, -111.030000, 24.770000 
50.456800, -110.181600, 120.870000 
50.565900, -110.210200, 119.800000 
50.755100, -110.310200, 197.930000 
53.876200, -117.149000, 62.102000 
53.937900, -116.900400, 38.217000 
53.981500, -116.999800, 22.980000 
54.181800, -117.257000, 34.079000 
53.181200, -114.994400, 25.312000 
53.228700, -115.104400, 145.793000 
54.323400, -115.677500, 134.770000 
51.726200, -114.436000, 90.280000 
51.697300, -114.536800, 83.537000 
51.569800, -113.964100, 30.079000 
54.509700, -110.909900, 146.644000 
52.640400, -113.252100, 88.469000 
55.574700, -118.815800, 101.872000 
52.435700, -113.390400, 599.236000 
55.433300, -116.483200, 74.700000 
52.727800, -113.270100, 89.048000 
53.052300, -113.692600, 23.841000 
52.359300, -114.785700, 75.878000 
53.825100, -116.396900, 68.486000 
51.366200, -112.771200, 133.700000 
51.093400, -112.820100, 449.500000 
52.275700, -114.218800, 38.900000 
52.017300, -113.148800, 222.400000 
51.271400, -112.829200, 89.100000 
51.962900, -113.734300, 109.200000 
53.843400, -112.979700, 44.600000 
51.635400, -112.792600, 210.900000 
51.871800, -112.887600, 364.200000 
51.751800, -113.864600, 190.700000 
52.522800, -116.380000, 168.900000 
52.475700, -111.441400, 91.500000 
52.439300, -110.316400, 159.300000 
51.737300, -112.561700, 368.200000 
54.560100, -113.841100, 109.800000 
54.349000, -113.551600, 28.600000 
51.883700, -112.828700, 35.900000 
55.087300, -113.141000, 189.000000 
51.239000, -111.560600, 82.300000 
54.920000, -113.382500, 74.900000 
54.494500, -111.047000, 38.200000 
54.789300, -114.042500, 29.800000 
52.086500, -112.951800, 34.700000 
54.352600, -110.517800, 108.300000 
52.359200, -114.026900, 33.800000 
56.613100, -112.849000, 197.422000 
56.502900, -116.750400, 63.216000 
58.110400, -118.115600, 427.500000 
56.233200, -113.896400, 525.200000 
55.887600, -112.125700, 104.200000 
55.293900, -112.897500, 121.400000 
55.585700, -112.963500, 193.800000 
55.625700, -114.374200, 191.700000 
55.785900, -112.982900, 124.100000 
56.098700, -111.824500, 102.400000 
58.088400, -117.954200, 71.400000 
58.128400, -118.382100, 205.100000 
55.774800, -113.774700, 135.200000 
58.343200, -117.867500, 92.200000 
58.550400, -117.426700, 205.100000 
55.385700, -113.001600, 480.900000 
49.521900, -112.139500, 122.700000 
49.569200, -112.149200, 40.000000 
50.860700, -111.126500, 30.900000 
50.889500, -111.184200, 28.100000 
49.936700, -111.406500, 44.800000 
54.436100, -118.743800, 202.100000 
53.428700, -116.722200, 31.700000 
54.003300, -118.246500, 137.800000 
52.319200, -115.580000, 52.600000 
53.635900, -116.931800, 196.300000 
52.493600, -115.935000, 441.900000 
52.806700, -116.210000, 62.200000 
52.653900, -116.181400, 33.000000 
50.976900, -114.889200, 96.700000 
51.850100, -114.074900, 21.400000 
54.172900, -113.556600, 33.000000 
51.777300, -113.195400, 98.400000 
52.435700, -111.682000, 34.200000 
50.427600, -112.462300, 291.500000 
50.616800, -112.845300, 150.500000 
50.675000, -113.087500, 201.100000 
55.196500, -112.570400, 95.300000 
53.068700, -110.572200, 103.500000 
50.689500, -111.554800, 425.470000 
52.610400, -114.821800, 387.402000 
53.265100, -115.520000, 99.411000 
50.009200, -110.847500, 148.407000 
50.897000, -111.693700, 487.582000 
50.522300, -111.652300, 1151.485000 
50.103900, -110.864700, 108.106000 
52.286500, -114.970800, 30.736000 
55.432900, -111.219800, 43.530000 
56.313200, -111.636200, 91.270000 
50.675000, -113.452200, 106.658000 
52.875700, -110.458600, 41.652000 
54.161300, -117.665100, 44.184000 
52.675900, -110.515800, 37.101000 
52.222500, -115.247400, 21.577000 
54.268900, -111.143600, 121.932000 
57.877200, -119.740900, 302.891000 
49.652800, -111.231900, 95.250000 
52.024500, -112.778700, 28.210000 
52.111800, -112.731200, 31.736000 
54.541800, -110.408400, 19.502000 
53.561500, -116.577900, 54.426000 
50.707900, -110.813900, 432.909000 
50.299100, -112.185400, 506.740000 
52.079300, -111.012200, 475.337000 
52.944800, -110.088600, 76.801000 
53.523200, -114.879200, 43.610000 
56.560600, -119.031700, 157.440000 
53.392300, -115.316900, 69.700000 
53.392300, -115.310800, 142.780000 
52.042900, -114.588800, 464.760000 
53.974300, -114.923900, 276.240000 
53.213700, -114.714000, 47.900000 
53.026900, -114.766400, 29.820000 
52.439300, -114.304600, 128.670000 
52.759300, -115.531900, 156.790000 
49.816400, -112.070100, 11.600000 
52.522900, -111.634000, 15.500000 
49.791100, -112.557000, 12.800000 
49.761900, -113.394800, 22.800000 
50.693200, -113.672900, 54.170000 
51.388100, -110.772500, 57.740000 
51.209800, -113.141000, 26.790000 
52.362900, -113.534900, 46.250000 
50.223900, -113.513800, 83.620000 
50.627800, -111.287500, 110.440000 
50.693100, -111.322200, 131.640000 
53.788700, -115.564200, 32.690000 
53.727000, -115.607500, 108.010000 
52.130100, -110.099100, 22.130000 
52.326500, -114.515200, 402.300000 
54.963600, -117.670700, 260.140000 
52.359300, -113.715200, 248.960000 
52.344800, -114.262400, 29.130000 
52.395600, -114.521300, 27.580000 
54.978300, -117.708800, 43.540000 
52.279300, -114.129100, 34.560000 
52.162900, -114.576800, 38.030000 
58.685100, -118.669200, 47.394000 
58.670400, -119.559800, 99.914000 
50.889600, -113.406800, 28.896000 
52.966800, -111.131600, 72.168000 
53.032300, -111.293600, 20.823000 
50.165900, -110.089100, 266.244000 
57.134500, -113.765100, 42.079000 
57.004500, -113.047100, 23.100000 
57.168200, -112.845200, 67.329000 
56.833400, -113.112100, 254.067000 
56.498700, -112.481600, 30.228000 
55.847500, -111.358600, 50.734000 
57.200900, -112.905700, 381.346000 
55.997300, -111.352400, 81.934000 
55.996800, -110.822600, 143.549000 
54.516100, -116.886800, 51.830000 
54.505300, -116.450600, 32.424000 
59.641800, -118.307800, 144.420000 
51.813600, -112.454200, 134.380000 
54.418100, -116.362000, 393.898000 
54.232500, -116.611500, 279.316000 
54.363300, -116.624000, 297.327000 
58.728700, -118.005300, 76.440000 
54.792900, -115.521700, 235.340000 
54.458200, -115.641400, 123.670000 
53.828700, -115.943300, 174.370000 
54.647300, -115.495800, 19.610000 
58.081200, -117.828800, 23.339000 
51.970000, -110.629400, 64.284000 
55.710300, -116.604200, 66.050000 
52.903500, -114.698900, 136.190000 
51.868200, -110.139700, 109.304000 
53.090400, -115.245000, 115.651000 
53.023200, -114.850900, 26.564000 
53.254000, -114.437900, 75.424000 
53.181200, -114.486800, 165.699000 
52.936200, -114.160900, 52.749000 
52.848900, -114.620300, 69.559000 
53.035900, -110.994100, 70.131000 
52.890400, -114.865000, 129.307000 
52.715600, -110.621400, 24.670000 
55.830300, -116.673400, 71.190000 
52.941600, -114.418200, 27.020000 
53.315900, -114.982200, 414.448000 
59.601800, -117.409700, 50.690000 
56.458600, -119.914300, 71.748000 
54.844900, -115.332400, 34.295000 
53.428700, -115.125800, 41.749000 
58.683300, -118.670000, 180.365000 
58.073200, -118.762000, 116.482000 
58.305400, -118.888000, 68.801000 
50.337100, -111.513600, 26.927000 
53.479400, -115.130800, 114.282000 
51.865400, -110.585600, 34.872000 
53.190400, -114.552300, 23.030000 
57.320900, -118.063600, 115.098000 
52.696000, -111.198200, 100.639000 
57.851600, -119.158100, 268.002000 
50.271200, -110.376900, 246.239000 
50.395000, -110.353900, 177.554000 
50.307500, -110.502500, 602.542000 
50.362200, -110.509100, 61.877000 
50.282400, -110.468900, 293.346000 
50.507600, -110.325200, 116.153000 
50.453200, -110.204700, 29.877000 
50.318700, -111.261700, 350.914000 
50.340400, -111.302000, 148.029000 
50.267600, -111.330600, 311.868000 
53.152300, -115.874700, 56.824000 
53.134000, -115.678900, 140.167000 
53.148700, -115.746100, 137.074000 
52.541200, -115.170800, 78.904000 
52.439300, -115.044700, 35.690000 
52.512000, -115.044700, 91.757000 
52.464700, -115.007500, 60.169000 
52.515700, -115.327200, 117.405000 
52.461400, -114.346900, 190.017000 
52.570100, -114.533200, 59.192000 
53.064700, -116.436900, 124.258000 
52.850300, -116.465800, 156.799000 
53.039400, -116.406400, 222.129000 
53.163100, -117.017800, 145.101000 
51.377000, -114.814600, 351.217000 
52.806800, -114.640400, 44.198000 
52.661400, -114.635500, 22.579000 
52.712000, -114.573800, 114.812000 
57.042500, -111.905000, 43.405000 
51.838900, -114.980700, 58.350000 
51.806100, -114.998500, 27.767000 
51.773600, -114.874300, 57.036000 
51.824000, -110.948800, 42.906000 
52.359400, -113.971400, 37.762000 
53.752300, -117.099300, 126.235000 
56.280700, -116.053000, 25.970000 
50.784300, -111.543100, 23.480000 
50.758700, -111.641500, 169.480000 
51.624500, -113.799300, 32.590000 
49.500000, -111.009700, 41.880000 
55.713100, -119.672200, 156.550000 
51.581600, -113.840400, 22.340000 
50.583900, -113.302700, 93.940000 
51.504500, -114.068500, 266.010000 
53.225100, -114.034600, 275.980000 
53.159700, -114.205700, 48.300000 
50.802300, -113.210200, 60.570000 
50.682300, -113.256300, 80.730000 
50.736800, -113.325700, 162.660000 
52.119200, -115.215400, 188.410000 
54.258200, -114.580800, 40.860000 
55.603900, -119.347800, 304.960000 
54.370800, -116.874800, 306.860000 
52.028200, -114.809600, 33.430000 
51.900900, -114.797400, 37.950000 
51.962900, -114.732100, 36.080000 
51.933600, -114.963200, 55.020000 
54.087500, -115.770200, 45.416000 
52.843100, -115.604700, 414.922000 
52.479300, -114.178200, 47.460000 
50.296700, -112.433700, 27.704000 
52.545700, -114.106000, 147.703000 
51.719000, -112.390100, 118.298000 
50.002300, -112.873400, 99.875000 
52.774000, -114.501000, 10.900000 
52.766800, -114.489100, 66.200000 
52.730400, -114.525400, 4.800000 
49.088900, -112.414800, 25.600000 
53.239500, -111.532000, 6.230000 
53.225100, -111.550300, 9.600000 
52.206500, -113.465200, 5.350000 
49.467200, -110.779100, 5.140000 
54.385300, -118.624900, 31.112000 
49.829600, -112.048200, 25.303000 
53.097500, -113.193900, 76.578000 
54.760100, -113.815800, 159.180000 
54.672900, -114.212800, 12.411000 
54.654500, -114.092500, 12.411000 
54.763700, -113.938300, 19.256000 
53.283200, -115.324400, 2.520000 
52.608500, -114.186200, 39.821000 
58.368300, -118.990000, 253.166000 
58.255700, -119.187300, 79.099000 
51.563500, -110.569800, 40.146000 
58.059200, -118.287500, 109.177000 
57.971400, -118.584100, 40.521000 
50.889400, -114.761800, 165.400000 
51.198900, -114.820200, 28.000000 
51.118600, -114.732700, 29.000000 
49.229200, -114.029100, 464.613000 
49.488900, -113.955100, 476.593000 
52.088200, -115.689400, 74.318000 
51.135900, -114.144900, 135.040000 
51.599900, -115.356900, 129.781000 
51.815100, -115.296600, 175.855000 
51.635300, -115.139200, 159.260000 
51.668100, -115.170400, 21.762000 
54.174300, -116.141400, 54.490000 
54.454400, -116.090400, 36.419000 
52.135400, -113.872800, 37.350000 
53.690700, -115.717500, 160.680000 
51.464500, -114.467900, 154.010000 
53.588700, -114.244300, 36.140000 
52.122800, -115.084100, 207.210000 
52.042800, -114.958800, 207.210000 
52.002900, -114.916800, 31.960000 
53.272300, -114.725300, 109.430000 
53.305100, -114.841400, 24.554000 
52.300900, -112.886300, 22.694000 
53.879800, -113.627400, 37.975000 
52.621200, -112.211500, 39.923000 
53.359500, -114.878000, 2.319000 
53.279500, -111.587000, 383.998000 
53.195900, -111.911200, 254.166000 
53.363200, -111.879500, 127.372000 
53.355900, -114.896400, 0.081000 
52.024500, -112.916300, 37.947000 
52.562900, -112.530200, 115.526000 
52.591900, -112.192500, 76.666000 
52.701200, -112.259500, 115.051000 
53.499900, -113.418000, 11.790000 
55.640300, -119.627000, 47.233000 
54.421700, -117.784300, 79.950000 
53.566900, -118.022600, 29.565000 
53.734200, -118.395600, 284.065000 
53.941500, -116.720100, 38.613000 
53.712300, -116.148900, 28.763000 
52.766700, -116.393000, 413.432000 
54.476300, -119.173900, 52.705000 
54.485300, -118.778300, 139.351000 
54.359700, -119.138900, 58.443000 
55.460400, -112.213500, 24.006000 
56.120300, -119.497500, 30.224000 
56.095100, -118.758700, 102.397000 
55.458300, -119.573900, 50.773000 
55.611700, -112.611600, 109.720000 
54.171500, -112.197600, 34.447000 
54.461800, -111.780100, 123.743000 
54.189000, -112.109800, 227.974000 
53.854300, -117.391200, 318.160000 
55.789500, -112.281800, 60.700000 
56.051400, -119.589200, 45.026000 
54.159800, -112.203800, 179.501000 
55.378300, -118.499700, 60.436000 
55.800300, -118.225300, 23.552000 
55.411100, -118.885600, 34.661000 
55.749400, -119.562000, 78.483000 
55.538400, -112.262400, 48.406000 
54.359700, -118.756300, 375.923000 
54.265300, -116.342000, 273.154000 
54.119800, -116.273100, 333.804000 
54.221800, -116.197900, 22.447000 
53.577900, -116.599000, 54.739000 
53.923400, -116.775900, 43.635000 
53.799800, -116.092200, 80.985000 
54.079700, -118.342700, 42.650000 
53.607000, -116.537300, 21.047000 
54.178700, -117.328400, 233.130000 
53.711900, -117.052500, 45.048000 
56.006700, -118.390800, 47.367000 
54.416100, -119.347500, 21.898000 
54.516700, -119.292000, 38.531000 
56.314400, -119.873400, 115.166000 
54.635300, -119.318300, 35.995000 
53.918400, -117.297000, 73.650000 
54.341400, -116.301500, 35.391000 
54.600800, -116.039000, 38.185000 
56.223300, -119.570800, 76.838000 
52.989300, -114.157900, 114.755000 
52.874300, -110.428000, 52.575000 
55.349000, -112.184100, 53.994000 
52.714500, -114.317100, 41.653000 
52.830300, -116.272200, 266.694000 
53.006700, -116.852800, 55.543000 
52.452000, -114.392900, 25.632000 
53.323600, -116.995400, 70.867000 
53.022200, -116.520800, 121.909000 
52.682300, -114.392900, 26.256000 
52.958200, -114.679900, 35.297000 
52.969200, -116.692500, 407.954000 
53.002000, -110.993900, 42.000000 
55.835100, -112.252100, 20.948000 
52.874300, -110.162700, 87.292000 
55.028400, -112.266100, 91.540000 
55.117900, -112.737900, 24.960000 
53.117300, -110.803900, 40.820000 
52.657700, -110.200000, 22.528000 
55.266800, -112.567900, 286.969000 
56.364200, -119.934300, 222.498000 
55.305000, -118.914200, 24.849000 
55.341700, -118.914200, 65.939000 
55.504200, -118.945300, 20.645000 
55.338100, -118.536700, 30.204000 
50.168300, -112.299800, 92.799000 
50.013100, -112.611500, 185.705000 
50.311700, -112.515100, 39.617000 
50.302500, -112.390600, 40.388000 
50.060300, -112.299800, 115.943000 
50.214700, -112.367800, 85.596000 
56.851800, -115.208100, 120.260000 
52.792000, -112.562700, 197.849000 
52.788400, -112.489800, 163.723000 
52.031800, -112.629500, 253.616000 
55.070800, -118.695000, 54.976000 
59.103300, -119.918400, 23.168000 
54.352600, -111.821500, 22.819000 
53.970700, -115.744200, 35.135000 
53.170400, -115.177800, 39.545000 
55.736000, -119.076000, 46.974000 
53.847000, -114.619400, 65.073000 
53.484800, -115.607600, 120.784000 
53.385100, -115.612800, 211.029000 
52.180900, -113.083200, 116.266000 
55.058700, -111.895500, 65.843000 
55.382000, -111.760100, 221.766000 
55.120000, -111.688300, 69.922000 
51.482600, -113.300200, 60.906000 
53.916200, -116.732600, 21.626000 
54.359800, -110.285900, 20.095000 
54.348990, -110.766800, 25.449000 
55.174800, -112.281000, 68.832000 
54.778200, -113.963900, 23.580000 
54.367200, -110.503100, 27.256000 
54.224660, -110.514600, 28.179000 
54.465400, -113.221600, 118.043000 
53.887000, -116.396900, 85.005000 
54.162360, -115.733900, 165.510000 
54.109000, -117.137900, 73.775000 
53.067000, -115.439900, 47.500000 
53.745000, -114.220600, 74.510000 
54.545400, -114.794200, 173.617000 
50.398600, -112.847300, 47.800000 
55.226800, -119.028200, 26.567000 
50.154700, -112.461500, 31.170000 
52.100900, -114.791600, 61.030000 
52.664800, -114.569300, 72.670000 
52.162900, -114.851300, 36.600000 
54.516100, -116.754000, 20.710000 
50.536800, -111.744200, 57.524000 
54.105400, -117.131800, 69.717000 
50.667900, -113.053800, 84.284000 
55.072800, -116.975700, 352.619000 
52.846800, -114.185700, 29.328000 
53.483200, -112.906800, 98.909000 
51.708200, -111.780100, 25.500000 
51.828200, -111.774200, 191.080000 
52.333700, -112.806800, 25.430000 
51.711800, -110.862200, 39.100000 
51.686200, -110.737700, 60.720000 
51.686200, -110.666900, 214.080000 
51.642600, -110.560200, 39.810000 
51.701600, -110.633900, 39.310000 
51.689800, -110.761600, 38.880000 
49.823900, -112.432300, 73.960000 
52.937600, -114.270700, 29.134000 
56.218700, -116.251300, 186.201000 
56.070600, -119.960500, 102.419000 
54.113800, -114.655500, 75.828000 
55.575800, -119.522400, 40.611000 
54.145400, -115.815500, 167.079000 
57.411700, -118.493900, 43.029000 
54.861700, -118.967200, 32.965000 
55.705900, -111.282600, 23.179000 
54.105400, -117.526500, 176.387000 
54.858100, -119.770600, 46.478000 
52.908400, -111.125500, 27.564000 
54.225300, -118.305200, 37.595000 
52.279300, -110.081400, 36.581000 
53.952600, -117.559000, 194.549000 
54.050700, -117.720600, 162.186000 
55.931200, -110.822600, 49.660000 
52.755700, -110.228000, 39.695000 
50.096700, -113.596300, 24.367000 
55.950000, -110.601900, 494.173000 
51.748200, -112.277600, 28.697000 
52.333700, -112.885200, 54.416000 
52.337300, -112.885200, 26.533000 
54.734400, -118.902000, 72.869000 
49.980300, -111.760100, 67.538000 
50.115100, -111.843800, 7.595000 
54.989300, -111.489500, 164.908000 
53.607000, -110.262700, 49.140000 
57.087200, -112.899500, 32.280000 
54.349000, -112.642700, 56.068000 
55.702000, -112.379300, 33.900000 
56.007600, -113.402800, 367.086000 
55.822200, -118.914700, 25.022000 
54.397700, -117.708900, 14.397000 
54.054200, -118.308700, 292.361000 
54.970900, -114.291100, 29.920000 
54.479700, -117.550400, 33.230000 
53.697900, -117.153700, 131.000000 
55.487500, -118.548300, 24.642000 
54.698600, -110.738900, 13.764000 
51.559000, -112.471500, 31.260000 
51.551800, -112.483400, 21.600000 
53.977900, -116.751200, 252.450000 
53.419200, -115.091500, 81.779000 
50.744200, -110.130000, 37.259000 
50.896900, -110.633600, 54.274000 
50.824200, -110.859400, 32.341000 
49.972800, -110.755600, 66.044000 
50.084400, -110.607000, 461.974000 
49.988300, -110.914000, 42.345000 
50.022400, -110.743000, 45.641000 
51.020600, -111.402200, 42.263000 
50.093100, -110.732800, 143.992000 
50.136700, -110.732800, 38.899000 
50.533100, -112.444200, 179.851000 
50.159000, -110.667200, 33.850000 
53.628700, -115.945500, 22.328000 
53.590480, -116.172680, 261.391000 
55.661900, -118.744500, 27.015000 
50.784300, -110.836900, 88.230000 
50.111100, -113.482500, 27.603000 
51.162600, -112.021200, 25.460000 
51.009610, -110.752190, 89.830000 
50.187500, -112.153400, 27.331000 
52.057300, -114.630400, 32.724000 
52.050000, -110.420600, 32.454000 
51.624500, -113.041600, 33.508000 
51.599000, -113.029900, 38.840000 
51.660900, -112.875600, 45.852000 
51.660900, -113.017900, 65.590000 
51.624500, -112.952600, 142.669000 
51.700900, -112.852000, 99.578000 
51.515400, -112.953400, 24.628000 
52.555700, -114.449100, 120.811000 
53.210400, -114.713000, 43.637000 
53.026900, -114.766400, 85.307000 
52.512000, -114.394900, 20.194000 
52.541200, -114.322700, 29.483000 
52.508400, -114.382900, 34.092000 
52.537600, -114.292700, 31.128000 
55.269200, -119.490300, 67.512000 
52.759300, -114.125200, 63.724000 
50.712300, -111.062700, 73.030000 
52.543100, -114.280500, 24.958000 
54.676500, -115.527500, 22.091000 
52.803100, -115.810800, 42.109000 
51.395400, -111.331700, 70.609000 
52.650400, -115.429700, 24.978000 
52.028200, -113.572700, 63.748000 
51.533400, -114.327100, 33.544000 
51.973700, -113.572700, 45.122000 
51.930100, -113.538800, 95.250000 
52.035400, -113.614300, 50.898000 
55.367500, -119.220300, 55.502000 
53.836200, -115.620000, 57.913000 
52.915900, -114.006000, 70.794000 
52.944800, -114.264600, 32.498000 
53.959800, -111.818700, 38.323000 
51.559000, -112.612600, 157.550000 
51.795400, -113.456000, 57.289000 
51.813700, -113.621800, 322.808000 
52.220900, -114.630400, 67.406000 
54.956400, -119.783300, 91.006000 
53.039400, -110.895300, 81.650000 
53.779500, -118.486200, 46.950000 
53.958000, -118.772800, 54.989000 
56.271846, -111.498890, 232.900000 
56.411400, -118.440600, 45.070000 
56.888200, -114.536100, 131.758000 
52.242900, -112.474500, 31.548000 
54.305300, -119.289100, 36.998000 
55.523900, -119.380300, 81.997000 
52.726800, -114.537400, 85.171000 
54.312600, -113.263200, 70.872000 
50.675000, -110.031700, 53.014000 
53.186800, -115.156400, 74.890000 
53.580200, -112.048700, 138.533000 
53.767000, -117.497000, 354.418000 
54.372300, -118.521700, 49.675000 
54.445300, -118.607600, 27.889000 
55.025700, -110.584200, 27.478000 
55.041200, -110.577800, 59.298000 
55.065700, -110.533100, 21.742000 
53.578344, -115.855642, 163.959000 
51.428200, -113.458800, 23.524000 
52.857600, -115.513900, 25.036000 
51.286200, -113.200200, 88.612000 
49.376400, -112.476700, 33.386000 
55.876800, -111.326700, 56.885000 
51.049800, -113.659900, 22.343000 
52.435700, -110.364700, 32.409000 
55.003700, -111.100600, 23.081000 
51.399000, -112.683100, 86.334000 
53.657900, -116.666800, 88.041000 
51.879000, -112.792600, 50.601000 
51.784500, -113.532900, 31.378000 
50.777000, -111.751500, 23.166000 
53.857900, -113.397400, 68.372000 
52.704800, -114.410200, 61.269000 
50.427500, -112.462300, 25.572000 
50.500400, -112.456700, 142.779000 
50.565900, -112.640300, 50.980000 
50.482200, -112.588700, 25.572000 
54.279800, -117.012600, 38.426000 
50.758700, -112.122000, 30.551000 
53.272300, -113.072700, 40.468000 
54.941900, -118.999200, 22.692000 
57.488000, -119.168900, 23.830000 
56.586100, -118.991700, 28.673000 
50.860700, -110.229100, 29.300000 
51.449800, -113.164900, 38.820000 
51.100700, -111.403100, 113.350000 
51.359000, -112.418700, 276.400000 
51.402600, -112.330600, 83.020000 
51.737300, -113.124300, 161.490000 
51.479000, -112.982800, 48.830000 
54.072600, -116.699300, 27.370000 
55.443900, -118.975800, 30.840000 
51.559000, -113.282700, 54.140000 
51.668100, -113.615000, 102.150000 
54.796400, -119.082000, 65.280000 
54.898100, -118.922500, 46.960000 
55.403900, -119.168600, 26.790000 
52.881600, -116.573400, 26.483000 
53.021100, -116.216900, 54.466000 
52.210100, -114.302100, 24.460000 
52.177300, -114.296300, 31.380000 
52.213700, -114.308200, 72.920000 
50.616800, -111.485300, 139.843000 
50.398600, -112.313100, 68.900000 
53.217600, -110.181100, 79.400000 
51.569700, -114.985200, 267.700000 
50.555100, -112.623100, 165.000000 
53.537900, -110.990000, 106.400000 
53.548700, -110.071600, 79.000000 
50.965800, -114.872700, 249.600000 
55.469300, -113.833000, 35.000000 
53.021200, -110.260500, 44.200000 
50.515100, -111.313400, 87.200000 
53.115900, -110.853300, 65.000000 
52.970400, -110.780000, 62.500000 
52.397600, -114.040600, 49.742000 
57.564400, -119.521200, 37.059000 
58.011900, -119.480700, 137.543000 
56.506100, -119.432000, 82.354000 
52.942400, -113.511100, 170.994000 
51.879000, -113.367100, 29.020000 
52.384800, -114.442900, 19.550000 
52.224500, -114.326000, 19.960000 
52.199300, -114.475200, 25.260000 
52.257300, -114.349900, 32.670000 
52.260900, -114.373800, 175.260000 
51.900900, -111.608400, 26.520000 
51.624500, -111.863100, 171.270000 
52.384800, -114.539300, 147.220000 
52.290100, -112.963800, 119.914000 
54.654500, -110.459000, 43.818000 
54.101800, -116.799500, 68.604000 
54.072600, -116.574000, 45.887000 
53.484800, -115.607600, 56.763000 
52.384800, -112.223400, 164.669000 
52.344800, -112.211500, 94.033000 
51.366200, -114.761800, 115.916000 
51.369700, -114.985200, 39.356000 
51.388200, -114.808800, 21.466000 
52.973900, -116.872200, 90.456000 
54.166900, -118.486900, 97.691000 
51.489800, -112.888700, 207.341000 
51.286100, -112.147500, 137.888000 
56.121200, -115.994600, 47.017000 
50.831400, -110.865000, 52.886000 
52.060900, -113.888800, 25.156000 
53.847000, -113.981600, 30.000000 
52.235800, -113.377700, 5.890000 
52.217300, -113.387700, 28.800000 
52.111800, -114.481300, 7.670000 
52.828400, -114.386000, 9.900000 
54.668900, -117.651600, 21.703000 
51.151500, -113.823200, 37.295000 
53.228700, -114.554100, 21.739000 
52.192000, -114.111300, 161.118000 
51.071500, -114.697700, 26.600000 
51.086100, -114.767700, 27.300000 
53.432200, -117.689800, 23.330000 
52.290100, -114.099300, 61.220000 
53.374300, -111.809800, 37.947000 
53.363200, -112.039500, 38.073000 
52.828400, -113.872400, 23.080000 
51.671700, -112.507500, 22.806000 
52.039300, -112.987700, 22.806000 
53.134000, -111.850100, 113.443000 
52.282900, -113.113200, 48.475000 
55.363900, -118.905000, 83.315000 
53.017500, -116.907800, 26.173000 
57.217500, -110.895000, 544.504000 
53.454300, -117.159800, 143.673000 
52.661200, -110.496900, 30.481000 
56.135000, -119.595800, 49.048000 
57.579200, -119.301800, 24.084000 
50.556100, -114.236300, 124.791000 
54.301700, -118.649900, 53.478000 
52.020900, -112.665300, 38.851000 
56.666700, -111.345100, 362.485000 
56.055100, -115.366500, 54.337000 
53.486800, -114.330700, 49.352000 
52.875700, -111.422500, 194.639000 
52.875700, -111.483300, 65.131000 
54.506800, -116.789100, 45.809000 
51.176500, -114.194900, 73.380000 
53.681200, -113.821000, 33.485000 
53.938500, -113.768300, 36.922000 
52.268100, -113.734000, 20.847000 
52.224800, -113.025700, 120.182000 
52.326700, -113.012700, 40.591000 
52.305600, -113.167100, 46.724000 
52.053700, -112.150800, 70.527000 
53.558600, -113.368000, 311.000000 
55.835800, -114.697100, 91.410000 
50.291300, -112.185500, 18.895000 
55.675000, -119.359800, 83.506000 
53.997500, -117.349600, 27.399000 
55.725100, -119.399500, 38.241000 
52.019700, -114.234100, 52.936000 
52.016500, -114.155100, 21.587000 
51.948100, -113.711300, 47.507000 
52.555900, -113.042600, 28.541000 
51.727500, -113.819000, 49.177000 
52.401200, -113.100700, 30.120000 
52.604900, -113.196300, 55.929000 
53.885300, -117.178700, 465.093000 
58.716000, -119.708200, 115.805000 
50.683000, -112.160000, 36.882000 
52.112000, -112.648500, 21.585000 
57.382700, -118.979400, 232.781000 
54.823200, -117.659000, 22.334000 
55.965300, -119.935100, 20.873000 
53.221000, -114.668000, 28.390000 
52.776000, -112.909800, 63.930000 
54.467700, -115.393000, 24.050000 
55.830600, -119.504300, 48.548000 
55.890300, -119.758000, 38.542000 
51.760400, -114.913900, 35.501000 
50.993800, -113.990000, 27.050000 
54.525200, -118.670400, 66.996000 
54.085100, -115.839000, 64.525000 
54.786900, -119.942200, 20.133000 
54.956600, -119.775000, 31.787000 
55.201500, -119.881400, 145.889000 
52.098800, -112.852000, 62.408000 
56.291700, -111.589500, 18.030000 
59.237200, -119.885800, 59.456000 
56.106100, -119.714300, 54.474000 
54.394600, -113.504300, 65.232000 
50.393900, -111.701000, 81.183000 
51.505300, -112.475000, 31.260000 
50.086100, -110.485500, 69.454000 
51.668900, -111.378300, 39.818000 
52.725100, -113.169500, 17.640000 
52.761600, -113.133400, 97.310000 
53.477900, -116.124000, 21.799000 
55.434200, -114.550000, 41.250000 
57.211800, -118.010800, 97.260000 
53.681600, -112.956500, 34.960000 
53.841600, -113.326800, 34.513000 
53.152300, -110.648200, 20.908000 
55.122100, -113.953900, 39.241000 
54.438200, -119.676100, 33.185000 
54.772900, -118.981500, 23.164000 
54.938500, -119.446500, 30.582000 
51.484500, -110.414400, 145.676000 
52.073400, -115.873000, 21.300000 
53.914400, -117.573700, 803.185000 
53.987100, -117.351500, 578.506000 
53.539800, -113.397000, 74.660000 
50.571300, -112.146100, 47.240000 
51.411700, -113.285800, 63.925000 
55.849600, -111.346000, 33.604000 
50.442900, -111.857300, 130.882000 
50.509600, -112.002900, 22.885000 
51.280800, -112.818900, 48.128000 
55.460700, -119.982500, 35.408000 
54.172300, -118.334400, 32.910000 
51.513600, -110.904600, 88.080000 
52.648500, -114.376400, 69.170000 
52.634000, -114.519800, 73.012000 
52.734900, -114.347100, 164.336000 
52.081000, -113.597900, 21.842000 
52.657700, -112.281000, 45.281000 
53.783400, -112.339300, 40.890000 
51.557200, -113.402600, 31.702000 
52.706700, -112.981000, 36.327000 
52.561200, -112.312100, 45.281000 
50.698800, -110.500100, 26.636000 
50.611500, -112.500700, 29.059000 
53.798000, -114.611000, 25.830000 
52.013700, -112.381800, 25.800000 
52.692200, -113.210800, 20.324000 
54.226700, -117.096600, 20.900000 
55.146900, -119.700500, 20.262000 
55.488600, -119.521000, 25.830000 
50.617400, -111.835800, 43.685000 
50.683000, -111.548000, 47.608000 
55.320300, -118.762000, 65.853000 
51.397200, -112.352000, 20.010000 
54.016200, -117.154000, 32.228000 
52.841500, -116.035500, 99.699000 
52.867000, -116.253100, 296.000000 
51.993700, -113.123700, 209.700000 
51.865500, -112.954700, 251.900000 
52.095600, -113.147400, 104.000000 
52.053700, -113.144700, 55.300000 
52.816700, -110.866700, 74.600000 
52.776400, -114.512200, 54.100000 
52.061200, -113.067400, 35.700000 
54.199700, -119.263700, 82.200000 
49.119100, -113.761500, 402.563000 
51.364000, -110.285900, 198.837000 
55.193600, -113.035100, 45.523000 
55.539600, -118.978900, 26.643000 
52.834200, -114.566000, 29.651000 
50.723300, -112.789100, 549.430000 
50.730600, -112.887200, 97.003000 
50.326300, -110.328500, 96.956000 
50.468200, -110.322500, 101.138000 
53.194200, -116.624900, 141.688000 
53.023200, -116.899000, 213.222000 
53.430200, -117.118100, 50.140000 
52.936200, -116.748600, 48.078000 
53.488400, -117.351700, 41.819000 
53.125000, -116.881000, 150.819000 
53.226900, -116.637200, 44.398000 
52.968900, -116.688300, 258.314000 
52.867000, -116.549200, 138.816000 
52.910700, -116.645900, 29.549000 
53.026800, -116.679700, 28.479000 
53.143200, -116.923400, 55.746000 
52.943400, -116.742600, 196.560000 
53.114200, -115.698700, 103.676000 
50.155700, -114.453300, 48.529000 
54.423700, -119.349700, 49.326000 
51.829100, -112.730500, 90.843000 
51.508900, -113.453800, 113.752000 
51.548800, -113.360000, 1.992000 
53.228300, -114.080000, 27.550000 
50.703800, -111.382000, 37.130000 
50.887900, -110.385200, 168.620000 
53.877000, -114.866300, 22.650000 
54.612800, -116.228500, 84.794000 
54.830200, -118.652600, 160.230000 
54.932900, -118.829500, 34.644000 
54.765200, -118.575500, 34.644000 
54.889300, -118.804200, 45.904000 
51.222600, -114.642900, 22.487000 
52.706700, -113.896400, 59.650000 
52.837700, -114.403500, 29.883000 
50.486700, -112.917000, 92.136000 
52.747200, -114.415600, 4.060000 
53.114100, -115.208200, 208.861000 
52.546700, -115.260600, 44.895000 
53.477400, -117.026300, 47.663000 
53.703000, -117.234900, 84.846000 
52.168300, -114.088900, 36.961000 
52.094000, -114.737100, 20.412000 
52.925000, -114.475800, 132.570000 
58.781600, -118.602700, 927.110000 
58.963400, -118.361500, 170.360000 
53.332400, -111.451000, 62.442000 
50.505800, -111.201000, 24.503000 
51.135300, -111.523300, 24.496000 
53.608800, -113.005500, 24.496000 
53.332400, -111.548200, 36.321000 
53.245100, -111.596700, 26.849000 
53.326800, -111.488800, 26.849000 
53.303300, -111.451000, 37.756000 
53.230500, -111.863900, 24.496000 
53.376000, -111.830200, 24.496000 
53.870700, -116.166400, 48.669000 
54.321800, -118.790500, 60.881000 
52.063200, -112.629000, 74.975000 
52.503000, -113.435200, 207.186000 
52.481500, -113.419000, 110.936000 
52.735800, -112.451100, 38.759000 
56.486500, -114.120400, 104.304000 
54.452300, -114.874300, 53.540000 
54.353900, -114.811100, 33.040000 
52.764900, -114.957500, 149.529000 
52.794000, -114.837100, 61.928000 
52.881600, -111.343300, 22.344000 
52.941200, -118.043000, 1119.030000 
58.695200, -114.005000, 45.078000 
57.546100, -119.106200, 78.841000 
57.066400, -118.029400, 69.857000 
55.714000, -115.898300, 85.655000 
58.727600, -111.136400, 142.381000 
54.263100, -118.576800, 22.760000 
54.343100, -118.595300, 21.295000 
51.494600, -110.483500, 31.669000 
50.593000, -111.492000, 20.184000 
53.175900, -115.271100, 543.161000 
55.160200, -118.818400, 284.355000 
53.707700, -116.435600, 12.290000 
51.778000, -113.101500, 10.380000 
50.187900, -112.225200, 28.275000 
58.098500, -119.426100, 22.674000 
53.419200, -113.882300, 23.311000 
53.559400, -113.347200, 121.500000 
56.850000, -119.836900, 189.697000 
54.590000, -114.830000, 58.545000 
54.148900, -118.794300, 68.383000 
54.198400, -119.053700, 244.946000 
53.748200, -112.734000, 72.780000 
56.623600, -119.913600, 246.854000 
55.160300, -116.162000, 41.039000 
53.704100, -111.998400, 24.372000 
50.701400, -111.554300, 112.338000 
53.782800, -114.060700, 24.735000 
51.906000, -114.158200, 21.341000 
52.068800, -114.330200, 50.925000 
52.317400, -114.225000, 52.149000 
52.308400, -111.728200, 23.617000 
52.352200, -113.222800, 51.455000 
52.352100, -112.683000, 35.861000 
51.570600, -113.688200, 145.894000 
51.680100, -113.935100, 72.798000 
51.723600, -113.616200, 87.165000 
51.770800, -113.622100, 161.611000 
52.613600, -113.138900, 15.401000 
51.640200, -113.710700, 14.743000 
58.650600, -119.455000, 39.149000 
59.254000, -119.683100, 66.990000 
59.072200, -118.502300, 29.347000 
52.408900, -114.417900, 27.931000 
54.883900, -112.614800, 43.784000 
53.969000, -113.511700, 29.020000 
55.924100, -119.821600, 92.050000 
55.880200, -119.937200, 78.243000 
55.698600, -119.715100, 7.560000 
51.574800, -114.520200, 60.778000 
52.361000, -113.819400, 1.628000 
52.549200, -113.840800, 4.180000 
49.720000, -113.500300, 7.750000 
53.599500, -111.416200, 1.867000 
54.691700, -119.161000, 29.008000 
53.034500, -116.079600, 85.188000 
54.782400, -119.338700, 23.099000 
54.862400, -118.960500, 39.316000 
52.070300, -114.660000, 20.003000 
54.728000, -113.211400, 74.922000 
52.639100, -113.102700, 184.316000 
54.215900, -117.410600, 145.229000 
51.639700, -110.089700, 28.227000 
52.334100, -113.096100, 71.381000 
54.414300, -110.326300, 26.407000 
54.379500, -117.210700, 205.144000 
55.874600, -116.379500, 145.245000 
54.714300, -118.670000, 53.819000 
52.337500, -113.042500, 78.503000 
57.179100, -119.983000, 65.165000 
54.430700, -118.651400, 49.647000 
53.484900, -116.921800, 36.378000 
49.011900, -111.466800, 42.411000 
52.429400, -113.048100, 23.384000 
51.597800, -110.472400, 48.253000 
55.827200, -116.555400, 37.306000 
55.819800, -119.132600, 25.399000 
52.921600, -113.828400, 74.559000 
52.111900, -112.311300, 157.997000 
52.867000, -114.045900, 80.058000 
52.630400, -114.345600, 41.143000 
56.482100, -117.963100, 95.901000 
52.295900, -115.146700, 53.427000 
50.973600, -112.711700, 101.000000 
51.741700, -112.380500, 96.643000 
53.753700, -114.443000, 37.890000 
51.625300, -111.195200, 36.012000 
51.600900, -111.231500, 239.330000 
51.872400, -112.841200, 45.620000 
52.213900, -112.953600, 26.190000 
50.866100, -113.650500, 42.346000 
50.765400, -113.688300, 34.114000 
55.725900, -112.094400, 47.688000 
56.584400, -119.410600, 149.723000 
55.689500, -112.146000, 31.509000 
50.393200, -113.828900, 107.405000 
50.698800, -113.558500, 67.754000 
51.557200, -113.110700, 64.408000 
50.320400, -113.087100, 81.025000 
53.652500, -115.989400, 26.786000 
51.955600, -112.522000, 29.283000 
52.419400, -115.029800, 24.991000 
51.669100, -113.061000, 33.508000 
51.716900, -112.761700, 33.508000 
51.578500, -112.916200, 41.800000 
51.621900, -113.066000, 32.910000 
51.712500, -112.896000, 33.508000 
51.654100, -113.085700, 33.508000 
51.669300, -113.084300, 32.482000 
51.683500, -112.588700, 32.482000 
51.526700, -112.959600, 33.508000 
51.658400, -113.037600, 34.192000 
51.661400, -113.084700, 32.482000 
53.735600, -115.701500, 63.905000 
53.721200, -115.769900, 33.581000 
53.795800, -115.624400, 33.581000 
49.959800, -113.546000, 30.954000 
55.128700, -119.714600, 31.448000 
54.986900, -119.719600, 30.844000 
55.017200, -119.840600, 30.844000 
54.979700, -119.637200, 31.388000 
54.030100, -117.008300, 22.376000 
52.459500, -114.304600, 34.129000 
53.084700, -114.765600, 47.571000 
52.681500, -113.121100, 182.380000 
54.323200, -110.925700, 30.532000 
54.278200, -110.006200, 30.276000 
54.252300, -110.014600, 21.376000 
58.686900, -118.870200, 139.860000 
54.740600, -113.931600, 6.210000 
52.441300, -115.281800, 237.274000 
51.450800, -110.640800, 53.380000 
54.723500, -113.921900, 12.411000 
53.738400, -111.680500, 118.122000 
54.055700, -117.243900, 586.175000 
53.761100, -117.349200, 400.611000 
53.655600, -117.081700, 375.668000 
50.658800, -111.702400, 27.515000 
52.581500, -113.048400, 28.767000 
51.016600, -113.215600, 22.548000 
50.501000, -112.223700, 29.956000 
50.999600, -112.443800, 20.201000 
51.017900, -112.478800, 32.145000 
51.727200, -113.196900, 43.501000 
52.747000, -113.955200, 29.530000 
51.669000, -113.119900, 26.447000 
51.137900, -112.752200, 24.278000 
51.068800, -112.961500, 67.126000 
55.311000, -119.932400, 79.654000 
51.319600, -113.717600, 23.191000 
51.385000, -113.729000, 24.918000 
50.621100, -112.315800, 22.153000 
52.135300, -114.373500, 26.899000 
52.072000, -113.073300, 28.475000 
52.526700, -111.459200, 27.944000 
54.171000, -118.334400, 228.040000 
51.901800, -112.925200, 34.375000 
50.964000, -112.866300, 39.632000 
50.485300, -111.171600, 161.150000 
50.448100, -110.574400, 61.051000 
51.989100, -113.452300, 66.317000 
50.485300, -111.449700, 406.123000 
51.294100, -112.668100, 61.487000 
51.351700, -112.647900, 59.733000 
52.678000, -114.349200, 30.742000 
52.678100, -114.451600, 55.479000 
52.546800, -114.520400, 30.844000 
51.185200, -112.263900, 35.167000 
51.014700, -112.253500, 37.951000 
51.204500, -112.248300, 37.539000 
51.079800, -112.763700, 24.663000 
55.373190, -114.747800, 1056.790000 
53.745100, -113.235600, 84.402000 
52.808600, -115.270700, 94.587000 
52.648500, -113.064800, 66.066000 
50.837800, -110.928500, 25.310000 
51.309900, -112.328700, 21.380000 
52.226500, -111.677400, 70.070000 
55.071100, -119.032100, 74.510000 
51.040700, -112.009900, 34.230000 
53.596200, -113.332100, 56.200000 
50.221100, -113.501200, 107.227000 
52.228400, -110.269100, 81.266000 
52.583200, -114.946100, 72.122000 
52.437900, -113.858500, 131.109000 
54.638200, -118.396100, 36.142000 
54.342700, -110.328700, 112.800000 
53.074300, -115.546600, 25.794000 
53.088700, -115.564800, 49.555000 
54.769600, -111.904600, 26.030000 
51.339000, -112.433700, 31.730000 
51.359800, -112.205300, 28.280000 
51.077100, -112.426900, 45.380000 
55.413100, -119.156100, 30.680000 
52.263800, -114.763200, 31.000000 
54.201400, -117.010500, 42.800000 
52.435900, -110.822900, 34.990000 
54.128600, -116.928000, 38.934000 
53.829500, -110.004900, 32.767000 
53.325100, -111.681700, 49.050000 
53.266900, -111.912400, 100.580000 
53.441500, -111.903700, 33.940000 
53.463300, -111.903700, 24.050000 
53.419700, -111.977100, 44.170000 
53.477900, -111.936300, 268.300000 
53.485200, -111.928200, 56.360000 
53.272200, -111.781400, 22.730000 
53.528800, -111.964900, 81.290000 
53.427000, -112.075100, 131.480000 
53.858600, -112.279100, 24.050000 
54.197700, -116.761000, 145.248000 
54.573200, -114.116600, 56.581000 
55.743000, -114.147400, 180.812000 
56.528200, -114.071600, 57.237000 
56.524400, -113.464600, 85.008000 
53.812800, -110.003500, 24.690000 
50.423400, -112.788800, 89.790000 
49.904200, -111.332400, 116.860000 
54.248700, -115.685800, 28.990000 
54.324900, -115.779600, 32.860000 
54.285000, -115.698200, 392.260000 
52.000000, -115.000000, 22.470000 
51.673600, -113.123000, 36.470000 
56.255500, -119.513500, 41.820000 
52.881600, -116.573400, 184.676000 
54.000000, -115.000000, 19.570000 
51.862400, -114.128700, 21.050000 
51.764000, -114.034200, 21.520000 
51.669000, -113.208600, 20.170000 
51.727700, -114.087300, 124.400000 
51.742300, -114.122900, 33.830000 
51.465100, -113.559100, 19.300000 
51.465100, -113.512200, 19.680000 
51.730800, -113.155500, 54.710000 
51.694400, -113.214400, 198.470000 
50.719600, -112.730500, 53.544000 
50.748800, -112.903600, 37.108000 
53.036000, -116.221100, 121.095000 
53.196100, -116.948000, 46.812000 
51.436100, -114.961600, 206.193000 
50.247400, -110.510300, 61.949000 
50.290800, -110.486300, 122.535000 
53.768300, -116.915400, 54.701000 
53.761100, -117.367500, 56.336000 
57.492200, -119.045900, 55.610000 
56.611900, -119.620600, 60.890000 
50.160800, -112.181800, 142.220000 
57.005600, -117.926500, 67.630000 
50.166300, -112.686000, 26.460000 
58.367100, -118.994100, 135.393000 
52.124700, -113.677200, 22.210000 
52.041000, -113.576100, 34.750000 
51.787100, -113.335700, 30.300000 
52.718000, -114.022900, 89.469000 
52.192000, -110.990000, 62.348000 
52.050200, -111.109100, 62.348000 
51.869900, -113.092200, 13.400000 
52.790600, -114.549600, 12.400000 
51.547300, -115.065400, 30.089000 
51.483300, -112.539500, 66.030000 
51.497900, -112.516100, 24.810000 
51.487000, -112.516100, 78.860000 
53.034200, -115.290800, 478.630000 
52.514000, -115.042200, 441.270000 
55.453500, -118.836800, 32.500000 
52.409900, -113.015000, 12.491000 
52.277500, -112.862900, 26.288000 
52.259300, -111.280500, 114.641000 
55.343200, -119.464900, 54.569000 
54.175700, -119.534400, 61.747000 
53.870300, -117.088800, 20.435000 
52.295400, -115.825300, 323.325000 
52.589800, -115.352900, 20.150000 
57.288700, -111.886800, 92.040000 
52.030100, -112.886600, 49.440000 
51.790000, -113.040700, 391.210000 
52.008300, -111.487800, 29.350000 
51.651800, -112.723100, 31.300000 
54.387300, -114.753100, 28.690000 
51.950100, -112.805400, 38.250000 
51.848200, -113.758200, 394.850000 
54.623400, -118.192200, 34.336000 
54.496000, -116.783700, 114.767000 
54.525100, -116.796200, 40.553000 
54.125100, -116.816700, 250.547000 
53.733000, -112.959300, 52.572000 
51.319500, -112.737600, 79.844000 
52.583000, -113.734000, 61.548000 
55.300100, -118.701000, 51.487000 
53.678600, -113.804600, 26.428000 
53.007200, -117.327200, 2.160000 
53.693700, -113.844600, 21.714000 
50.845000, -111.684000, 21.984000 
53.134100, -110.983400, 28.893000 
49.715300, -114.427400, 60.242000 
55.506300, -110.694600, 23.029000 
55.684500, -111.011500, 146.264000 
55.998000, -118.532200, 996.291000 
54.518400, -110.905000, 32.666000 
54.863300, -119.001700, 470.653000 
54.352100, -119.460100, 285.783000 
54.942200, -113.345600, 108.542000 
52.994400, -112.607300, 0.206000 
52.278900, -114.537300, 0.080000 
52.341200, -114.295500, 0.110000 
54.518800, -110.375000, 64.151000 
54.306200, -110.558500, 25.640000 
50.916200, -113.193300, 29.350000 
54.116900, -110.214800, 77.270000 
54.030400, -110.789800, 24.355000 
54.029600, -110.788100, 29.966000 
52.148200, -112.786300, 29.324000 
52.410100, -112.969700, 51.747000 
52.368400, -115.377200, 40.317000 
51.814300, -113.763000, 52.514000 
52.590300, -114.855300, 24.294000 
52.253700, -113.024300, 30.980000 
49.958600, -113.543700, 37.518000 
52.096300, -112.701200, 26.021000 
51.767000, -113.703800, 29.341000 
57.347300, -119.552100, 112.303000 
53.066800, -115.412200, 106.150000 
51.876300, -111.732700, 22.860000 
55.753300, -119.679900, 36.731000 
55.900700, -119.874300, 43.208000 
55.923900, -119.976500, 47.091000 
51.887800, -114.647300, 51.176000 
55.466200, -113.638200, 26.521000 
54.811600, -118.871600, 45.514000 
54.810600, -119.388000, 68.425000 
54.658100, -119.277400, 79.710000 
54.702000, -119.095000, 67.223000 
54.032400, -116.594600, 28.512000 
54.479100, -119.749800, 26.598000 
54.561400, -117.482300, 6.973000 
53.905800, -110.088400, 4.878000 
53.688100, -111.365700, 293.378000 
51.883600, -112.740600, 10.934000 
53.891300, -110.100600, 53.270000 
53.891300, -110.125400, 6.653000 
51.637900, -112.220700, 21.674000 
55.774800, -119.468600, 940.313000 
53.793000, -110.546700, 14.722000 
55.670500, -119.619500, 15.983000 
55.844600, -111.091400, 147.062000 
51.057600, -112.088800, 10.583000 
52.366700, -113.017800, 21.801000 
52.907200, -114.113400, 25.586000 
57.007300, -113.188000, 45.180000 
53.604400, -111.322600, 134.783000 
56.149800, -118.749200, 38.881000 
54.594100, -117.186100, 9.324000 
55.479600, -119.587100, 11.231000 
54.187900, -114.212500, 69.794000 
53.769400, -110.875200, 4.691000 
52.780500, -112.430600, 132.147000 
54.786900, -118.720400, 20.499000 
57.171900, -119.914500, 137.535000 
54.131400, -110.263900, 5.270000 
53.913000, -110.094500, 6.779000 
54.829600, -112.562800, 57.201000 
53.753100, -110.026200, 32.073000 
54.830600, -118.682100, 44.689000 
56.313000, -111.532900, 50.187000 
52.301200, -113.160700, 27.472000 
53.800200, -110.342300, 4.368000 
54.179500, -116.685600, 181.324000 
55.644900, -114.658300, 76.643000 
55.808500, -114.897500, 56.759000 
55.779400, -114.658300, 93.308000 
55.463300, -119.012100, 25.739000 
54.416700, -118.735900, 47.005000 
55.038800, -119.361200, 32.685000 
52.960600, -115.259800, 95.781000 
54.736300, -119.010500, 32.685000 
52.830800, -115.141000, 84.007000 
53.106900, -115.936400, 20.524000 
54.154200, -117.560400, 55.229000 
52.335800, -114.346500, 42.489000 
53.065100, -114.861900, 31.209000 
54.110500, -117.510400, 56.391000 
53.064200, -115.935200, 20.004000 
53.194200, -115.333000, 38.576000 
52.773600, -115.590400, 20.149000 
57.309900, -119.751300, 33.134000 
54.864900, -119.693800, 60.288000 
53.048700, -115.918000, 30.548000 
55.144900, -119.990700, 32.685000 
53.064600, -116.671200, 49.301000 
55.000700, -119.237900, 46.742000 
54.752100, -119.602200, 43.012000 
55.026500, -119.139400, 30.964000 
53.032100, -111.245100, 33.656000 
53.311800, -117.238300, 49.301000 
55.144600, -119.968900, 32.685000 
52.830700, -115.618300, 31.902000 
53.196200, -116.948100, 49.301000 
52.586000, -114.476900, 32.482000 
55.147000, -119.945400, 32.685000 
56.193600, -110.950600, 96.741000 
53.348000, -115.995300, 26.123000 
53.704600, -116.405000, 54.807000 
53.022300, -115.798200, 37.632000 
54.855200, -119.569100, 29.960000 
51.043300, -111.414800, 30.212000 
55.336900, -119.167900, 77.554000 
52.908200, -115.080000, 37.678000 
53.778700, -116.000600, 31.796000 
52.818600, -115.590500, 20.856000 
52.921600, -115.733200, 24.404000 
54.665400, -119.026200, 94.946000 
54.608900, -119.016700, 25.486000 
57.329700, -119.660700, 49.505000 
55.246000, -119.633900, 29.460000 
55.148100, -119.981800, 32.685000 
54.988400, -119.786800, 25.437000 
55.072500, -119.639500, 20.780000 
53.066800, -116.058300, 32.136000 
52.818900, -115.629100, 20.238000 
53.166800, -111.525500, 34.548000 
55.001400, -119.660700, 20.780000 
54.404000, -118.882700, 82.301000 
53.299600, -115.223500, 32.394000 
53.766000, -116.212300, 20.780000 
53.065200, -116.103000, 25.864000 
53.519000, -118.083400, 23.931000 
55.102600, -119.938200, 32.685000 
55.294600, -119.800000, 28.364000 
53.851700, -117.914700, 74.108000 
52.197600, -114.435300, 21.819000 
53.259700, -117.539100, 24.993000 
53.116000, -116.202000, 43.613000 
55.034000, -119.259000, 32.685000 
55.210600, -119.673500, 32.685000 
53.303200, -116.131400, 32.779000 
53.913800, -115.868900, 32.001000 
54.786900, -119.383000, 27.524000 
55.219600, -119.704900, 32.685000 
54.976900, -119.889800, 35.507000 
53.317900, -116.180100, 88.989000 
50.362800, -112.922600, 31.609000 
52.983400, -111.319100, 26.899000 
54.146800, -116.685600, 23.867000 
53.027200, -115.063500, 36.427000 
55.122600, -119.940400, 32.685000 
55.209500, -119.659800, 32.685000 
55.122700, -119.990800, 32.685000 
55.123100, -119.994700, 32.685000 
54.873400, -119.797300, 32.685000 
50.348300, -112.905400, 21.334000 
54.715300, -119.505100, 44.534000 
54.712300, -119.655600, 27.524000 
53.085700, -116.114600, 31.386000 
52.909400, -115.830100, 20.856000 
55.092500, -119.618100, 22.002000 
53.260900, -116.163900, 32.779000 
52.736100, -115.733200, 31.902000 
53.958100, -116.372100, 43.235000 
54.758000, -119.580200, 32.001000 
51.701400, -112.878200, 29.918000 
52.954900, -115.013400, 43.994000 
53.232000, -116.335400, 26.183000 
52.124400, -114.831600, 46.686000 
52.400900, -114.406300, 20.599000 
53.377900, -116.084300, 34.654000 
53.115800, -111.586300, 28.984000 
54.120200, -115.796100, 28.984000 
50.233800, -113.660500, 54.233000 
55.139600, -119.939700, 32.685000 
52.535700, -114.546400, 32.821000 
54.643700, -119.376800, 52.322000 
52.840800, -115.731300, 20.856000 
54.803700, -118.976400, 59.454000 
53.815700, -115.937100, 32.001000 
53.828800, -115.889300, 24.956000 
55.052400, -119.453000, 86.313000 
54.833700, -119.425700, 98.779000 
52.298900, -113.004200, 69.860000 
52.342200, -112.764800, 83.010000 
50.395500, -112.521600, 63.539000 
52.674300, -113.985300, 86.568000 
53.076200, -110.270400, 41.961000 
53.272400, -110.593500, 39.507000 
52.146000, -112.248400, 121.014000 
54.428700, -110.987500, 104.044000 
52.261300, -112.508100, 41.893000 
51.912900, -113.627900, 46.513000 
52.103900, -114.329900, 22.451000 
52.366300, -114.963500, 88.830000 
52.365200, -114.958000, 21.340000 
55.696000, -118.139400, 44.972000 
55.001600, -119.058800, 42.722000 
55.527900, -110.873800, 38.265000 
55.596900, -119.346000, 65.064000 
53.860000, -118.576600, 58.788000 
55.837900, -117.390800, 31.652000 
55.954200, -117.710800, 52.820000 
51.495900, -114.210200, 45.438000 
54.226800, -118.628100, 74.468000 
52.494100, -113.324500, 23.613000 
52.613600, -114.451100, 20.472000 
51.156200, -113.095000, 29.515000 
55.148500, -110.723000, 49.385000 
50.373600, -113.320100, 51.317000 
55.787200, -119.623500, 74.893000 
51.348700, -113.658600, 35.622000 
52.834500, -114.379200, 21.064000 
52.833800, -114.226100, 21.475000 
51.188900, -113.031200, 29.500000 
51.057000, -113.703900, 72.806000 
49.398800, -112.696800, 32.456000 
51.348700, -113.031900, 59.319000 
52.678700, -114.536800, 32.685000 
51.249400, -112.917100, 34.864000 
51.396700, -113.016600, 23.920000 
51.308800, -113.341700, 33.337000 
50.115300, -112.674700, 32.456000 
55.543100, -118.940900, 38.219000 
51.225300, -112.769400, 28.726000 
52.621400, -113.684400, 53.071000 
55.692200, -119.529200, 79.901000 
50.308300, -111.978500, 27.058000 
52.372100, -115.060000, 44.681000 
52.657700, -113.276600, 25.270000 
52.881600, -116.162400, 45.908000 
54.416100, -118.286600, 23.880000 
52.218900, -112.307700, 41.197000 
53.614000, -115.390000, 54.526000 
54.292200, -116.078600, 85.932000 
51.967200, -114.757000, 77.887000 
56.415500, -116.896700, 35.900000 
52.777600, -110.873200, 22.205000 
54.131600, -113.159260, 65.982000 
51.465800, -112.514500, 66.860000 
51.190100, -113.966500, 20.305000 
51.174300, -113.967100, 20.464000 
51.105200, -113.810000, 34.979000 
56.411700, -110.937600, 116.886000 
51.043200, -110.769300, 35.943000 
51.304900, -111.209400, 77.212000 
54.856700, -119.333400, 20.855000 
53.019700, -112.193800, 297.222000 
55.513600, -113.468300, 20.651000 
55.241300, -114.048800, 20.194000 
55.233400, -115.069700, 61.040000 
51.786500, -113.399100, 173.580000 
55.234400, -115.069100, 70.650000 
52.112000, -112.984200, 33.380000 
51.936400, -114.183300, 19.330000 
53.280400, -114.773900, 49.370000 
52.013800, -110.150800, 61.169000 
53.280300, -114.773800, 38.228000 
55.652200, -116.377800, 160.508000 
50.777100, -113.397000, 54.514000 
53.193900, -115.291900, 161.908000 
57.884300, -118.604400, 58.359000 
53.054200, -114.935400, 20.203000 
52.368600, -115.162000, 84.930000 
55.775800, -119.122000, 25.073000 
56.285900, -116.153100, 38.143000 
52.652300, -115.077200, 142.301000 
55.266900, -114.595000, 261.867000 
53.055900, -114.936400, 157.401000 
53.316700, -114.980200, 44.877000 
53.026800, -116.009000, 36.582000 
53.572400, -113.013900, 104.916000 
50.741200, -112.189000, 59.878000 
51.764600, -110.147600, 34.798000 
52.862900, -110.988100, 33.197000 
51.970400, -114.303000, 65.899000 
57.187100, -117.994000, 80.475000 
52.697300, -111.200700, 37.839000 
52.047700, -113.673500, 150.513000 
52.046900, -113.675600, 81.635000 
53.026800, -114.766900, 99.380000 
53.173900, -114.884600, 87.601000 
56.375700, -116.230000, 62.152000 
57.666100, -119.185500, 145.125000 
52.235100, -115.221600, 24.571000 
52.594100, -114.879300, 122.962000 
51.898100, -113.567200, 140.423000 
52.652300, -115.077200, 127.551000 
50.697900, -112.789000, 73.338000 
50.235000, -110.391000, 78.367000 
51.841000, -112.676000, 13.283000 
54.172300, -115.492000, 148.540000 
52.987000, -115.346400, 29.860000 
52.591600, -115.347500, 35.378000 
52.734600, -115.560300, 47.923000 
56.173100, -116.199000, 100.526000 
51.118200, -114.555800, 25.000000 
54.656560, -119.915230, 50.131000 
50.155000, -110.665200, 91.639000 
52.151400, -112.354600, 56.000000 
52.708700, -112.552000, 65.116000 
52.047700, -112.638200, 23.349000 
52.022000, -112.631300, 26.963000 
51.949200, -112.754100, 39.945000 
51.956400, -112.754100, 47.715000 
52.801600, -116.463200, 108.208000 
54.324500, -119.815800, 27.866000 
55.350200, -119.327600, 84.415000 
52.969000, -116.688400, 99.980000 
52.436100, -112.234300, 23.240000 
54.972300, -114.291800, 24.891000 
56.465700, -112.844900, 21.752000 
54.095900, -116.615500, 57.935000 
50.486700, -112.917000, 493.874000 
54.441400, -116.121600, 47.029000 
53.221400, -111.531600, 29.793000 
57.545800, -119.110200, 61.146000 
54.247600, -114.958600, 55.182000 
53.579500, -116.138000, 72.728000 
53.176000, -115.272300, 110.450000 
56.274500, -119.553300, 20.000000 
56.510100, -119.434500, 20.470000 
53.184300, -115.488000, 36.710000 
52.180400, -114.636500, 24.300000 
57.486000, -113.793600, 80.014000 
56.039100, -114.139200, 114.780000 
53.975700, -117.287500, 217.756000 
53.862200, -111.637100, 209.360000 
55.397800, -119.592300, 138.036000 
54.419600, -117.293100, 223.764000 
55.997100, -113.473700, 141.110000 
52.703900, -114.759800, 30.896000 
57.266800, -114.892000, 50.250000 
53.252500, -115.552400, 35.229000 
53.786900, -114.532300, 33.861000 
54.190500, -116.891700, 28.758000 
51.691300, -114.477100, 90.563000 
55.608800, -118.003600, 418.565000 
53.812700, -114.728000, 77.982000 
55.640500, -117.119300, 687.280000 
53.791200, -114.612900, 161.504000 
55.201800, -117.914900, 133.274000 
54.074200, -116.568300, 61.904000 
53.499200, -116.805300, 275.927000 
54.612700, -118.213800, 422.925000 
55.211900, -111.676500, 23.590000 
55.721300, -119.399900, 57.121000 
53.492100, -116.191400, 46.739000 
53.375800, -114.232100, 44.004000 
53.241400, -113.838700, 98.418000 
53.330700, -113.719400, 44.190000 
54.241500, -117.291600, 99.975000 
53.855600, -116.983600, 290.195000 
53.785591, -110.559210, 402.497000 
53.440800, -111.001100, 17.049000 
53.193200, -110.862900, 25.957000 
55.932000, -112.051600, 22.455000 
53.969410, -110.454161, 234.466000 
54.670697, -119.218295, 31.133000 
