53.288500, -110.018300, 0.040000 
52.146300, -115.330000, 0.025000 
53.048100, -113.921000, 4.778000 
50.747700, -114.494700, 0.540000 
54.952700, -119.195300, 0.489000 
53.952700, -113.078000, 0.328000 
54.572300, -115.522900, 0.023000 
54.596400, -110.395000, 1.200000 
50.647500, -113.772000, 0.005000 
54.194400, -116.632200, 2.282000 
53.245000, -115.674300, 0.282000 
53.746900, -113.164500, 0.261000 
51.742300, -114.134500, 0.676000 
52.959300, -115.893800, 0.569000 
52.776100, -115.660700, 0.250000 
52.758100, -114.111600, 0.259000 
52.226300, -115.177000, 0.787000 
51.534800, -114.203700, 0.305000 
49.720100, -112.781900, 26.550000 
55.725100, -119.399900, 0.725000 
52.308300, -113.550000, 0.400000 
51.191300, -113.940900, 2.117000 
49.305200, -114.000300, 2.043000 
51.965500, -114.753600, 2.043000 
56.380600, -116.795000, 0.277000 
53.652000, -116.099200, 4.514000 
57.003300, -111.466100, 289.105000 
57.040500, -111.619200, 478.238000 
50.982200, -113.974200, 0.009000 
53.570000, -113.611400, 0.023000 
51.570800, -114.851700, 0.464000 
53.795900, -113.099600, 8.249000 
53.804200, -113.082400, 0.024000 
50.983000, -113.988400, 22.900000 
53.559400, -113.597500, 3.693000 
53.541700, -113.391700, 9.782000 
53.181200, -115.762500, 0.125000 
51.219500, -114.645400, 0.865000 
54.833300, -118.646700, 0.484000 
54.524700, -116.794300, 1.339000 
52.553700, -111.694000, 0.284000 
53.550500, -113.358900, 1.381000 
58.555500, -118.915900, 0.450000 
51.526000, -113.880000, 1.486000 
51.696900, -114.475000, 0.148000 
53.531993, -113.364925, 0.107000 
53.022700, -112.811400, 68.320000 
54.772900, -110.579000, 0.795000 
54.185400, -116.210400, 2.061000 
51.400100, -114.034300, 0.538000 
54.427200, -116.884300, 1.819000 
53.132300, -115.981700, 0.017000 
52.035300, -115.137700, 1.290000 
49.476100, -112.652500, 0.435000 
54.510900, -115.511700, 0.163000 
53.340200, -113.538100, 1.132000 
51.078650, -114.017660, 0.450000 
55.041500, -119.631000, 0.219000 
49.628100, -114.571900, 0.052000 
57.546300, -119.112600, 0.060000 
53.250200, -115.555500, 0.302000 
55.489100, -119.750800, 0.011000 
53.557500, -116.547200, 0.145000 
59.063100, -118.875700, 0.037000 
53.817200, -113.133600, 0.028000 
53.498700, -113.383100, 0.023000 
51.000700, -113.965670, 0.907000 
53.950900, -113.088100, 0.003000 
53.670500, -115.762200, 0.014000 
52.172000, -114.599000, 0.001000 
53.616600, -115.711100, 0.048000 
53.170200, -114.975000, 0.007000 
55.116300, -118.813600, 0.001000 
50.543800, -111.795000, 0.002000 
53.745000, -110.810800, 0.005000 
53.902300, -115.189300, 1.740000 
52.228400, -114.397700, 0.158000 
52.674300, -111.311600, 0.317000 
53.286400, -110.017800, 0.013000 
52.656700, -111.311900, 0.018000 
54.420500, -110.213100, 0.003000 
55.069600, -110.536100, 0.215000 
53.373100, -116.086000, 0.082000 
57.351700, -111.522200, 0.733000 
50.959200, -113.981200, 0.305000 
53.527200, -113.354800, 0.518000 
50.967800, -113.969900, 0.012000 
53.544400, -113.366200, 0.097000 
53.543100, -117.797900, 0.060000 
50.963600, -113.976680, 1.295000 
53.530040, -113.402010, 1.719000 
53.282300, -113.542000, 0.004000 
55.116400, -116.712300, 0.242000 
57.590100, -117.531700, 0.271000 
55.309200, -119.205800, 0.003000 
53.024700, -115.531100, 0.918000 
53.574200, -116.646900, 3.139000 
53.866900, -110.644900, 1.433000 
54.416000, -115.636200, 0.061000 
54.974300, -117.285800, 0.260000 
52.050100, -112.728300, 0.076000 
54.387000, -116.966700, 0.004000 
53.388600, -115.315800, 0.254000 
50.653300, -111.166100, 0.439000 
56.215000, -110.968100, 0.052000 
59.641800, -118.307800, 0.251000 
50.994100, -113.958300, 71.930000 
53.499900, -113.418000, 0.917000 
52.292200, -113.816900, 0.611000 
49.449200, -111.616700, 0.039000 
49.372800, -110.672500, 0.001000 
52.370000, -114.375800, 0.001000 
52.272100, -112.841400, 0.001000 
52.696100, -114.863800, 0.025000 
53.288900, -110.012000, 5.194000 
55.208300, -118.793000, 0.004000 
52.309150, -113.809970, 0.025000 
55.373190, -114.747800, 8.041000 
53.596200, -113.332100, 3.008000 
53.579500, -113.316800, 0.003000 
53.566800, -113.365000, 0.259000 
52.639900, -111.273500, 0.179000 
54.285000, -115.698200, 0.755000 
53.307000, -110.019000, 5.500000 
55.175000, -118.785400, 0.122000 
53.504100, -113.373300, 0.013000 
55.713300, -118.771000, 0.722000 
54.979700, -118.772700, 0.077000 
55.527900, -110.873800, 0.029000 
53.070400, -114.205900, 0.001000 
56.546500, -115.301100, 0.003000 
