53.288500, -110.018300, 0.001000 
52.146300, -115.330000, 163.400000 
50.747700, -114.494700, 88.452000 
54.194400, -116.632200, 185.980000 
53.746900, -113.164500, 1.689000 
51.742300, -114.134500, 18.370000 
52.758100, -114.111600, 3.865000 
52.226300, -115.177000, 4.196000 
51.534800, -114.203700, 18.482000 
55.725100, -119.399900, 11.852000 
51.191300, -113.940900, 47.685000 
53.733200, -113.486200, 0.083000 
49.305200, -114.000300, 57.100000 
51.039600, -114.559000, 112.600000 
51.965500, -114.753600, 180.230000 
57.003300, -111.466100, 54.633000 
57.040500, -111.619200, 146.041000 
51.570800, -114.851700, 109.524000 
53.181200, -115.762500, 17.394000 
51.219500, -114.645400, 16.810000 
53.204500, -116.811200, 157.540000 
53.550500, -113.358900, 10.000000 
51.526000, -113.880000, 17.727000 
54.185400, -116.210400, 113.460000 
54.427200, -116.884300, 147.160000 
57.546300, -119.112600, 1.215000 
53.557500, -116.547200, 47.297000 
