53.582300, -113.588600, 0.778000 
53.048100, -113.921000, 19.564000 
53.572500, -113.360600, 0.127000 
53.571700, -113.349800, 8.405000 
53.652000, -116.099200, 3.272000 
54.423300, -117.760400, 2.910000 
57.003300, -111.466100, 7.811000 
50.982200, -113.974200, 0.001000 
53.227700, -114.988900, 27.800000 
53.593060, -116.390300, 118.500000 
53.804200, -113.082400, 1.786000 
50.845800, -113.586700, 3.000000 
50.086600, -110.716700, 7.076000 
51.400100, -114.034300, 5.931000 
54.238200, -115.379700, 79.300000 
55.029800, -118.744000, 55.342000 
55.432500, -116.486000, 48.000000 
51.010160, -113.964210, 1.905000 
58.501200, -117.145600, 25.000000 
53.282300, -113.542000, 0.001000 
52.942400, -113.511100, 0.408000 
53.745100, -113.235600, 1.242000 
