55.996700, -118.533600, 73.402000 
53.539700, -113.409200, 382.100000 
56.377200, -117.175600, 1070.538000 
53.833100, -113.108900, 15.310000 
53.344000, -114.305000, 1773.841000 
53.733200, -113.175000, 1203.474000 
53.288500, -110.018300, 65.022000 
52.146300, -115.330000, 165.500000 
53.048100, -113.921000, 509.945000 
50.747700, -114.494700, 756.016000 
54.952700, -119.195300, 112.870000 
53.421300, -113.904400, 180.882000 
53.952700, -113.078000, 334.010000 
54.572300, -115.522900, 74.750000 
54.596400, -110.395000, 2473.262000 
55.335900, -119.223000, 24.915000 
50.647500, -113.772000, 32.340000 
54.194400, -116.632200, 257.130000 
53.245000, -115.674300, 24.110000 
53.746900, -113.164500, 26.573000 
53.718500, -113.183000, 0.049000 
54.144400, -115.691700, 32.000000 
49.789400, -112.126100, 448.500000 
54.179100, -115.806000, 24.534000 
52.564700, -112.141400, 569.719000 
51.531700, -111.786100, 687.060000 
54.007100, -119.104000, 134.000000 
51.742300, -114.134500, 67.990000 
52.496000, -114.988000, 65.622000 
50.675600, -110.025000, 21.474000 
53.529100, -113.387500, 581.631000 
53.572500, -113.360600, 67.385000 
53.571700, -113.349800, 75.200000 
52.959300, -115.893800, 122.681000 
52.463000, -114.346500, 74.680000 
51.637200, -112.866000, 365.917000 
52.776100, -115.660700, 59.222000 
52.758100, -114.111600, 671.109000 
52.226300, -115.177000, 178.626000 
51.534800, -114.203700, 203.464000 
58.500000, -119.416700, 50.030000 
52.940400, -114.832300, 577.291000 
55.725100, -119.399900, 562.377000 
52.308300, -113.550000, 569.221000 
49.713599, -112.796397, 15.000000 
51.191300, -113.940900, 452.110000 
53.733200, -113.486200, 2.001000 
49.305200, -114.000300, 144.600000 
51.039600, -114.559000, 247.000000 
51.965500, -114.753600, 125.640000 
56.380600, -116.795000, 115.672000 
53.722900, -113.174000, 1.500000 
53.721700, -113.191700, 173.655000 
53.841600, -113.097900, 905.970000 
53.652000, -116.099200, 77.054000 
54.423300, -117.760400, 126.049000 
57.003300, -111.466100, 2709.636000 
57.040500, -111.619200, 9350.403000 
53.560000, -114.486200, 296.259000 
53.508500, -114.557100, 2244.387000 
53.448700, -114.449100, 910.196000 
52.385800, -113.595000, 163.235000 
51.181625, -114.472100, 7.231000 
52.033030, -113.938910, 287.658000 
53.227700, -114.988900, 1252.900000 
53.593060, -116.390300, 803.300000 
55.269500, -114.598300, 63.185000 
51.570800, -114.851700, 39.699000 
55.071200, -118.691200, 865.691000 
53.795900, -113.099600, 506.559000 
53.804200, -113.082400, 167.669000 
53.413300, -117.570600, 897.647000 
50.845800, -113.586700, 548.000000 
53.541700, -113.391700, 1550.144000 
53.181200, -115.762500, 296.546000 
51.219500, -114.645400, 631.109000 
50.805300, -110.034900, 360.330000 
54.833300, -118.646700, 167.547000 
54.524700, -116.794300, 757.831000 
52.553700, -111.694000, 45.714000 
54.130900, -115.546700, 81.795000 
53.204500, -116.811200, 136.000000 
50.086600, -110.716700, 620.950000 
53.550500, -113.358900, 1173.974000 
51.526000, -113.880000, 346.282000 
51.696900, -114.475000, 248.999000 
55.248100, -114.514000, 1142.490000 
53.531993, -113.364925, 143.570000 
54.772900, -110.579000, 1791.062000 
54.185400, -116.210400, 192.260000 
51.400100, -114.034300, 212.118000 
53.757500, -113.149900, 49.488000 
51.984500, -114.743800, 33.148000 
54.427200, -116.884300, 173.480000 
53.132300, -115.981700, 46.334000 
55.913200, -115.150400, 28.539000 
52.035300, -115.137700, 209.809000 
54.510900, -115.511700, 181.330000 
50.061200, -110.723000, 24.810000 
55.481900, -119.059200, 36.970000 
51.789600, -114.702800, 38.185000 
54.238200, -115.379700, 27.000000 
53.725400, -113.193000, 349.800000 
55.029800, -118.744000, 874.580000 
55.041500, -119.631000, 668.642000 
55.273300, -114.599700, 589.417000 
49.628100, -114.571900, 33.959000 
57.546300, -119.112600, 148.808000 
55.040000, -115.475800, 250.183000 
50.597600, -111.881800, 33.650000 
50.583700, -113.871100, 35.656000 
53.250200, -115.555500, 91.523000 
55.489100, -119.750800, 353.540000 
53.581600, -113.599100, 1408.861000 
55.876700, -119.301100, 198.500000 
51.222500, -114.495600, 240.887000 
55.432500, -116.486000, 146.390000 
53.557500, -116.547200, 147.557000 
59.063100, -118.875700, 234.315000 
53.817200, -113.133600, 24.704000 
51.058900, -115.174500, 477.000000 
52.327100, -112.718300, 575.600000 
56.904200, -117.633600, 672.310000 
53.670500, -115.762200, 368.351000 
53.723500, -113.173800, 96.644000 
53.908300, -118.816700, 950.000000 
50.058200, -110.728200, 180.662000 
54.133300, -115.366600, 99.073000 
52.827500, -110.859600, 0.227000 
57.218000, -111.027000, 2480.000000 
53.099900, -115.316800, 247.800000 
55.074200, -117.274200, 60.094000 
55.268600, -114.584700, 341.625000 
54.394900, -116.809000, 854.070000 
58.194700, -116.350400, 2932.497000 
55.199400, -116.221900, 255.639000 
55.993500, -113.480500, 128.173000 
53.576900, -113.570600, 23.873000 
49.729139, -112.781105, 29.467000 
53.799100, -113.080700, 39.390000 
58.518800, -117.119500, 16412.812000 
54.139800, -115.689100, 12.000000 
54.587200, -112.803100, 5.300000 
53.902300, -115.189300, 59.743000 
53.740700, -113.023100, 569.870000 
52.212400, -113.843700, 204.390000 
52.228400, -114.397700, 259.710000 
51.189400, -113.937800, 91.169000 
53.593600, -113.335600, 59.450000 
57.298900, -111.503300, 1318.215000 
53.345800, -111.251900, 27.590000 
50.040920, -110.721904, 58.109000 
50.664700, -113.784200, 30.520000 
49.801900, -113.104700, 212.920000 
53.622800, -115.869400, 18.090000 
50.269600, -112.893800, 318.204000 
53.652200, -113.716400, 17.050000 
54.846700, -112.567500, 146.771000 
54.926900, -111.936100, 117.252000 
52.308300, -113.550000, 1521.199000 
58.447100, -119.238300, 72.135000 
53.402700, -117.599300, 153.621000 
50.577200, -111.178100, 134.126000 
56.981400, -111.462500, 3.618000 
52.869000, -115.101000, 56.177000 
50.671900, -110.028900, 53.999000 
52.904700, -115.324700, 26.978000 
55.582700, -110.888800, 81.859000 
53.091100, -111.768600, 776.012000 
55.069600, -110.536100, 588.250000 
53.373100, -116.086000, 390.354000 
51.006900, -113.192800, 59.753000 
57.351700, -111.522200, 113.020000 
51.028800, -114.044800, 37.431000 
53.519600, -113.529000, 124.157000 
51.024500, -114.025000, 28.800000 
52.315900, -113.850000, 29.422000 
50.847000, -113.591000, 76.284000 
53.819400, -113.141900, 35.454000 
54.043500, -117.420000, 105.026000 
49.975700, -114.130000, 95.755000 
55.125900, -117.838000, 46.772000 
52.058000, -114.908000, 89.983000 
57.879100, -118.418300, 22.623000 
54.288500, -116.978000, 20.452000 
54.829600, -118.647000, 92.619000 
51.099300, -112.639000, 64.421000 
53.960200, -116.460000, 39.529000 
54.483500, -118.100000, 46.343000 
57.188000, -118.248900, 36.729000 
55.450900, -113.923000, 37.787000 
50.697800, -111.531000, 92.331000 
50.704600, -110.844000, 89.110000 
51.943400, -114.736000, 110.584000 
53.470500, -116.496100, 25.771000 
50.693800, -114.330000, 68.645000 
52.355300, -115.332000, 77.546000 
52.755200, -110.747000, 33.987000 
51.444300, -114.527000, 47.486000 
53.244500, -116.238000, 93.397000 
51.130700, -114.009000, 26.319000 
51.015020, -114.026480, 221.205000 
51.068200, -115.136400, 58.143000 
52.479300, -115.206900, 38.246000 
53.431000, -117.540600, 1.437000 
53.010600, -112.810000, 21.880000 
52.255700, -113.886000, 11.752000 
53.645100, -114.130200, 5.591000 
51.407800, -113.668300, 55.590000 
50.963300, -112.288300, 50.758000 
50.701100, -111.095600, 62.968000 
54.293100, -116.188300, 132.529000 
53.826700, -113.603300, 62.333000 
53.039700, -111.220000, 54.408000 
55.866700, -119.596700, 43.291000 
53.559040, -113.693580, 66.224000 
53.565150, -113.364550, 57.747000 
51.168600, -114.210900, 46.303000 
50.991500, -114.030100, 42.744000 
51.065300, -115.221100, 254.987000 
53.501040, -113.489732, 77.809000 
55.969400, -117.575600, 23.529000 
52.581200, -113.971000, 92.600000 
50.187500, -110.476900, 29.246000 
53.152300, -111.076600, 34.209000 
50.751500, -113.079900, 27.575000 
54.560100, -111.770600, 0.320000 
52.843200, -111.722800, 52.631000 
53.537900, -111.785100, 35.899000 
53.635900, -112.019200, 240.772000 
55.931200, -112.047000, 29.527000 
54.687300, -111.944600, 77.217000 
54.658200, -111.622300, 20.849000 
51.213400, -110.336100, 24.699000 
52.322800, -114.020800, 48.348000 
52.083200, -112.207800, 1.200000 
52.926800, -111.889500, 31.976000 
51.770100, -111.422000, 33.802000 
52.555700, -111.805300, 96.257000 
52.402900, -111.736200, 22.081000 
55.644000, -114.659700, 69.674000 
55.513100, -113.475000, 46.184000 
55.858700, -113.841400, 330.668000 
54.897200, -117.708800, 28.350000 
54.101800, -114.292500, 30.840000 
55.247500, -116.641600, 39.435000 
55.203600, -116.615600, 135.217000 
54.359600, -116.152900, 130.269000 
54.229000, -110.348600, 167.350000 
54.432500, -110.306400, 68.169000 
54.210700, -110.241900, 16.581000 
54.243400, -110.762300, 47.866000 
54.141800, -110.925300, 23.743000 
54.025400, -110.681200, 52.604000 
54.113300, -110.564600, 74.948000 
54.062600, -110.292200, 49.538000 
54.105400, -113.442700, 25.732000 
54.479800, -110.332600, 47.780000 
53.883400, -110.041100, 183.583000 
53.821500, -110.035000, 33.543000 
50.227500, -113.548200, 457.330000 
50.904300, -113.308500, 194.823000 
50.231100, -113.519600, 46.838000 
50.151100, -113.562100, 134.786000 
52.908400, -112.435300, 28.461000 
53.155900, -112.326700, 36.141000 
53.072300, -112.400100, 48.680000 
56.091500, -111.817800, 20.097000 
55.873200, -112.145400, 67.586000 
55.978700, -112.217400, 22.707000 
55.978700, -112.354900, 22.120000 
52.923200, -115.107500, 24.711000 
52.857600, -113.320700, 49.576000 
53.345100, -114.743600, 41.117000 
52.908400, -115.174200, 35.110000 
52.872000, -113.629900, 51.342000 
52.104500, -113.077400, 187.165000 
52.592000, -113.967900, 47.750000 
52.322800, -114.020800, 59.445000 
58.568700, -119.201500, 60.854000 
54.138100, -111.908300, 193.610000 
53.890700, -117.354000, 232.550000 
52.790700, -114.130700, 13.565000 
50.096700, -112.125100, 20.052000 
55.396400, -119.599700, 93.548000 
55.483900, -118.970000, 11.157000 
54.203300, -116.848300, 25.523000 
53.766900, -112.203100, 36.311000 
50.129400, -111.908400, 55.949000 
55.720300, -119.406100, 574.800000 
54.494400, -115.957600, 129.714000 
53.927000, -114.376900, 20.496000 
54.650900, -114.528900, 34.940000 
54.338200, -114.060400, 74.839000 
53.952600, -112.390400, 57.419000 
54.545300, -112.670600, 13.408000 
54.530800, -112.920000, 23.148000 
55.116400, -116.712300, 29.000000 
52.544800, -110.713600, 90.411000 
58.943200, -118.916800, 63.788000 
59.165100, -118.725800, 15.537000 
59.005100, -119.033200, 149.719000 
59.095900, -118.576100, 33.667000 
57.364000, -119.763000, 30.403000 
57.382500, -119.778400, 11.005000 
52.632000, -112.945400, 24.522000 
52.746800, -112.988000, 47.574000 
52.144400, -115.535000, 52.060000 
52.549700, -112.579400, 95.303000 
51.893700, -114.400400, 212.800000 
52.480900, -114.870200, 150.498000 
52.395700, -115.188900, 39.086000 
52.199300, -114.564900, 58.733000 
52.544800, -114.641600, 144.026000 
52.319300, -111.477600, 120.171000 
52.235700, -111.788100, 128.467000 
52.220900, -111.937300, 108.342000 
51.955400, -111.845300, 53.169000 
51.977300, -111.173400, 21.575000 
52.446500, -111.272700, 48.886000 
52.515700, -113.173800, 561.504000 
52.450100, -113.167900, 7.273000 
49.871100, -112.913700, 73.559000 
52.512000, -112.999300, 41.175000 
52.366500, -113.191800, 33.155000 
52.515700, -113.366300, 25.565000 
52.104400, -110.695000, 235.034000 
51.977300, -110.486900, 38.445000 
52.264500, -110.570500, 77.132000 
54.162500, -112.841800, 61.892000 
50.518700, -111.910900, 217.625000 
50.838700, -111.520100, 26.128000 
52.166500, -113.256300, 25.651000 
52.286500, -114.123200, 32.502000 
54.785300, -117.658000, 68.678000 
52.457600, -114.419100, 28.719000 
55.891100, -119.798600, 27.187000 
54.290800, -116.918700, 137.385000 
51.488700, -113.153900, 291.480000 
50.675000, -110.049200, 58.573000 
53.416800, -113.917700, 98.783000 
53.941500, -113.664600, 53.696000 
53.137600, -113.794100, 15.186000 
55.305700, -115.046100, 17.032000 
53.179500, -111.779500, 19.430000 
57.346400, -119.099000, 66.250000 
53.821500, -113.490400, 65.780000 
56.964500, -117.007100, 215.060000 
52.122900, -110.570500, 26.312000 
56.957000, -115.350900, 29.480000 
59.623400, -117.727200, 17.806000 
56.058600, -118.161700, 20.941000 
53.861500, -114.756100, 34.035000 
51.333400, -110.667500, 22.910000 
51.959000, -110.767500, 63.032000 
55.714100, -118.830400, 98.549000 
51.773700, -114.222900, 22.611000 
50.987900, -111.741500, 23.070000 
51.413400, -111.766500, 65.314000 
51.254200, -110.402700, 20.723000 
50.220300, -112.444200, 28.274000 
51.911800, -114.512900, 30.104000 
52.068200, -114.546800, 37.961000 
51.919000, -114.394600, 41.098000 
51.897200, -115.040200, 59.816000 
51.948100, -115.081600, 27.071000 
52.093600, -115.143800, 22.300000 
52.090000, -115.161600, 23.755000 
52.064400, -115.131800, 25.229000 
51.878900, -115.093200, 20.396000 
51.828100, -114.980700, 28.694000 
53.912600, -116.745100, 33.469000 
54.207000, -117.169300, 37.920000 
57.338900, -119.657100, 159.986000 
57.346400, -118.350000, 21.936000 
57.193700, -118.199700, 32.568000 
57.502800, -118.745700, 41.960000 
57.393600, -118.555300, 22.068000 
57.338900, -118.460000, 46.847000 
55.352900, -110.627800, 175.701000 
55.396500, -110.737300, 138.576000 
55.691200, -111.275900, 409.948000 
54.436200, -111.205100, 44.316000 
55.694100, -113.599400, 29.249000 
55.509300, -114.146900, 26.577000 
55.585600, -117.891600, 120.491000 
54.796400, -119.439200, 36.840000 
54.800000, -119.775600, 43.460000 
54.607200, -119.332000, 55.708000 
54.720000, -119.110600, 82.838000 
54.829200, -119.668600, 49.582000 
52.544800, -114.545200, 161.341000 
52.184500, -114.737900, 24.273000 
53.103200, -115.363400, 53.321000 
53.159500, -114.205700, 47.914000 
52.814000, -114.786000, 148.305000 
52.923200, -115.156100, 38.179000 
52.708400, -115.428900, 31.230000 
53.101200, -114.761900, 102.543000 
54.099600, -117.535500, 23.430000 
53.610600, -117.695900, 83.207000 
53.625000, -117.782300, 142.367000 
54.450800, -117.228100, 115.339000 
53.909800, -115.787800, 38.931000 
53.828700, -115.943000, 109.151000 
53.326800, -116.168000, 138.432000 
53.534300, -116.333900, 75.532000 
49.616400, -112.472000, 22.510000 
49.958300, -113.556600, 36.323000 
53.076000, -111.299800, 43.804000 
53.035900, -111.403600, 45.919000 
53.777900, -115.974200, 26.211000 
53.777900, -115.769200, 20.368000 
54.130700, -115.765300, 62.430000 
54.887200, -119.828100, 110.809000 
55.010800, -119.865000, 32.228000 
54.985600, -119.828100, 37.364000 
57.742220, -119.995050, 20.407000 
57.480800, -119.160100, 151.726000 
55.979700, -119.426100, 51.912000 
57.399800, -119.513100, 22.733000 
57.418900, -119.561200, 22.735000 
57.560800, -119.521200, 29.763000 
51.065100, -114.130500, 36.295000 
51.180450, -113.937280, 27.992000 
53.013900, -116.258600, 21.810000 
52.747000, -115.255600, 36.160000 
52.703800, -114.572500, 30.040000 
50.805800, -111.507500, 53.360000 
52.064400, -114.271400, 26.590000 
52.999100, -112.971000, 21.825000 
54.130600, -119.218900, 74.270000 
54.439300, -119.655000, 50.940000 
54.459900, -119.717000, 88.121000 
52.013600, -112.986700, 23.818000 
54.894400, -111.813900, 24.138000 
55.069400, -113.313900, 44.290000 
53.499300, -116.805300, 82.211000 
50.718600, -111.322200, 58.368000 
57.004500, -113.188600, 180.146000 
52.915800, -113.022500, 28.599000 
57.485900, -113.793100, 52.306000 
51.449700, -111.571700, 31.487000 
54.257200, -112.373600, 34.641000 
49.994700, -113.579300, 24.308000 
54.855000, -118.521900, 46.458000 
54.419600, -117.293100, 165.562000 
50.940600, -111.880600, 27.054000 
54.447400, -117.523700, 26.750000 
55.843900, -111.090000, 28.701000 
56.135000, -113.028300, 34.222000 
55.364000, -111.097600, 20.638000 
56.338600, -110.829200, 28.745000 
56.891000, -112.671500, 19.923000 
56.134800, -113.201300, 130.808000 
54.127300, -110.890400, 26.154000 
55.684000, -115.094500, 116.800000 
53.997000, -111.569200, 114.940000 
54.130600, -115.231400, 26.745000 
54.612500, -118.214300, 140.633000 
53.215900, -116.497000, 46.323000 
54.102500, -112.310200, 21.910000 
51.162600, -112.318700, 21.278000 
55.631500, -112.189600, 88.080000 
54.261700, -117.249400, 45.857000 
55.891800, -111.717900, 1.280000 
50.567300, -111.213500, 57.608000 
53.418900, -110.297400, 16.600000 
53.868700, -110.202400, 25.550000 
52.155600, -113.529700, 42.760000 
56.956900, -112.850800, 21.597000 
54.702500, -112.900400, 20.016000 
52.797900, -112.371400, 23.477000 
53.770600, -117.601400, 66.467000 
56.913500, -112.765900, 26.149000 
56.069400, -119.648100, 27.187000 
55.125000, -111.690600, 27.860000 
53.583000, -116.842000, 187.469000 
54.803600, -110.347500, 20.840000 
55.152800, -112.974700, 34.450000 
54.528700, -117.464200, 26.105000 
56.199000, -110.675100, 28.720000 
56.302200, -112.309400, 41.120000 
50.047200, -113.556900, 28.887000 
55.823000, -110.792300, 23.932000 
56.083300, -112.515100, 9.860000 
50.511400, -111.289400, 39.910000 
56.622700, -119.946500, 107.089000 
50.191900, -111.301800, 56.779000 
54.410900, -112.260400, 26.659000 
51.460600, -112.652800, 96.760000 
51.496900, -112.570600, 21.823000 
51.468800, -112.609800, 22.930000 
51.468100, -112.688100, 21.823000 
54.156100, -112.008600, 39.867000 
54.206700, -116.766700, 22.080000 
54.159000, -116.757000, 20.470000 
51.971600, -112.630300, 24.757000 
51.315900, -113.428500, 33.465000 
52.202900, -112.677300, 45.429000 
52.613900, -112.805800, 22.086000 
52.544700, -112.902200, 35.655000 
51.691800, -112.224000, 25.049000 
51.225200, -113.612600, 25.840000 
54.944400, -118.828100, 34.185000 
54.896300, -118.487000, 54.720000 
55.993100, -119.771100, 131.180000 
55.265600, -114.601400, 35.899000 
54.037600, -116.698500, 59.037000 
53.388600, -115.315800, 47.154000 
55.698000, -118.137100, 33.056000 
50.973000, -113.852900, 53.216000 
50.544700, -113.991300, 62.488000 
50.758400, -113.665400, 28.810000 
50.006500, -114.146000, 21.180000 
50.416300, -113.751900, 29.630000 
50.635800, -113.633400, 35.477000 
50.609400, -113.706700, 143.304000 
50.496700, -113.403600, 35.477000 
50.443500, -113.952200, 33.677000 
50.397600, -113.925500, 327.866000 
50.677900, -113.715700, 35.477000 
56.198300, -118.656300, 133.705000 
55.715500, -119.311000, 27.501000 
56.556900, -119.363900, 25.400000 
50.553600, -113.553000, 189.601000 
50.957700, -113.714500, 41.564000 
50.936300, -113.783200, 30.638000 
50.693100, -113.510000, 30.988000 
53.664100, -116.201800, 52.739000 
53.706600, -115.976300, 170.133000 
53.655600, -115.933200, 87.979000 
50.521800, -113.913200, 152.980000 
50.653300, -111.166100, 26.830000 
50.576700, -112.630300, 161.653000 
52.926700, -113.998900, 35.620000 
51.024500, -111.642800, 121.372000 
51.552500, -111.490600, 222.134000 
51.176900, -112.055300, 78.693000 
51.915100, -113.373700, 40.045000 
52.358000, -114.324100, 41.650000 
51.637100, -112.865800, 173.284000 
51.552600, -111.632500, 84.913000 
52.743400, -114.113400, 62.106000 
52.337200, -115.123200, 24.202000 
52.851400, -114.046900, 35.901000 
51.137900, -111.577600, 36.869000 
52.010000, -113.601400, 25.500000 
55.781200, -114.307200, 23.065000 
52.265500, -114.517800, 67.411000 
52.707000, -114.137500, 35.159000 
53.825000, -115.556700, 258.140000 
53.216900, -116.358700, 131.223000 
55.245100, -119.689000, 57.162000 
56.215000, -110.968100, 20.739000 
53.967700, -110.122400, 66.084000 
52.260500, -113.816600, 122.368000 
52.366300, -114.963000, 33.735000 
55.651800, -111.084400, 88.897000 
56.930900, -115.252200, 145.545000 
55.883900, -117.462000, 39.893000 
49.729200, -114.427200, 102.296000 
55.800300, -117.813800, 22.501000 
55.145600, -114.118900, 31.318000 
54.388400, -110.949300, 21.433000 
55.640300, -118.502800, 45.927000 
55.917500, -119.835200, 30.658000 
56.455500, -113.485500, 79.087000 
56.281800, -119.166800, 40.454000 
52.279300, -112.581700, 26.340000 
53.884000, -110.206800, 23.986000 
54.348900, -119.463300, 32.607000 
55.471000, -110.720700, 22.008000 
52.238900, -112.399300, 48.905000 
57.303800, -114.973000, 29.677000 
55.429200, -113.618100, 20.521000 
54.033400, -117.756900, 256.489000 
53.277000, -110.481000, 24.620000 
54.965100, -119.306800, 73.207000 
56.091600, -111.039700, 165.107000 
52.140800, -112.157200, 36.924000 
56.347100, -119.190500, 56.984000 
55.895000, -118.317500, 40.149000 
50.165300, -110.666200, 23.103000 
51.495900, -114.210100, 141.803000 
50.202700, -110.661300, 26.765000 
50.336700, -110.135000, 37.129000 
50.294200, -110.593500, 28.005000 
50.191100, -110.259400, 26.510000 
53.337800, -111.243900, 102.578000 
52.090700, -112.766700, 166.100000 
55.862200, -119.589200, 86.700000 
56.098600, -119.288100, 97.800000 
55.945800, -119.805300, 145.200000 
55.943900, -119.923100, 27.400000 
52.268400, -113.351800, 197.805000 
50.955100, -112.697800, 42.505000 
50.969800, -112.855100, 42.771000 
50.995000, -112.801700, 55.253000 
50.965900, -113.030200, 31.121000 
51.037000, -113.196300, 40.042000 
51.013400, -112.907600, 42.505000 
51.115100, -112.960100, 30.484000 
51.122600, -113.164300, 35.232000 
51.217000, -113.977700, 95.319000 
51.279000, -113.065200, 28.839000 
51.006200, -113.176000, 52.397000 
51.020700, -112.948400, 142.764000 
50.278300, -111.468400, 304.963000 
50.289400, -112.007500, 146.816000 
50.296700, -111.566200, 28.113000 
50.438700, -111.284800, 516.136000 
50.413200, -111.755900, 21.819000 
50.485900, -111.451200, 186.909000 
50.485900, -112.014200, 25.997000 
50.536800, -112.031500, 35.658000 
50.656800, -111.410100, 90.061000 
50.671500, -111.695300, 271.059000 
50.998700, -112.464500, 61.717000 
51.126200, -112.359500, 213.319000 
51.304300, -112.653700, 125.859000 
51.275400, -112.906500, 76.083000 
51.402400, -112.918100, 122.966000 
51.075100, -112.231200, 20.445000 
51.042300, -112.254500, 30.901000 
51.060700, -112.412000, 41.424000 
51.151500, -112.207800, 31.433000 
51.118700, -112.505300, 34.310000 
51.147800, -112.621100, 61.426000 
51.129700, -114.767900, 65.579000 
51.151500, -112.703700, 24.453000 
51.322600, -112.542000, 84.330000 
51.307900, -112.712600, 36.958000 
51.322600, -112.918100, 43.369000 
51.406200, -112.347600, 48.707000 
51.377000, -113.041600, 32.300000 
51.424300, -112.994500, 32.300000 
51.420600, -113.052500, 32.300000 
50.675000, -111.762200, 114.079000 
50.802300, -111.902000, 212.078000 
50.795100, -112.017800, 243.079000 
50.893400, -112.174000, 195.710000 
50.842300, -112.463400, 119.689000 
50.915100, -112.451700, 903.143000 
50.627900, -111.965600, 132.863000 
50.635100, -112.237600, 44.737000 
50.700700, -112.110300, 55.373000 
50.707900, -112.353400, 71.954000 
50.711500, -112.394000, 333.390000 
50.755100, -111.786200, 39.865000 
50.809500, -111.693700, 86.781000 
50.867900, -111.936700, 103.381000 
50.860700, -112.035100, 75.376000 
50.864300, -112.353400, 128.594000 
50.849500, -112.411200, 20.360000 
50.835100, -112.538700, 31.676000 
50.977000, -112.242800, 113.519000 
50.889400, -113.406800, 221.253000 
51.380700, -113.229600, 91.786000 
51.402600, -113.247400, 270.555000 
51.075100, -113.409300, 109.520000 
51.264300, -113.403500, 55.752000 
51.359000, -113.352900, 64.600000 
49.030800, -111.052700, 69.555000 
49.154400, -110.902200, 24.053000 
49.205300, -111.037700, 187.172000 
49.300000, -110.806400, 35.429000 
49.358100, -111.375000, 22.857000 
49.758300, -110.479100, 169.145000 
55.520300, -119.315300, 21.941000 
57.840900, -117.867800, 24.978000 
57.931900, -117.835000, 334.474000 
58.081200, -117.635600, 304.729000 
58.248400, -117.455300, 24.062000 
57.808400, -118.093900, 84.712000 
58.030100, -118.399800, 24.810000 
56.222300, -112.706800, 88.309000 
54.883700, -110.418400, 22.970000 
54.854500, -111.802000, 74.423000 
54.949300, -110.622600, 264.165000 
54.970900, -110.750100, 38.537000 
55.047300, -110.577800, 1041.650000 
55.102000, -110.507600, 20.967000 
55.149300, -111.090900, 21.471000 
55.240100, -114.042800, 22.797000 
55.232900, -110.698700, 64.031000 
55.218400, -111.316200, 75.646000 
55.309300, -110.480100, 48.569000 
55.294800, -110.795100, 194.282000 
55.305700, -113.715500, 28.809000 
57.266800, -114.892000, 59.197000 
57.240900, -112.620700, 38.435000 
57.542900, -112.226600, 23.412000 
51.409800, -113.094600, 54.625000 
50.740700, -112.324500, 82.458000 
52.708400, -114.446600, 280.829000 
52.759300, -114.161600, 32.696000 
52.777600, -114.234300, 21.180000 
52.807000, -114.258600, 91.072000 
52.912000, -114.064600, 99.051000 
50.096700, -111.110000, 39.650000 
50.165800, -110.841900, 42.123000 
50.165800, -111.052800, 81.291000 
50.187500, -111.052800, 33.953000 
50.187600, -111.167000, 85.983000 
50.223900, -110.761900, 952.481000 
50.223900, -110.899700, 163.317000 
50.224000, -110.037500, 462.056000 
50.398600, -110.503300, 387.159000 
50.573100, -111.177500, 314.407000 
50.700700, -110.478000, 423.242000 
50.700600, -110.772500, 230.987000 
55.363900, -119.760600, 26.197000 
55.443900, -119.522500, 21.274000 
55.378300, -119.760600, 36.449000 
55.472800, -119.127200, 213.144000 
52.574000, -115.393600, 87.581000 
52.701200, -115.392500, 25.430000 
52.766800, -115.362200, 20.533000 
56.095100, -113.448600, 902.949000 
50.536900, -112.031500, 27.492000 
50.700700, -111.022200, 178.886000 
50.314700, -111.968400, 151.624000 
50.631500, -111.022200, 46.767000 
50.336800, -111.169800, 85.842000 
52.755700, -113.939100, 53.593000 
52.599300, -113.083800, 24.311000 
53.130400, -112.834300, 50.142000 
55.985800, -119.425600, 33.620000 
54.581700, -115.982900, 34.339000 
50.784300, -113.667400, 137.623000 
51.766200, -111.963700, 21.395000 
51.915400, -111.744500, 23.268000 
52.020900, -112.402800, 53.731000 
50.922300, -112.003700, 140.223000 
55.619600, -119.503300, 87.800000 
52.908400, -114.088800, 63.831000 
50.591500, -111.780300, 133.479000 
50.325800, -110.255600, 70.204000 
50.078300, -110.419700, 48.576000 
53.188700, -115.642200, 22.200000 
51.439000, -112.054500, 33.340000 
51.359000, -112.360100, 33.820000 
54.967500, -119.131600, 33.620000 
51.531300, -113.276300, 98.560000 
51.642600, -113.337700, 120.710000 
53.374300, -114.527900, 135.770000 
50.817000, -113.100200, 61.040000 
50.707900, -113.221600, 29.570000 
50.835100, -112.799000, 47.960000 
51.122600, -112.149500, 26.260000 
51.038600, -111.864000, 23.230000 
51.046200, -112.044500, 50.090000 
51.042300, -111.298100, 25.150000 
49.958300, -111.030000, 43.690000 
50.565900, -110.210200, 13.560000 
50.755100, -110.310200, 46.660000 
53.876200, -117.149000, 20.095000 
53.937900, -116.900400, 32.944000 
53.981500, -116.999800, 39.151000 
54.181800, -117.257000, 52.373000 
53.181200, -114.994400, 21.800000 
53.228700, -115.104400, 246.193000 
51.726200, -114.436000, 35.608000 
52.640400, -113.252100, 64.554000 
55.574700, -118.815800, 63.336000 
52.435700, -113.390400, 586.327000 
55.433300, -116.483200, 144.500000 
52.727800, -113.270100, 55.280000 
51.971000, -114.052700, 21.407000 
53.825100, -116.396900, 117.800000 
51.093400, -112.820100, 42.560000 
51.635400, -112.792600, 20.500000 
51.871800, -112.887600, 41.300000 
51.737300, -112.561700, 32.220000 
56.613100, -112.849000, 21.070000 
58.110400, -118.115600, 40.090000 
56.233200, -113.896400, 50.720000 
58.550400, -117.426700, 20.390000 
55.385700, -113.001600, 42.000000 
49.569200, -112.149200, 22.250000 
54.436100, -118.743800, 20.170000 
53.635900, -116.931800, 20.430000 
52.493600, -115.935000, 51.530000 
52.806700, -116.210000, 23.230000 
50.427600, -112.462300, 22.930000 
50.689500, -111.554800, 33.048000 
52.610400, -114.821800, 36.478000 
50.897000, -111.693700, 38.010000 
50.522300, -111.652300, 89.867000 
55.432900, -111.219800, 39.642000 
56.313200, -111.636200, 157.380000 
57.877200, -119.740900, 413.031000 
49.652800, -111.231900, 200.065000 
52.111800, -112.731200, 20.870000 
54.541800, -110.408400, 11.185000 
53.561500, -116.577900, 3707.119000 
50.707900, -110.813900, 29.717000 
50.299100, -112.185400, 22.897000 
53.392300, -115.316900, 68.340000 
53.392300, -115.310800, 39.230000 
52.042900, -114.588800, 110.050000 
53.213700, -114.714000, 80.560000 
53.026900, -114.766400, 40.260000 
52.759300, -115.531900, 121.550000 
50.693200, -113.672900, 70.520000 
51.388100, -110.772500, 101.940000 
51.209800, -113.141000, 47.280000 
52.362900, -113.534900, 81.690000 
52.130100, -110.099100, 34.210000 
56.276930, -119.875770, 25.647000 
52.326500, -114.515200, 28.010000 
54.963600, -117.670700, 90.320000 
52.395600, -114.521300, 46.430000 
58.670400, -119.559800, 34.127000 
50.889600, -113.406800, 44.309000 
52.966800, -111.131600, 120.636000 
53.032300, -111.293600, 32.187000 
50.165900, -110.089100, 185.801000 
57.134500, -113.765100, 45.919000 
56.833400, -113.112100, 40.095000 
56.498700, -112.481600, 21.349000 
57.200900, -112.905700, 85.666000 
55.996800, -110.822600, 30.336000 
59.641800, -118.307800, 62.261000 
51.813600, -112.454200, 47.090000 
54.418100, -116.362000, 30.910000 
54.232500, -116.611500, 23.679000 
54.363300, -116.624000, 27.041000 
54.792900, -115.521700, 40.500000 
54.647300, -115.495800, 22.900000 
58.081200, -117.828800, 44.985000 
53.090400, -115.245000, 85.601000 
53.181200, -114.486800, 80.686000 
53.315900, -114.982200, 30.550000 
59.601800, -117.409700, 66.464000 
57.851600, -119.158100, 24.570000 
50.271200, -110.376900, 123.327000 
50.307500, -110.502500, 293.743000 
50.362200, -110.509100, 104.140000 
50.282400, -110.468900, 194.582000 
50.507600, -110.325200, 53.561000 
50.453200, -110.204700, 50.225000 
50.318700, -111.261700, 156.926000 
50.267600, -111.330600, 99.917000 
53.134000, -115.678900, 33.963000 
53.148700, -115.746100, 34.125000 
52.541200, -115.170800, 132.573000 
52.439300, -115.044700, 60.179000 
52.461400, -114.346900, 319.447000 
52.570100, -114.533200, 99.600000 
53.064700, -116.436900, 51.661000 
53.039400, -116.406400, 33.819000 
53.163100, -117.017800, 242.646000 
53.021100, -116.363600, 23.779000 
51.377000, -114.814600, 30.711000 
52.806800, -114.640400, 74.399000 
57.042500, -111.905000, 194.919000 
51.806100, -114.998500, 46.394000 
51.773600, -114.874300, 23.974000 
53.752300, -117.099300, 312.679000 
50.311200, -110.296600, 30.710000 
50.758700, -111.641500, 53.360000 
51.581600, -113.840400, 36.720000 
50.583900, -113.302700, 69.850000 
50.736800, -113.325700, 52.250000 
52.119200, -115.215400, 141.770000 
54.258200, -114.580800, 65.730000 
55.603900, -119.347800, 52.100000 
51.962900, -114.732100, 22.840000 
52.843100, -115.604700, 28.916000 
50.296700, -112.433700, 21.859000 
50.002300, -112.873400, 30.595000 
52.774000, -114.501000, 8.700000 
52.766800, -114.489100, 45.800000 
52.730400, -114.525400, 1.140000 
49.088900, -112.414800, 1.050000 
53.239500, -111.532000, 0.340000 
53.225100, -111.550300, 0.525000 
52.206500, -113.465200, 0.292000 
49.467200, -110.779100, 0.281000 
52.774000, -112.914300, 32.728000 
54.385300, -118.624900, 55.338000 
54.760100, -113.815800, 80.750000 
54.672900, -114.212800, 0.678000 
54.654500, -114.092500, 0.678000 
54.763700, -113.938300, 0.903000 
53.283200, -115.324400, 0.187000 
58.368300, -118.990000, 87.854000 
58.255700, -119.187300, 40.314000 
50.889400, -114.761800, 769.200000 
49.229200, -114.029100, 45.123000 
49.488900, -113.955100, 45.616000 
52.088200, -115.689400, 124.780000 
51.135900, -114.144900, 34.896000 
51.599900, -115.356900, 218.151000 
53.690700, -115.717500, 79.700000 
53.305100, -114.878000, 1.200000 
52.584800, -112.500100, 24.808000 
52.621200, -112.211500, 14.782000 
53.279500, -111.587000, 21.955000 
53.195900, -111.911200, 21.004000 
53.363200, -111.879500, 214.507000 
53.499900, -113.418000, 2.538000 
55.640300, -119.627000, 82.059000 
53.734200, -118.395600, 249.628000 
52.711900, -116.338600, 33.891000 
53.941500, -116.720100, 32.074000 
52.697500, -116.320300, 26.166000 
53.712300, -116.148900, 50.992000 
52.766700, -116.393000, 380.809000 
54.476300, -119.173900, 82.283000 
54.485300, -118.778300, 153.184000 
54.359700, -119.138900, 93.436000 
56.120300, -119.497500, 46.694000 
56.095100, -118.758700, 96.952000 
55.458300, -119.573900, 64.283000 
54.171500, -112.197600, 53.263000 
54.461800, -111.780100, 191.338000 
54.189000, -112.109800, 178.924000 
53.854300, -117.391200, 357.477000 
55.789500, -112.281800, 102.090000 
56.051400, -119.589200, 69.587000 
54.159800, -112.203800, 104.913000 
55.378300, -118.499700, 97.299000 
56.440600, -119.775700, 27.381000 
55.800300, -118.225300, 36.365000 
55.411100, -118.885600, 53.594000 
55.749400, -119.562000, 32.472000 
55.538400, -112.262400, 32.942000 
54.359700, -118.756300, 380.844000 
53.563400, -116.728500, 20.009000 
54.265300, -116.342000, 236.531000 
54.119800, -116.273100, 391.809000 
54.221800, -116.197900, 37.784000 
53.923400, -116.775900, 73.291000 
53.799800, -116.092200, 245.822000 
54.079700, -118.342700, 65.508000 
53.607000, -116.537300, 35.428000 
54.178700, -117.328400, 967.013000 
53.711900, -117.052500, 29.793000 
56.006700, -118.390800, 72.737000 
55.767300, -112.339300, 21.788000 
54.416100, -119.347500, 36.859000 
54.516700, -119.292000, 64.856000 
56.314400, -119.873400, 178.076000 
54.033400, -117.162900, 24.999000 
54.635300, -119.318300, 60.306000 
53.918400, -117.297000, 113.747000 
54.341400, -116.301500, 54.724000 
54.600800, -116.039000, 60.176000 
56.223300, -119.570800, 99.085000 
52.989300, -114.157900, 193.148000 
52.874300, -110.428000, 81.202000 
55.349000, -112.184100, 26.903000 
52.870700, -110.268900, 22.003000 
52.714500, -114.317100, 64.404000 
52.830300, -116.272200, 447.542000 
53.006700, -116.852800, 93.369000 
52.452000, -114.392900, 42.125000 
53.323600, -116.995400, 119.286000 
53.022200, -116.520800, 205.024000 
52.682300, -114.392900, 44.162000 
52.958200, -114.679900, 76.342000 
52.969200, -116.692500, 683.322000 
53.002000, -110.993900, 64.888000 
55.257600, -112.759300, 22.143000 
52.874300, -110.162700, 37.384000 
55.028400, -112.266100, 61.290000 
55.117900, -112.737900, 41.690000 
53.117300, -110.803900, 62.982000 
55.266800, -112.567900, 113.114000 
56.364200, -119.934300, 150.048000 
55.305000, -118.914200, 38.424000 
55.341700, -118.914200, 43.919000 
55.504200, -118.945300, 31.313000 
55.338100, -118.536700, 23.545000 
50.168300, -112.299800, 109.944000 
50.073300, -112.673700, 30.889000 
50.013100, -112.611500, 369.624000 
50.060300, -112.299800, 174.716000 
56.851800, -115.208100, 185.459000 
52.792000, -112.562700, 22.409000 
52.031800, -112.629500, 31.691000 
54.352600, -111.821500, 27.257000 
53.970700, -115.744200, 54.290000 
53.484800, -115.607600, 197.975000 
53.385100, -115.612800, 353.337000 
53.290400, -115.831900, 22.901000 
52.180900, -113.083200, 193.940000 
54.512600, -111.717000, 29.984000 
55.058700, -111.895500, 41.805000 
55.382000, -111.760100, 43.893000 
53.916200, -116.732600, 33.088000 
54.359800, -110.285900, 31.072000 
54.348990, -110.766800, 39.212000 
55.174800, -112.281000, 106.431000 
54.778200, -113.963900, 18.520000 
54.367200, -110.503100, 42.144000 
54.224660, -110.514600, 43.573000 
54.465400, -113.221600, 182.352000 
53.887000, -116.396900, 131.164000 
54.162360, -115.733900, 589.550000 
53.778100, -117.552900, 20.178000 
53.067000, -115.439900, 79.400000 
50.354700, -112.370300, 22.572000 
50.398600, -112.847300, 79.840000 
50.409400, -112.830100, 20.070000 
50.154700, -112.461500, 50.810000 
52.100900, -114.791600, 20.210000 
55.072800, -116.975700, 52.264000 
52.846800, -114.185700, 51.124000 
51.828200, -111.774200, 253.760000 
52.937600, -114.270700, 44.981000 
56.218700, -116.251300, 23.981000 
53.155400, -110.509500, 24.500000 
54.105400, -117.526500, 270.696000 
54.858100, -119.770600, 21.024000 
52.908400, -111.125500, 42.559000 
54.225300, -118.305200, 42.979000 
52.279300, -110.081400, 49.082000 
53.952600, -117.559000, 128.286000 
54.050700, -117.720600, 32.715000 
55.950000, -110.601900, 36.174000 
52.333700, -112.885200, 58.683000 
57.087200, -112.899500, 1.330000 
56.007600, -113.402800, 280.104000 
55.541900, -119.029700, 2.400000 
54.397700, -117.708900, 14.363000 
54.054200, -118.308700, 96.448000 
54.698600, -110.738900, 2.218000 
51.559000, -112.471500, 21.823000 
51.551800, -112.483400, 22.319000 
51.449800, -112.642000, 20.402000 
53.977900, -116.751200, 31.060000 
50.744200, -110.130000, 62.662000 
50.896900, -110.633600, 91.319000 
50.824200, -110.859400, 54.385000 
49.972800, -110.755600, 111.137000 
50.084400, -110.607000, 36.172000 
49.988300, -110.914000, 71.231000 
50.022400, -110.743000, 76.791000 
51.020600, -111.402200, 71.127000 
50.093100, -110.732800, 242.270000 
50.136700, -110.732800, 65.420000 
50.159000, -110.667200, 56.954000 
53.628700, -115.945500, 34.525000 
53.590480, -116.172680, 404.177000 
55.661900, -118.744500, 41.725000 
51.162600, -112.021200, 39.368000 
51.195100, -112.102800, 30.903000 
52.057300, -114.630400, 50.600000 
52.050000, -110.420600, 50.182000 
51.580900, -112.977000, 25.578000 
51.624500, -113.041600, 21.919000 
51.599000, -113.029900, 60.057000 
51.660900, -112.875600, 42.146000 
51.660900, -113.017900, 101.419000 
51.624500, -112.952600, 220.602000 
51.700900, -112.852000, 153.972000 
51.515400, -112.953400, 21.876000 
53.210400, -114.713000, 67.474000 
53.026900, -114.766400, 131.906000 
53.199500, -114.841400, 27.415000 
52.490100, -114.232400, 27.415000 
52.508400, -114.382900, 52.715000 
55.232800, -119.355300, 24.217000 
55.174700, -119.302500, 30.270000 
55.251100, -119.426100, 29.470000 
55.269200, -119.490300, 33.601000 
52.759300, -114.125200, 44.995000 
51.940900, -113.242900, 30.606000 
52.543100, -114.280500, 30.970000 
52.388400, -114.352700, 25.979000 
52.803100, -115.665500, 21.308000 
52.803100, -115.810800, 65.111000 
51.395400, -111.331700, 109.179000 
52.650400, -115.429700, 38.623000 
52.748400, -115.513900, 28.551000 
52.028200, -113.572700, 88.203000 
51.533400, -114.327100, 51.867000 
51.973700, -113.572700, 69.769000 
51.930100, -113.538800, 147.281000 
52.035400, -113.614300, 85.673000 
55.367500, -119.220300, 36.484000 
52.915900, -114.006000, 78.603000 
52.944800, -114.264600, 50.251000 
51.795400, -113.456000, 32.933000 
51.813700, -113.621800, 108.661000 
52.220900, -114.630400, 40.096000 
53.843400, -114.146800, 30.784000 
54.956400, -119.783300, 140.718000 
53.779500, -118.486200, 80.490000 
53.958000, -118.772800, 22.367000 
56.271846, -111.498890, 8811.602000 
56.888200, -114.536100, 27.782000 
53.186800, -115.156400, 70.510000 
53.580200, -112.048700, 20.551000 
53.767000, -117.497000, 269.337000 
54.445300, -118.607600, 36.518000 
55.025700, -110.584200, 38.537000 
55.041200, -110.577800, 34.476000 
53.578344, -115.855642, 241.719000 
51.417000, -113.176800, 38.502000 
51.428200, -113.458800, 29.711000 
52.857600, -115.513900, 218.985000 
51.286200, -113.200200, 113.333000 
49.376400, -112.476700, 74.912000 
55.876800, -111.326700, 95.751000 
51.049800, -113.659900, 101.110000 
52.435700, -110.364700, 21.619000 
55.003700, -111.100600, 32.371000 
51.399000, -112.683100, 48.193000 
53.657900, -116.666800, 136.805000 
51.879000, -112.792600, 73.181000 
51.784500, -113.532900, 118.191000 
53.857900, -113.397400, 55.797000 
52.704800, -114.410200, 35.218000 
50.427500, -112.462300, 19.574000 
50.565900, -112.640300, 39.217000 
50.482200, -112.588700, 19.643000 
57.488000, -119.168900, 40.114000 
56.586100, -118.991700, 45.149000 
50.860700, -110.229100, 26.950000 
51.049800, -112.126200, 22.990000 
51.359000, -112.418700, 27.840000 
51.409800, -112.530300, 30.500000 
52.881600, -116.573400, 45.577000 
58.339500, -118.536800, 32.387000 
52.213700, -114.308200, 29.520000 
50.616800, -111.485300, 406.400000 
50.366200, -112.338500, 22.205000 
51.569700, -114.985200, 22.820000 
50.965800, -114.872700, 22.570000 
52.397600, -114.040600, 36.176000 
57.564400, -119.521200, 53.578000 
58.011900, -119.480700, 85.773000 
56.506100, -119.432000, 126.960000 
52.942400, -113.511100, 105.230000 
51.879000, -113.367100, 51.230000 
52.086500, -112.754800, 34.060000 
51.900900, -111.608400, 24.700000 
52.250100, -114.397700, 26.710000 
51.741700, -112.469200, 20.758000 
52.381200, -112.199200, 0.093000 
51.369700, -114.985200, 66.669000 
51.388200, -114.808800, 36.132000 
52.671900, -114.615300, 33.587000 
54.166900, -118.486900, 103.678000 
51.489800, -112.888700, 29.140000 
55.585600, -119.451700, 20.160000 
50.831400, -110.865000, 24.139000 
52.060900, -113.888800, 42.063000 
53.847000, -113.981600, 1.240000 
52.235800, -113.377700, 5.010000 
52.217300, -113.387700, 1.180000 
52.111800, -114.481300, 0.419000 
52.828400, -114.386000, 0.543000 
54.668900, -117.651600, 25.538000 
51.151500, -113.823200, 62.776000 
53.228700, -114.554100, 35.455000 
52.192000, -114.111300, 181.367000 
55.396400, -119.503100, 35.077000 
53.017500, -116.907800, 29.530000 
57.217500, -110.895000, 649.422000 
53.454300, -117.159800, 27.573000 
52.661200, -110.496900, 25.610000 
50.556100, -114.236300, 209.790000 
54.301700, -118.649900, 313.448000 
56.666700, -111.345100, 323.948000 
56.055100, -115.366500, 89.032000 
52.039300, -111.376500, 30.777000 
53.486800, -114.330700, 82.907000 
52.875700, -111.422500, 139.018000 
52.326700, -113.012700, 25.021000 
52.305600, -113.167100, 28.575000 
52.053700, -112.150800, 94.429000 
53.997500, -117.349600, 35.761000 
55.725100, -119.399500, 56.707000 
52.194600, -114.554000, 32.748000 
51.948100, -113.711300, 79.966000 
52.555900, -113.042600, 24.137000 
51.727500, -113.819000, 170.021000 
52.604900, -113.196300, 49.564000 
53.885300, -117.178700, 36.863000 
57.382700, -118.979400, 35.691000 
51.659100, -111.311500, 27.670000 
50.993800, -113.990000, 22.722000 
54.525200, -118.670400, 24.770000 
54.956600, -119.775000, 49.151000 
55.201500, -119.881400, 161.882000 
52.098800, -112.852000, 96.309000 
59.237200, -119.885800, 192.712000 
51.505300, -112.475000, 21.823000 
51.668900, -111.378300, 61.569000 
55.554200, -119.760200, 21.465000 
52.725100, -113.169500, 31.090000 
55.434200, -114.550000, 69.390000 
57.211800, -118.010800, 163.690000 
53.681600, -112.956500, 53.781000 
53.841600, -113.326800, 53.297000 
53.141500, -110.575100, 21.681000 
54.015700, -116.964900, 28.810000 
53.137900, -110.617800, 22.361000 
53.145100, -110.623800, 30.121000 
53.147500, -110.655100, 26.223000 
53.152300, -110.648200, 32.330000 
53.156000, -110.660300, 25.286000 
53.137900, -110.654200, 28.665000 
53.145100, -110.642200, 23.980000 
53.156000, -110.638400, 25.853000 
53.156000, -110.615800, 23.447000 
53.156900, -110.605500, 25.632000 
54.957600, -119.199100, 38.735000 
52.073400, -115.873000, 94.570000 
53.914400, -117.573700, 74.932000 
53.987100, -117.351500, 55.359000 
53.539800, -113.397000, 19.830000 
50.571300, -112.146100, 59.399000 
51.411700, -113.285800, 37.302000 
50.442900, -111.857300, 90.164000 
50.509600, -112.002900, 22.164000 
51.280800, -112.818900, 65.276000 
55.058800, -110.529900, 20.365000 
51.513600, -110.904600, 30.724000 
52.081000, -113.597900, 33.774000 
52.657700, -112.281000, 24.542000 
53.783400, -112.339300, 42.969000 
51.557200, -113.402600, 26.308000 
52.561200, -112.312100, 24.542000 
50.698800, -110.500100, 41.186000 
50.611500, -112.500700, 22.383000 
50.683000, -111.548000, 53.915000 
50.566500, -111.376300, 21.438000 
50.887900, -113.098600, 22.480000 
54.016200, -117.154000, 57.000000 
52.841500, -116.035500, 110.331000 
52.867000, -116.253100, 25.550000 
51.865500, -112.954700, 21.630000 
49.119100, -113.761500, 192.423000 
53.550000, -113.466700, 42.961000 
52.834200, -114.566000, 45.653000 
50.723300, -112.789100, 42.908000 
50.326300, -110.328500, 28.759000 
53.226900, -116.637200, 73.749000 
52.968900, -116.688300, 20.806000 
52.867000, -116.549200, 32.828000 
53.143200, -116.923400, 93.777000 
50.155700, -114.453300, 80.482000 
54.423700, -119.349700, 36.619000 
50.611200, -111.255000, 61.940000 
54.830200, -118.652600, 22.511000 
52.706700, -113.896400, 100.349000 
52.837700, -114.403500, 50.224000 
50.486700, -112.917000, 142.292000 
52.747200, -114.415600, 8.120000 
53.114100, -115.208200, 130.514000 
52.546700, -115.260600, 75.507000 
53.477400, -117.026300, 73.425000 
53.703000, -117.234900, 131.194000 
52.168300, -114.088900, 56.877000 
52.094000, -114.737100, 34.360000 
58.781600, -118.602700, 192.010000 
53.303300, -111.451000, 2.133000 
52.585700, -116.036700, 31.181000 
53.870700, -116.166400, 81.921000 
55.305600, -112.168100, 28.950000 
56.486500, -114.120400, 78.275000 
54.452300, -114.874300, 45.680000 
54.353900, -114.811100, 34.760000 
52.764900, -114.957500, 217.447000 
52.794000, -114.837100, 95.717000 
52.881600, -111.343300, 37.611000 
55.761400, -119.374000, 20.149000 
52.941200, -118.043000, 157.906000 
52.293900, -110.691400, 99.046000 
53.175900, -115.271100, 76.331000 
55.160200, -118.818400, 563.101000 
53.707700, -116.435600, 21.710000 
52.024600, -112.269900, 25.678000 
53.419200, -113.882300, 35.907000 
53.559400, -113.347200, 85.600000 
54.407800, -110.333600, 24.426000 
54.198400, -119.053700, 34.602000 
56.623600, -119.913600, 23.533000 
53.704100, -111.998400, 22.240000 
50.701400, -111.554300, 181.047000 
52.068800, -114.330200, 37.036000 
52.317400, -114.225000, 37.927000 
51.570600, -113.688200, 245.574000 
51.680100, -113.935100, 122.503000 
51.723600, -113.616200, 146.720000 
51.770800, -113.622100, 271.982000 
51.640200, -113.710700, 54.903000 
59.254000, -119.683100, 21.963000 
52.408900, -114.417900, 47.013000 
56.733600, -115.284900, 30.350000 
55.880200, -119.937200, 4.765000 
55.698600, -119.715100, 13.356000 
52.361000, -113.819400, 2.094000 
52.549200, -113.840800, 9.987000 
49.720000, -113.500300, 18.518000 
53.599500, -111.416200, 4.462000 
52.639100, -113.102700, 22.392000 
54.215900, -117.410600, 59.772000 
54.379500, -117.210700, 21.805000 
52.195600, -112.141800, 29.286000 
52.359500, -112.845000, 32.979000 
54.285000, -116.885900, 21.429000 
52.337500, -113.042500, 23.984000 
55.775400, -113.746500, 23.827000 
53.484900, -116.921800, 35.594000 
50.973600, -112.711700, 101.990000 
57.340500, -119.621600, 22.762000 
51.872400, -112.841200, 40.110000 
50.866100, -113.650500, 65.478000 
50.765400, -113.688300, 52.470000 
55.725900, -112.094400, 62.215000 
55.689500, -112.146000, 41.107000 
50.393200, -113.828900, 166.076000 
50.698800, -113.558500, 104.765000 
51.557200, -113.110700, 42.339000 
50.320400, -113.087100, 97.131000 
52.525000, -115.173800, 30.838000 
52.419400, -115.029800, 37.595000 
51.712500, -112.896000, 21.895000 
51.526700, -112.959600, 22.361000 
53.735600, -115.701500, 34.455000 
49.959800, -113.546000, 23.563000 
54.030100, -117.008300, 42.596000 
52.459500, -114.304600, 90.628000 
57.662400, -119.822600, 24.866000 
53.084700, -114.765600, 28.810000 
53.163300, -111.415600, 35.094000 
52.681500, -113.121100, 39.060000 
54.323200, -110.925700, 46.632000 
54.183600, -110.802900, 24.384000 
54.278200, -110.006200, 46.780000 
54.252300, -110.014600, 35.982000 
55.000000, -119.000000, 29.110000 
58.686900, -118.870200, 73.900000 
58.661600, -118.835000, 20.540000 
58.563400, -118.833700, 23.640000 
54.740600, -113.931600, 0.339000 
54.723500, -113.921900, 0.678000 
54.055700, -117.243900, 79.362000 
53.761100, -117.349200, 27.766000 
53.655600, -117.081700, 41.533000 
52.581500, -113.048400, 32.329000 
51.727200, -113.196900, 24.150000 
51.669000, -113.119900, 33.344000 
55.311000, -119.932400, 52.845000 
52.072000, -113.073300, 35.904000 
54.171000, -118.334400, 176.884000 
50.964000, -112.866300, 21.252000 
50.963200, -113.380000, 86.494000 
50.485300, -111.171600, 182.885000 
50.448100, -110.574400, 49.882000 
51.989100, -113.452300, 36.437000 
50.485300, -111.449700, 45.124000 
51.294100, -112.668100, 38.164000 
55.373190, -114.747800, 179.615000 
50.044000, -112.294200, 56.309000 
50.080400, -112.282900, 24.607000 
53.745100, -113.235600, 70.897000 
50.837800, -110.928500, 21.460000 
53.596200, -113.332100, 158.250000 
50.221100, -113.501200, 20.046000 
52.689400, -114.862300, 28.556000 
54.342700, -110.328700, 184.500000 
54.769600, -111.904600, 43.380000 
51.426300, -111.138100, 25.080000 
54.201400, -117.010500, 5.210000 
53.485200, -111.928200, 94.850000 
53.272200, -111.781400, 38.200000 
54.197700, -116.761000, 20.406000 
56.528200, -114.071600, 35.421000 
56.524400, -113.464600, 40.495000 
53.812800, -110.003500, 41.520000 
50.423400, -112.788800, 60.050000 
49.904200, -111.332400, 32.080000 
54.285000, -115.698200, 38.770000 
51.774500, -113.090500, 26.980000 
52.881600, -116.573400, 53.114000 
51.465100, -113.512200, 34.770000 
51.359100, -114.788800, 26.451000 
51.436100, -114.961600, 34.578000 
50.247400, -110.510300, 104.260000 
51.306400, -114.672400, 26.647000 
53.161400, -116.973500, 29.412000 
50.290800, -110.486300, 206.233000 
53.768300, -116.915400, 42.127000 
53.761100, -117.367500, 43.433000 
57.492200, -119.045900, 59.540000 
51.982400, -113.307000, 28.830000 
51.878200, -113.359300, 34.190000 
52.124700, -113.677200, 39.170000 
52.223000, -113.659300, 30.740000 
52.041000, -113.576100, 61.320000 
51.958100, -113.565900, 28.920000 
51.787100, -113.335700, 53.460000 
52.718000, -114.022900, 150.519000 
51.869900, -113.092200, 2.040000 
52.790600, -114.549600, 1.900000 
53.101800, -115.177400, 28.805000 
54.409000, -118.753000, 20.030000 
53.034200, -115.290800, 66.810000 
52.514000, -115.042200, 38.350000 
56.256700, -119.626500, 28.198000 
52.299300, -112.981500, 28.323000 
52.277500, -112.862900, 40.624000 
52.557700, -115.977200, 29.465000 
55.343200, -119.464900, 35.871000 
53.837700, -116.708500, 23.842000 
52.295400, -115.825300, 690.453000 
52.589800, -115.352900, 78.097000 
52.739700, -116.506800, 100.151000 
57.288700, -111.886800, 271.060000 
52.030100, -112.886600, 42.040000 
51.790000, -113.040700, 30.340000 
51.950100, -112.805400, 33.630000 
51.848200, -113.758200, 30.620000 
54.496000, -116.783700, 21.687000 
54.125100, -116.816700, 24.202000 
49.901400, -111.097200, 21.966000 
49.984100, -110.041800, 30.229000 
52.583000, -113.734000, 103.569000 
53.223000, -115.973000, 24.416000 
52.626700, -114.495900, 21.573000 
50.702200, -113.923000, 9.940000 
51.175200, -114.188000, 16.566000 
53.379400, -117.634100, 20.676000 
52.579300, -113.513500, 25.340000 
52.868700, -113.142400, 34.280000 
53.007200, -117.327200, 9.180000 
50.845000, -111.684000, 25.412000 
49.715300, -114.427400, 92.581000 
55.684500, -111.011500, 346.773000 
55.998000, -118.532200, 95.317000 
54.863300, -119.001700, 202.810000 
54.352100, -119.460100, 32.967000 
54.942200, -113.345600, 38.585000 
50.916200, -113.193300, 62.850000 
54.116900, -110.214800, 22.964000 
51.665100, -113.763000, 56.431000 
52.495700, -114.729500, 21.174000 
52.368400, -115.377200, 67.368000 
51.814300, -113.763000, 88.393000 
52.590300, -114.855300, 40.893000 
51.767000, -113.703800, 49.388000 
53.066800, -115.412200, 178.660000 
54.735000, -119.046500, 20.109000 
54.479100, -119.749800, 41.128000 
53.905800, -110.088400, 6.968000 
53.688100, -111.365700, 30.099000 
53.891300, -110.125400, 9.818000 
52.334000, -113.095700, 24.294000 
55.774800, -119.468600, 634.174000 
53.793000, -110.546700, 14.094000 
57.007300, -113.188000, 69.806000 
56.149800, -118.749200, 10.091000 
54.594100, -117.186100, 1.607000 
53.769400, -110.875200, 6.391000 
57.171900, -119.914500, 48.246000 
53.854800, -110.187500, 23.367000 
54.131400, -110.263900, 6.905000 
53.913000, -110.094500, 8.897000 
54.830600, -118.682100, 37.841000 
53.800200, -110.342300, 6.064000 
54.179500, -116.685600, 25.475000 
52.960600, -115.259800, 51.912000 
53.659600, -117.959900, 22.733000 
52.830800, -115.141000, 57.644000 
53.106900, -115.936400, 31.735000 
54.154200, -117.560400, 33.703000 
53.065100, -114.861900, 39.594000 
54.110500, -117.510400, 34.413000 
53.064200, -115.935200, 24.987000 
57.309900, -119.751300, 51.234000 
54.864900, -119.693800, 33.703000 
53.064600, -116.671200, 27.370000 
54.752100, -119.602200, 36.872000 
53.032100, -111.245100, 20.337000 
52.769500, -115.353900, 26.635000 
53.311800, -117.238300, 27.370000 
53.196200, -116.948100, 27.370000 
56.193600, -110.950600, 85.566000 
53.704600, -116.405000, 33.703000 
53.022300, -115.798200, 22.620000 
54.855200, -119.569100, 28.311000 
55.336900, -119.167900, 119.917000 
52.908200, -115.080000, 22.733000 
54.665400, -119.026200, 53.604000 
54.608900, -119.016700, 24.026000 
57.329700, -119.660700, 27.483000 
52.819800, -115.630500, 29.008000 
52.818900, -115.629100, 30.620000 
54.404000, -118.882700, 127.258000 
53.299600, -115.223500, 28.275000 
54.449900, -118.882600, 28.234000 
53.065200, -116.103000, 39.992000 
53.519000, -118.083400, 22.489000 
54.074800, -117.553300, 20.195000 
53.851700, -117.914700, 103.937000 
52.197600, -114.435300, 33.737000 
53.259700, -117.539100, 27.370000 
53.116000, -116.202000, 23.638000 
52.969500, -115.773900, 23.638000 
54.976900, -119.889800, 23.341000 
53.317900, -116.180100, 59.037000 
50.362800, -112.922600, 28.291000 
54.496800, -118.990300, 21.036000 
54.715300, -119.505100, 31.558000 
53.958100, -116.372100, 44.741000 
52.954900, -115.013400, 27.370000 
52.490800, -114.359100, 29.519000 
54.774800, -119.896800, 25.011000 
50.233800, -113.660500, 42.990000 
54.643700, -119.376800, 31.929000 
54.803700, -118.976400, 91.931000 
53.828800, -115.889300, 27.144000 
55.052400, -119.453000, 133.462000 
54.833700, -119.425700, 58.930000 
54.674300, -119.438800, 21.305000 
52.552400, -112.880800, 26.490000 
53.892100, -110.134600, 20.743000 
50.395500, -112.521600, 97.973000 
53.835900, -113.596700, 30.140000 
53.076200, -110.270400, 64.883000 
54.534500, -113.241400, 20.001000 
53.272400, -110.593500, 60.537000 
54.501400, -111.070200, 27.841000 
54.497000, -111.021700, 29.272000 
51.912900, -113.627900, 69.675000 
55.559700, -110.908100, 83.702000 
54.506100, -111.058000, 30.409000 
52.366300, -114.963500, 137.340000 
52.365200, -114.958000, 32.994000 
56.412800, -118.359700, 25.656000 
55.527900, -110.873800, 33.837000 
54.483400, -111.046100, 20.507000 
54.379200, -110.848200, 25.531000 
51.495900, -114.210200, 70.251000 
50.690600, -111.046300, 23.822000 
54.226800, -118.628100, 68.285000 
52.494100, -113.324500, 26.281000 
51.156200, -113.095000, 45.637000 
55.148500, -110.723000, 28.712000 
51.130700, -112.932200, 45.614000 
50.373600, -113.320100, 33.489000 
51.348700, -113.658600, 45.192000 
51.188900, -113.031200, 45.614000 
51.057000, -113.703900, 97.609000 
51.348700, -113.031900, 51.782000 
51.249400, -112.917100, 53.909000 
51.308800, -113.341700, 53.045000 
51.225300, -112.769400, 23.264000 
50.469900, -111.859400, 21.268000 
52.621400, -113.684400, 30.532000 
52.053800, -113.251900, 20.442000 
55.692200, -119.529200, 62.317000 
52.372100, -115.060000, 75.213000 
52.950700, -115.878200, 31.133000 
55.666400, -110.714000, 28.128000 
56.411700, -110.937600, 183.611000 
54.856700, -119.333400, 35.103000 
53.623400, -116.858600, 19.630000 
53.019700, -112.193800, 27.616000 
55.233400, -115.083700, 23.480000 
55.247800, -115.069300, 20.910000 
55.219100, -115.073400, 27.800000 
55.225800, -115.084900, 29.210000 
55.248000, -115.084000, 21.390000 
55.233400, -115.069700, 100.690000 
53.193900, -115.291900, 88.106000 
55.266900, -114.595000, 25.302000 
53.055900, -114.936400, 103.172000 
53.173900, -114.884600, 134.292000 
52.594100, -114.879300, 21.905000 
51.898100, -113.567200, 211.382000 
53.034500, -116.330000, 25.604000 
50.235000, -110.391000, 55.118000 
51.815000, -114.931700, 21.140000 
52.987000, -115.346400, 50.270000 
53.110600, -115.210500, 28.389000 
52.591600, -115.347500, 59.471000 
53.143300, -115.278300, 27.001000 
52.734600, -115.560300, 80.593000 
54.323000, -110.250000, 27.537000 
54.411200, -111.948400, 21.747000 
52.801600, -116.463200, 167.318000 
53.666600, -116.842000, 31.402000 
54.324500, -119.815800, 26.900000 
52.969000, -116.688400, 154.594000 
56.009800, -119.993400, 21.479000 
55.720700, -119.616500, 27.011000 
56.465700, -112.844900, 21.554000 
54.095900, -116.615500, 29.315000 
50.073900, -111.951000, 27.030000 
50.486700, -112.917000, 34.074000 
54.441400, -116.121600, 79.556000 
53.221400, -111.531600, 50.147000 
53.176000, -115.272300, 182.510000 
55.662600, -111.257700, 369.921000 
53.851800, -114.469600, 20.216000 
53.184300, -115.488000, 61.750000 
53.975700, -117.287500, 105.914000 
53.997500, -117.349600, 25.932000 
55.997100, -113.473700, 50.930000 
51.984700, -110.763700, 21.630000 
51.691300, -114.477100, 35.163000 
55.608800, -118.003600, 38.755000 
53.812700, -114.728000, 57.913000 
55.640500, -117.119300, 64.337000 
53.791200, -114.612900, 38.939000 
55.489500, -118.325200, 20.060000 
53.499200, -116.805300, 61.133000 
54.612700, -118.213800, 60.714000 
55.721400, -112.263600, 25.730000 
55.721300, -119.399900, 23.395000 
53.386700, -114.324300, 23.417000 
53.492100, -116.191400, 25.929000 
54.357100, -111.300000, 20.025000 
54.834200, -118.658100, 26.562000 
54.241500, -117.291600, 45.956000 
53.855600, -116.983600, 26.113000 
53.785591, -110.559210, 30.601000 
53.440800, -111.001100, 0.815000 
53.193200, -110.862900, 45.679000 
54.670697, -119.218295, 33.330000 
54.623300, -117.520800, 20.025000 
