53.582300, -113.588600, 31.704000 
55.996700, -118.533600, 0.661000 
56.377200, -117.175600, 256.179000 
53.048100, -113.921000, 1.916000 
50.747700, -114.494700, 0.308000 
54.952700, -119.195300, 0.540000 
54.572300, -115.522900, 1.194000 
54.596400, -110.395000, 0.100000 
53.343600, -113.526900, 1.939000 
49.789400, -112.126100, 3.249000 
52.496000, -114.988000, 0.643000 
53.572500, -113.360600, 19.209000 
53.571700, -113.349800, 10.580000 
52.959300, -115.893800, 1.200000 
52.776100, -115.660700, 1.200000 
52.758100, -114.111600, 1.200000 
52.226300, -115.177000, 1.200000 
55.725100, -119.399900, 0.303000 
52.308300, -113.550000, 1.275000 
51.191300, -113.940900, 2.686000 
53.841600, -113.097900, 59.600000 
50.982200, -113.974200, 0.252000 
53.570000, -113.611400, 0.146000 
53.227700, -114.988900, 59.200000 
53.593060, -116.390300, 64.100000 
55.071200, -118.691200, 131.315000 
53.413300, -117.570600, 457.690000 
50.845800, -113.586700, 100.700000 
53.541700, -113.391700, 0.001000 
53.181200, -115.762500, 0.266000 
50.805300, -110.034900, 2.560000 
54.833300, -118.646700, 0.340000 
54.524700, -116.794300, 0.561000 
52.553700, -111.694000, 0.034000 
54.130900, -115.546700, 4.736000 
53.204500, -116.811200, 1.043000 
50.086600, -110.716700, 234.661000 
53.550500, -113.358900, 16.644000 
58.555500, -118.915900, 0.100000 
51.526000, -113.880000, 0.193000 
54.772900, -110.579000, 0.006000 
51.400100, -114.034300, 4.477000 
49.476100, -112.652500, 0.005000 
53.340200, -113.538100, 4.950000 
53.504000, -113.450200, 1.548000 
51.789600, -114.702800, 11.975000 
54.238200, -115.379700, 128.600000 
55.029800, -118.744000, 200.076000 
55.162300, -118.816600, 7.980000 
53.250200, -115.555500, 0.100000 
53.571290, -113.355400, 1.899000 
55.432500, -116.486000, 20.000000 
59.063100, -118.875700, 0.767000 
53.498700, -113.383100, 0.008000 
51.000700, -113.965670, 1.597000 
53.950900, -113.088100, 0.005000 
51.010160, -113.964210, 7.971000 
54.133300, -115.366600, 18.933000 
51.376000, -113.949200, 0.006000 
58.518800, -117.119500, 21.000000 
53.902300, -115.189300, 1.200000 
53.402700, -117.599300, 11.789000 
50.967800, -113.969900, 0.003000 
50.963600, -113.976680, 0.052000 
53.282300, -113.542000, 0.031000 
50.129400, -111.908400, 0.232000 
55.116400, -116.712300, 0.034000 
52.104400, -110.695000, 0.328000 
50.336800, -111.169800, 0.072000 
59.641800, -118.307800, 0.666000 
50.994100, -113.958300, 17.040000 
53.499900, -113.418000, 0.843000 
55.208300, -118.793000, 2.495000 
58.500900, -117.146000, 0.102000 
52.309150, -113.809970, 0.218000 
55.175000, -118.785400, 0.315000 
53.301700, -110.012600, 0.602000 
53.504100, -113.373300, 0.037000 
