51.191300, -113.940900, 0.100000 
50.982200, -113.974200, 0.022000 
53.570000, -113.611400, 0.052000 
58.555500, -118.915900, 0.100000 
53.340200, -113.538100, 0.453000 
53.319300, -113.518000, 0.534000 
53.571290, -113.355400, 0.156000 
59.063100, -118.875700, 0.041000 
51.000700, -113.965670, 0.238000 
51.010160, -113.964210, 2.054000 
51.001500, -114.037200, 0.810000 
53.282300, -113.542000, 0.009000 
50.994100, -113.958300, 3.530000 
53.499900, -113.418000, 0.295000 
53.288900, -110.012000, 1.290000 
53.504100, -113.373300, 0.010000 
