55.996700, -118.533600, 0.637000 
53.344000, -114.305000, 3.453000 
53.733200, -113.175000, 0.026000 
53.288500, -110.018300, 0.788000 
52.146300, -115.330000, 0.051000 
53.048100, -113.921000, 2.659000 
50.747700, -114.494700, 0.954000 
54.952700, -119.195300, 0.599000 
53.952700, -113.078000, 0.237000 
54.572300, -115.522900, 0.103000 
54.596400, -110.395000, 1.027000 
55.335900, -119.223000, 0.533000 
50.647500, -113.772000, 0.215000 
54.194400, -116.632200, 1.675000 
53.245000, -115.674300, 0.384000 
53.746900, -113.164500, 1.127000 
51.742300, -114.134500, 0.324000 
53.572500, -113.360600, 0.515000 
52.959300, -115.893800, 5.091000 
52.776100, -115.660700, 3.332000 
52.758100, -114.111600, 2.620000 
52.226300, -115.177000, 1.956000 
51.534800, -114.203700, 1.492000 
55.725100, -119.399900, 2.735000 
52.308300, -113.550000, 2.074000 
51.191300, -113.940900, 2.757000 
49.305200, -114.000300, 0.466000 
51.965500, -114.753600, 0.474000 
56.380600, -116.795000, 2.565000 
53.652000, -116.099200, 1.155000 
54.423300, -117.760400, 4.269000 
57.003300, -111.466100, 19.047000 
57.040500, -111.619200, 54.342000 
51.570800, -114.851700, 0.663000 
53.795900, -113.099600, 1.789000 
53.804200, -113.082400, 9.325000 
53.541700, -113.391700, 2.703000 
53.181200, -115.762500, 0.374000 
51.219500, -114.645400, 0.218000 
54.833300, -118.646700, 0.971000 
54.524700, -116.794300, 1.398000 
52.553700, -111.694000, 0.018000 
58.555500, -118.915900, 1.057000 
51.526000, -113.880000, 2.116000 
51.696900, -114.475000, 1.480000 
54.772900, -110.579000, 0.260000 
54.185400, -116.210400, 1.692000 
51.400100, -114.034300, 2.287000 
53.757500, -113.149900, 0.758000 
54.427200, -116.884300, 1.313000 
52.035300, -115.137700, 2.320000 
54.510900, -115.511700, 1.193000 
55.041500, -119.631000, 0.745000 
49.628100, -114.571900, 0.027000 
57.546300, -119.112600, 2.029000 
55.489100, -119.750800, 0.120000 
53.581600, -113.599100, 7.761000 
53.557500, -116.547200, 0.722000 
53.670500, -115.762200, 0.521000 
58.501200, -117.145600, 35.000000 
53.902300, -115.189300, 0.545000 
53.740700, -113.023100, 1.719000 
52.228400, -114.397700, 0.964000 
52.674300, -111.311600, 0.089000 
53.286400, -110.017800, 0.312000 
52.656700, -111.311900, 0.485000 
54.420500, -110.213100, 0.081000 
55.069600, -110.536100, 3.182000 
53.373100, -116.086000, 0.878000 
57.351700, -111.522200, 3.003900 
53.544400, -113.366200, 0.421000 
53.543100, -117.797900, 0.252000 
50.963600, -113.976680, 1.999000 
53.530040, -113.402010, 2.279000 
57.590100, -117.531700, 0.176000 
53.159500, -114.902800, 0.476000 
53.388600, -115.315800, 0.345000 
50.653300, -111.166100, 0.893000 
59.641800, -118.307800, 0.454000 
55.373190, -114.747800, 2.427000 
53.566800, -113.365000, 1.328000 
52.639900, -111.273500, 0.946000 
54.285000, -115.698200, 0.926000 
55.527900, -110.873800, 0.074000 
