56.377200, -117.175600, 1086.438000 
53.344000, -114.305000, 16911.289000 
53.733200, -113.175000, 45.984000 
53.288500, -110.018300, 28.469000 
52.146300, -115.330000, 16788.280000 
53.048100, -113.921000, 42.360000 
50.747700, -114.494700, 1491.600000 
53.952700, -113.078000, 215.494000 
54.572300, -115.522900, 52.200000 
54.596400, -110.395000, 2754.731000 
55.335900, -119.223000, 46.890000 
50.647500, -113.772000, 1978.770000 
54.194400, -116.632200, 4361.200000 
53.546800, -113.734800, 21.600000 
53.245000, -115.674300, 14.000000 
53.746900, -113.164500, 170.300000 
53.718500, -113.183000, 0.095000 
52.564700, -112.141400, 22735.618000 
51.531700, -111.786100, 43667.721000 
54.007100, -119.104000, 2714.000000 
51.742300, -114.134500, 2270.040000 
53.529100, -113.387500, 60.573000 
52.959300, -115.893800, 441.300000 
52.463000, -114.346500, 91.600000 
52.776100, -115.660700, 636.470000 
52.758100, -114.111600, 204.550000 
52.226300, -115.177000, 4142.980000 
51.534800, -114.203700, 384.400000 
58.500000, -119.416700, 795.890000 
52.940400, -114.832300, 194.080000 
55.725100, -119.399900, 570.121000 
52.308300, -113.550000, 4.727000 
49.713599, -112.796397, 0.107000 
51.191300, -113.940900, 3110.300000 
53.733200, -113.486200, 23.204000 
49.305200, -114.000300, 6292.200000 
51.039600, -114.559000, 7530.100000 
51.965500, -114.753600, 2040.010000 
56.380600, -116.795000, 3233.451000 
53.722900, -113.174000, 207.240000 
53.721700, -113.191700, 181.022000 
53.841600, -113.097900, 1344.800000 
53.652000, -116.099200, 332.920000 
54.423300, -117.760400, 1176.518000 
57.003300, -111.466100, 26645.200000 
57.040500, -111.619200, 83972.670000 
53.560000, -114.486200, 5409.070000 
53.508500, -114.557100, 26670.140000 
53.448700, -114.449100, 13026.430000 
51.570800, -114.851700, 7226.160000 
55.071200, -118.691200, 1716.682000 
53.795900, -113.099600, 78.116000 
53.804200, -113.082400, 2.149000 
53.413300, -117.570600, 1745.400000 
53.541700, -113.391700, 4763.570000 
53.181200, -115.762500, 2400.790000 
51.219500, -114.645400, 1471.820000 
54.833300, -118.646700, 497.350000 
54.524700, -116.794300, 747.800000 
52.553700, -111.694000, 21.316000 
54.130900, -115.546700, 1265.400000 
53.204500, -116.811200, 5140.494000 
53.550500, -113.358900, 1150.391000 
58.555500, -118.915900, 21.540000 
51.526000, -113.880000, 844.800000 
51.696900, -114.475000, 127.264000 
55.248100, -114.514000, 0.203000 
53.531993, -113.364925, 31.420000 
54.772900, -110.579000, 838.957000 
54.185400, -116.210400, 2476.000000 
51.400100, -114.034300, 1667.200000 
54.427200, -116.884300, 1950.740000 
53.132300, -115.981700, 2454.500000 
55.913200, -115.150400, 26.810000 
50.061200, -110.723000, 55.590000 
55.481900, -119.059200, 3001.290000 
49.628100, -114.571900, 2569.500000 
57.546300, -119.112600, 122.580000 
55.040000, -115.475800, 35.970000 
50.583700, -113.871100, 66.575000 
53.250200, -115.555500, 14.400000 
55.489100, -119.750800, 537.540000 
53.581600, -113.599100, 118.800000 
55.876700, -119.301100, 24.900000 
53.557500, -116.547200, 2302.956000 
59.063100, -118.875700, 615.987000 
53.817200, -113.133600, 316.560000 
51.058900, -115.174500, 1830.700000 
51.012800, -114.022000, 95.566000 
50.912700, -114.011800, 23.102000 
52.327100, -112.718300, 469.290000 
55.074200, -117.274200, 904.414000 
55.268600, -114.584700, 0.259000 
53.560800, -113.415300, 103.900000 
49.693900, -112.096200, 39.730000 
53.740700, -113.023100, 5822.533000 
52.228400, -114.397700, 151.700000 
52.766100, -114.285600, 84.718000 
54.846700, -112.567500, 0.025000 
54.926900, -111.936100, 0.020000 
52.308300, -113.550000, 1.129000 
56.981400, -111.462500, 3.680000 
55.582700, -110.888800, 122.248000 
55.069600, -110.536100, 338.668000 
51.024500, -114.025000, 6.000000 
53.431000, -117.540600, 0.120000 
53.010600, -112.810000, 0.251000 
52.255700, -113.886000, 0.304000 
53.645100, -114.130200, 2.468000 
55.969400, -117.575600, 62.330000 
55.750300, -119.684300, 216.720000 
51.649800, -110.187200, 59.360000 
52.555700, -111.805300, 1001.950000 
50.471500, -111.606500, 276.194000 
58.568700, -119.201500, 340.124000 
50.129400, -111.908400, 115.524000 
54.494400, -115.957600, 84.526000 
54.538100, -115.932300, 38.131000 
58.943200, -118.916800, 78.940000 
59.230700, -119.275900, 416.726000 
59.194300, -118.604700, 24.132000 
58.975900, -119.118700, 31.910000 
52.333700, -111.357300, 394.349000 
51.962900, -111.016100, 22.870000 
51.911800, -111.188100, 38.661000 
52.421200, -110.388600, 49.544000 
52.122900, -110.570500, 263.180000 
53.861500, -114.756100, 33.850000 
55.698300, -118.783300, 62.240000 
55.714100, -118.830400, 449.250000 
51.773700, -114.222900, 701.286000 
50.220300, -112.444200, 382.210000 
51.620900, -114.483500, 24.857000 
55.585600, -117.891600, 40.670000 
52.544800, -114.545200, 56.000000 
52.999100, -112.971000, 67.460000 
52.915800, -113.022500, 25.562000 
54.130600, -115.231400, 462.800000 
53.607000, -116.703700, 58.827000 
52.797900, -112.371400, 240.600000 
53.583000, -116.842000, 95.489000 
53.706600, -117.241000, 201.340000 
53.928400, -116.717200, 40.760000 
54.031100, -116.875700, 9.820000 
53.388600, -115.315800, 193.900000 
56.556900, -119.363900, 319.750000 
50.653300, -111.166100, 153.000000 
56.731500, -115.611500, 20.135000 
55.769300, -118.567800, 22.200000 
54.033400, -117.756900, 91.440000 
56.098600, -119.288100, 44.000000 
55.943900, -119.923100, 79.100000 
49.030800, -111.052700, 84.516000 
52.217300, -112.307300, 20.319000 
50.536900, -112.031500, 114.189000 
50.700700, -111.022200, 187.154000 
50.314700, -111.968400, 76.449000 
52.424800, -110.364700, 32.380000 
52.333700, -111.059400, 37.850000 
51.239700, -115.564600, 132.199000 
53.374300, -114.527900, 139.350000 
52.435700, -113.390400, 80.546000 
52.475700, -111.441400, 26.080000 
56.233200, -113.896400, 23.680000 
50.194700, -111.343700, 119.070000 
49.936700, -111.406500, 93.140000 
50.976900, -114.889200, 41.550000 
52.661200, -114.635400, 168.200000 
58.568700, -119.061500, 122.082000 
56.313200, -111.636200, 307.681000 
54.541800, -110.408400, 27.138000 
59.641800, -118.307800, 193.100000 
53.254000, -114.437900, 43.660000 
59.601800, -117.409700, 25.860000 
56.458600, -119.914300, 420.940000 
53.428700, -115.125800, 155.881000 
57.042500, -111.905000, 72.797000 
52.621200, -112.211500, 1.868000 
53.499900, -113.418000, 0.775000 
53.734200, -118.395600, 47.020000 
55.378300, -118.499700, 554.742000 
52.969200, -116.692500, 48.971000 
56.364200, -119.934300, 211.600000 
50.168300, -112.299800, 338.400000 
50.073300, -112.673700, 35.540000 
50.013100, -112.611500, 21.820000 
53.952500, -113.113900, 91.104000 
54.432500, -116.139700, 415.900000 
52.475700, -111.700100, 22.068000 
55.072800, -116.975700, 23.456000 
49.980300, -111.760100, 77.829000 
55.541900, -119.029700, 43.990000 
53.977900, -116.751200, 9.710000 
50.366200, -112.338500, 30.757000 
51.569700, -114.985200, 100.610000 
50.965800, -114.872700, 54.850000 
52.381200, -112.199200, 0.584000 
53.228700, -114.554100, 30.085000 
51.360700, -113.614600, 26.036000 
57.217500, -110.895000, 1075.487000 
53.558600, -113.368000, 3625.000000 
52.115800, -110.579400, 127.314000 
54.772900, -118.981500, 31.033000 
53.539800, -113.397000, 78.620000 
53.550000, -113.466700, 24.805000 
55.311200, -118.836800, 20.961000 
50.640600, -114.293200, 67.795000 
55.160200, -118.818400, 28.091000 
56.623600, -119.913600, 115.250000 
52.361000, -113.819400, 0.326000 
52.549200, -113.840800, 4.408000 
49.720000, -113.500300, 8.173000 
53.599500, -111.416200, 1.969000 
53.343700, -113.184000, 91.620000 
54.285000, -115.698200, 122.800000 
52.470100, -114.346400, 95.271000 
49.591390, -114.028330, 79.126000 
50.266657, -112.836800, 108.718000 
54.496000, -116.783700, 50.120000 
53.007200, -117.327200, 0.270000 
51.857400, -114.986700, 44.670000 
51.898100, -113.567200, 2090.500000 
54.095900, -116.615500, 53.538000 
53.176000, -115.272300, 39.250000 
57.486000, -113.793600, 63.549000 
53.252500, -115.552400, 59.157000 
55.721300, -119.399900, 50.315000 
