56.377200, -117.175600, 15.209000 
53.227700, -114.988900, 12.700000 
53.593060, -116.390300, 18.900000 
55.071200, -118.691200, 19.111000 
53.804200, -113.082400, 8.809000 
53.413300, -117.570600, 10.439000 
51.034710, -114.025600, 10.920000 
55.029800, -118.744000, 110.776000 
55.432500, -116.486000, 20.000000 
58.518800, -117.119500, 11.000000 
54.139800, -115.689100, 10.418000 
54.587200, -112.803100, 4.111000 
53.501040, -113.489732, 12.215000 
53.737500, -113.149000, 0.002000 
52.942400, -113.511100, 1.355000 
