50.747700, -114.494700, 135.763000 
54.194400, -116.632200, 51.950000 
53.746900, -113.164500, 0.971000 
51.742300, -114.134500, 4.660000 
52.758100, -114.111600, 2.570000 
52.226300, -115.177000, 15.786000 
55.725100, -119.399900, 15.022000 
51.191300, -113.940900, 54.406000 
53.733200, -113.486200, 2.066000 
49.305200, -114.000300, 51.250000 
51.039600, -114.559000, 55.500000 
57.003300, -111.466100, 58.692000 
57.040500, -111.619200, 12.425000 
51.570800, -114.851700, 103.760000 
53.181200, -115.762500, 9.132000 
54.833300, -118.646700, 8.535000 
53.204500, -116.811200, 479.693000 
51.526000, -113.880000, 13.481000 
54.185400, -116.210400, 15.200000 
54.427200, -116.884300, 65.350000 
53.132300, -115.981700, 85.120000 
57.546300, -119.112600, 0.698000 
53.557500, -116.547200, 11.989000 
