56.377200, -117.175600, 7.699000 
53.344000, -114.305000, 24.501000 
53.733200, -113.175000, 2.995000 
52.564700, -112.141400, 128.629000 
51.531700, -111.786100, 97.955000 
54.775000, -115.218600, 0.013000 
53.560000, -114.486200, 10.982000 
53.508500, -114.557100, 61.261000 
53.448700, -114.449100, 25.370000 
53.570000, -113.611400, 0.001000 
55.070600, -118.688800, 0.027000 
55.071200, -118.691200, 22.445000 
53.413300, -117.570600, 21.650000 
53.533000, -113.411500, 0.037000 
53.541700, -113.391700, 16.196000 
53.550500, -113.358900, 11.214000 
55.160200, -118.818400, 15.266000 
