56.377200, -117.175600, 3.842000 
53.344000, -114.305000, 7.586000 
53.288500, -110.018300, 1.067000 
52.564700, -112.141400, 26.613000 
51.531700, -111.786100, 39.762000 
51.039600, -114.559000, 70.500000 
53.721700, -113.191700, 11.580000 
53.841600, -113.097900, 41.900000 
57.003300, -111.466100, 375.097000 
57.040500, -111.619200, 164.674000 
53.560000, -114.486200, 8.014000 
53.508500, -114.557100, 33.491000 
53.448700, -114.449100, 16.358000 
53.795900, -113.099600, 1.770000 
53.413300, -117.570600, 6.228000 
53.541700, -113.391700, 167.085000 
53.550500, -113.358900, 109.821000 
