55.996700, -118.533600, 5.668000 
56.377200, -117.175600, 7.770000 
53.733200, -113.175000, 0.003000 
53.288500, -110.018300, 0.216000 
52.146300, -115.330000, 179.800000 
53.048100, -113.921000, 3.312000 
50.747700, -114.494700, 38.274000 
53.952700, -113.078000, 0.559000 
54.572300, -115.522900, 0.675000 
54.596400, -110.395000, 30.001000 
55.335900, -119.223000, 3.061000 
50.647500, -113.772000, 2.080000 
54.194400, -116.632200, 26.191000 
53.245000, -115.674300, 1.186000 
53.746900, -113.164500, 0.145000 
51.742300, -114.134500, 9.586000 
52.959300, -115.893800, 11.056000 
52.776100, -115.660700, 1.971000 
52.758100, -114.111600, 2.996000 
52.226300, -115.177000, 15.933000 
51.534800, -114.203700, 0.105000 
58.500000, -119.416700, 8.680000 
55.725100, -119.399900, 10.566000 
52.308300, -113.550000, 0.001000 
51.191300, -113.940900, 7.677000 
49.305200, -114.000300, 36.150000 
51.039600, -114.559000, 1.700000 
51.965500, -114.753600, 124.208000 
56.380600, -116.795000, 0.110000 
53.722900, -113.174000, 0.075000 
53.652000, -116.099200, 8.978000 
54.423300, -117.760400, 8.478000 
57.003300, -111.466100, 30.534000 
57.040500, -111.619200, 129.487000 
51.570800, -114.851700, 7.857000 
53.795900, -113.099600, 0.973000 
53.413300, -117.570600, 15.470000 
53.541700, -113.391700, 3.685000 
53.181200, -115.762500, 22.716000 
54.833300, -118.646700, 3.863000 
54.524700, -116.794300, 0.149000 
52.553700, -111.694000, 2.515000 
53.550500, -113.358900, 1.349000 
58.555500, -118.915900, 2.454000 
51.526000, -113.880000, 23.472000 
51.696900, -114.475000, 0.899000 
54.185400, -116.210400, 9.054000 
51.400100, -114.034300, 7.551000 
54.427200, -116.884300, 12.283000 
53.132300, -115.981700, 20.281000 
55.481900, -119.059200, 18.977000 
53.721800, -113.192700, 0.001000 
49.628100, -114.571900, 3.852000 
57.546300, -119.112600, 0.074000 
53.250200, -115.555500, 36.201000 
55.489100, -119.750800, 11.187000 
55.876700, -119.301100, 2.570000 
53.557500, -116.547200, 1.714000 
59.063100, -118.875700, 3.323000 
52.327100, -112.718300, 5.105000 
53.616600, -115.711100, 0.021000 
52.510900, -110.969600, 1.034000 
55.833000, -119.470000, 2.691000 
53.902300, -115.189300, 0.212000 
53.740700, -113.023100, 6.176000 
52.228400, -114.397700, 0.123000 
53.544400, -113.366200, 0.571000 
56.981400, -111.475800, 1.008000 
53.543100, -117.797900, 0.451000 
52.588100, -111.206100, 0.476000 
55.393100, -110.738300, 0.018000 
57.054200, -111.917200, 2.275000 
50.129400, -111.908400, 2.359000 
53.388600, -115.315800, 7.480000 
50.653300, -111.166100, 1.955000 
56.098600, -119.288100, 1.430000 
55.943900, -119.923100, 2.100000 
59.641800, -118.307800, 2.397000 
52.963700, -111.364700, 0.129000 
52.370000, -114.375800, 0.026000 
52.272100, -112.841400, 0.658000 
57.217500, -110.895000, 14.889000 
52.639900, -111.273500, 1.781000 
54.285000, -115.698200, 1.420000 
59.069300, -118.854200, 0.287000 
