53.952700, -113.078000, 0.158000 
54.596400, -110.395000, 0.240000 
54.194400, -116.632200, 0.481000 
53.245000, -115.674300, 0.128000 
53.746900, -113.164500, 0.036000 
51.742300, -114.134500, 0.297000 
52.959300, -115.893800, 0.512000 
52.776100, -115.660700, 0.161000 
52.758100, -114.111600, 0.302000 
52.226300, -115.177000, 0.048000 
55.725100, -119.399900, 0.052000 
51.191300, -113.940900, 0.281000 
51.965500, -114.753600, 0.272000 
53.652000, -116.099200, 0.797000 
57.003300, -111.466100, 59.489000 
57.040500, -111.619200, 54.011000 
51.570800, -114.851700, 0.095000 
53.795900, -113.099600, 3.315000 
53.541700, -113.391700, 1.652000 
53.181200, -115.762500, 0.266000 
54.524700, -116.794300, 0.015000 
52.553700, -111.694000, 0.097000 
53.550500, -113.358900, 0.226000 
51.696900, -114.475000, 0.031000 
54.772900, -110.579000, 0.021000 
54.185400, -116.210400, 0.287000 
51.400100, -114.034300, 0.138000 
54.427200, -116.884300, 0.230000 
54.510900, -115.511700, 0.163000 
49.628100, -114.571900, 0.024000 
57.546300, -119.112600, 0.124000 
53.250200, -115.555500, 0.208000 
55.489100, -119.750800, 0.002000 
53.557500, -116.547200, 0.018000 
53.498700, -113.383100, 0.004000 
51.000700, -113.965670, 0.087000 
53.902300, -115.189300, 0.260000 
53.740700, -113.023100, 2.927000 
52.228400, -114.397700, 0.012000 
53.373100, -116.086000, 0.013000 
57.351700, -111.522200, 3.524000 
50.959200, -113.981200, 0.039000 
53.527200, -113.354800, 0.069000 
50.963600, -113.976680, 0.116000 
53.530040, -113.402010, 0.257000 
57.590100, -117.531700, 0.040000 
53.388600, -115.315800, 0.101000 
50.653300, -111.166100, 0.120000 
50.336800, -111.169800, 0.006000 
59.641800, -118.307800, 0.094000 
53.499900, -113.418000, 0.092000 
52.292200, -113.816900, 0.298000 
54.285000, -115.698200, 0.406000 
55.175000, -118.785400, 0.037000 
