55.996700, -118.533600, 3.455000 
53.539700, -113.409200, 12.130000 
56.377200, -117.175600, 193.855800 
53.833100, -113.108900, 1.040000 
53.344000, -114.305000, 644.537000 
53.733200, -113.175000, 43.832000 
53.288500, -110.018300, 1.507000 
52.146300, -115.330000, 5.700000 
53.048100, -113.921000, 16.299000 
50.747700, -114.494700, 7.596000 
54.952700, -119.195300, 8.841000 
53.421300, -113.904400, 0.626000 
53.952700, -113.078000, 1.299000 
54.572300, -115.522900, 5.130000 
54.596400, -110.395000, 68.794000 
55.335900, -119.223000, 2.257000 
50.647500, -113.772000, 4.120000 
54.194400, -116.632200, 20.710000 
53.546800, -113.734800, 1.987000 
53.245000, -115.674300, 1.681000 
53.746900, -113.164500, 0.601000 
54.144400, -115.691700, 0.730000 
49.789400, -112.126100, 229.156000 
54.179100, -115.806000, 1.771000 
52.564700, -112.141400, 647.863000 
51.531700, -111.786100, 281.592000 
54.007100, -119.104000, 101.390000 
54.775000, -115.218600, 0.461000 
51.742300, -114.134500, 1.750000 
52.496000, -114.988000, 3.059000 
50.675600, -110.025000, 451.871000 
53.529100, -113.387500, 51.209000 
53.572500, -113.360600, 7.050000 
53.571700, -113.349800, 118.500000 
52.959300, -115.893800, 8.001000 
52.463000, -114.346500, 2.690000 
51.637200, -112.866000, 1.652000 
52.776100, -115.660700, 4.830000 
52.758100, -114.111600, 19.446000 
52.226300, -115.177000, 5.608000 
51.534800, -114.203700, 2.085000 
58.500000, -119.416700, 9.600000 
53.089200, -116.805900, 1.235000 
52.940400, -114.832300, 3.698000 
55.725100, -119.399900, 3.145000 
52.308300, -113.550000, 434.963000 
49.713599, -112.796397, 1.815000 
51.191300, -113.940900, 17.522000 
49.305200, -114.000300, 19.039000 
51.039600, -114.559000, 17.400000 
51.965500, -114.753600, 13.279000 
56.380600, -116.795000, 9.456000 
53.722900, -113.174000, 0.081000 
53.721700, -113.191700, 125.398000 
53.841600, -113.097900, 191.500000 
53.652000, -116.099200, 5.026000 
54.423300, -117.760400, 11.233000 
57.003300, -111.466100, 1289.369000 
57.040500, -111.619200, 2905.693000 
53.560000, -114.486200, 290.093000 
53.508500, -114.557100, 2167.171000 
53.448700, -114.449100, 558.731000 
52.385800, -113.595000, 11.204000 
50.031100, -110.641000, 3.280000 
51.181625, -114.472100, 3.378000 
51.022770, -114.027660, 0.783000 
52.033030, -113.938910, 64.645000 
53.227700, -114.988900, 203.500000 
53.593060, -116.390300, 147.200000 
55.269500, -114.598300, 10.018000 
51.570800, -114.851700, 3.622000 
55.070600, -118.688800, 0.648000 
50.846700, -113.581170, 56.600000 
55.071200, -118.691200, 113.311000 
53.795900, -113.099600, 11.502000 
53.804200, -113.082400, 13.422000 
53.413300, -117.570600, 433.907000 
50.845800, -113.586700, 8.300000 
53.533000, -113.411500, 2.316000 
53.541700, -113.391700, 566.332000 
53.181200, -115.762500, 2.571000 
51.219500, -114.645400, 4.019000 
50.805300, -110.034900, 5.770000 
54.833300, -118.646700, 5.873000 
54.524700, -116.794300, 3.950000 
54.130900, -115.546700, 18.076000 
53.204500, -116.811200, 15.156000 
50.086600, -110.716700, 13.304000 
53.550500, -113.358900, 97.776000 
58.555500, -118.915900, 2.688000 
51.526000, -113.880000, 1.673000 
51.696900, -114.475000, 3.453000 
55.248100, -114.514000, 3.504000 
53.544350, -113.374010, 0.633000 
53.022700, -112.811400, 5.673000 
54.772900, -110.579000, 47.598000 
54.185400, -116.210400, 17.450000 
51.400100, -114.034300, 8.890000 
53.757500, -113.149900, 1.350000 
54.427200, -116.884300, 6.600000 
53.132300, -115.981700, 48.456000 
55.913200, -115.150400, 0.718000 
52.035300, -115.137700, 1.674000 
53.456206, -113.487312, 0.716000 
53.728270, -113.235520, 29.366000 
54.510900, -115.511700, 11.920000 
53.283800, -110.031900, 26.856000 
50.061200, -110.723000, 1.699000 
55.481900, -119.059200, 5.420000 
51.789600, -114.702800, 26.865000 
49.701943, -112.803037, 16.893000 
54.238200, -115.379700, 47.700000 
53.721800, -113.192700, 7.546000 
53.725400, -113.193000, 7.900000 
55.029800, -118.744000, 312.435000 
53.394200, -113.570700, 0.063000 
55.041500, -119.631000, 3.290000 
51.005290, -114.058570, 0.455000 
55.273300, -114.599700, 0.590000 
55.162300, -118.816600, 14.210000 
53.505652, -113.412963, 1.194000 
49.628100, -114.571900, 1.848000 
50.848000, -113.581300, 0.022000 
57.546300, -119.112600, 1.522000 
55.040000, -115.475800, 3.745000 
50.597600, -111.881800, 24.810000 
50.583700, -113.871100, 21.206000 
53.250200, -115.555500, 4.533000 
55.489100, -119.750800, 1.740000 
49.723497, -112.785116, 2.921000 
53.581600, -113.599100, 77.407000 
55.876700, -119.301100, 0.680000 
51.222500, -114.495600, 7.208000 
53.576280, -113.317500, 2.016000 
51.060740, -113.995090, 1.633000 
55.432500, -116.486000, 29.411000 
51.030750, -113.399500, 1.840000 
53.557500, -116.547200, 9.364000 
59.063100, -118.875700, 8.242000 
53.817200, -113.133600, 0.553000 
51.058900, -115.174500, 372.750000 
51.004210, -113.989400, 4.962000 
51.798200, -114.098000, 1.116000 
53.574500, -113.313900, 1.294000 
52.327100, -112.718300, 2.500000 
56.904200, -117.633600, 2.640000 
53.670500, -115.762200, 1.468000 
53.723500, -113.173800, 16.997000 
53.908300, -118.816700, 4.080000 
50.058200, -110.728200, 26.532000 
54.133300, -115.366600, 19.467000 
57.218000, -111.027000, 6.720000 
53.719000, -113.205600, 0.113000 
55.074200, -117.274200, 1.101000 
55.268600, -114.584700, 0.519000 
54.394900, -116.809000, 2.314000 
58.194700, -116.350400, 7.947000 
55.199400, -116.221900, 0.875000 
55.993500, -113.480500, 1.153000 
53.576900, -113.570600, 1.218000 
52.272900, -113.814480, 5.869000 
49.362300, -113.511500, 3.434000 
53.799100, -113.080700, 6.961000 
58.518800, -117.119500, 91.668000 
54.587200, -112.803100, 0.107000 
53.332300, -113.524100, 0.948000 
49.693900, -112.096200, 5.500000 
58.501200, -117.145600, 80.000000 
53.498600, -113.387900, 1.172000 
53.616600, -115.711100, 0.039000 
50.543800, -111.795000, 0.028000 
55.833000, -119.470000, 0.009000 
53.902300, -115.189300, 2.452000 
53.740700, -113.023100, 71.511000 
52.212400, -113.843700, 2.532000 
52.228400, -114.397700, 5.780000 
51.189400, -113.937800, 2.597000 
52.766100, -114.285600, 0.645000 
53.593600, -113.335600, 0.570000 
57.298900, -111.503300, 68.709000 
49.725296, -112.798487, 1.822000 
50.040920, -110.721904, 4.939000 
50.443600, -110.882500, 1.450000 
50.269600, -112.893800, 4.272000 
54.846700, -112.567500, 0.397000 
54.926900, -111.936100, 0.317000 
49.789000, -112.134440, 13.200000 
52.308300, -113.550000, 381.347000 
51.910600, -114.668100, 0.878000 
58.447100, -119.238300, 4.569000 
53.402700, -117.599300, 18.973000 
50.577200, -111.178100, 2.620000 
56.981400, -111.462500, 3.744000 
50.671900, -110.028900, 1.231000 
55.582700, -110.888800, 2.746000 
53.091100, -111.768600, 1.764000 
55.069600, -110.536100, 21.410000 
53.373100, -116.086000, 1.101000 
51.006900, -113.192800, 2.749000 
50.059700, -110.732000, 1.644000 
57.351700, -111.522200, 23.514000 
53.628800, -113.307700, 3.390000 
51.154200, -114.187700, 26.180000 
51.028800, -114.044800, 20.391000 
53.519600, -113.529000, 2.914000 
51.024500, -114.025000, 24.640000 
52.315900, -113.850000, 8.668000 
50.847000, -113.591000, 5.319000 
53.819400, -113.141900, 2.088000 
56.373300, -119.922800, 0.622000 
54.043500, -117.420000, 1.564000 
49.975700, -114.130000, 0.960000 
55.125900, -117.838000, 1.071000 
52.058000, -114.908000, 2.080000 
54.829600, -118.647000, 2.140000 
51.099300, -112.639000, 1.484000 
53.960200, -116.460000, 0.911000 
54.483500, -118.100000, 1.070000 
57.188000, -118.248900, 0.531000 
50.697800, -111.531000, 5.139000 
50.704600, -110.844000, 2.058000 
51.943400, -114.736000, 2.530000 
53.470500, -116.496100, 1.681000 
50.693800, -114.330000, 1.585000 
52.355300, -115.332000, 1.794000 
51.444300, -114.527000, 1.096000 
53.244500, -116.238000, 1.455000 
53.481700, -113.489000, 1.215000 
51.130700, -114.009000, 4.980000 
51.015020, -114.026480, 86.272000 
51.068200, -115.136400, 182.633000 
53.862700, -110.639000, 1.776000 
52.479300, -115.206900, 0.698000 
53.431000, -117.540600, 0.440000 
53.010600, -112.810000, 3.218000 
52.255700, -113.886000, 1.662000 
53.645100, -114.130200, 2.663000 
52.028360, -113.954260, 2.528000 
53.584100, -113.614400, 0.556000 
51.407800, -113.668300, 1.280000 
50.963300, -112.288300, 1.163000 
50.676800, -110.018000, 0.857000 
50.701100, -111.095600, 1.451000 
53.571300, -113.339300, 24.410000 
53.066500, -117.404800, 139.000000 
53.943200, -113.596900, 148.000000 
54.293100, -116.188300, 4.025000 
53.826700, -113.603300, 1.879000 
53.039700, -111.220000, 1.654000 
55.866700, -119.596700, 1.003000 
53.651700, -113.265800, 71.724000 
53.559040, -113.693580, 3.743000 
53.555000, -113.477400, 1.894000 
53.565150, -113.364550, 3.092000 
49.712016, -112.839461, 0.972000 
53.506900, -113.373400, 1.790000 
51.176400, -114.194800, 1.577000 
50.991700, -114.030300, 2.242000 
51.168600, -114.210900, 2.697000 
50.991500, -114.030100, 2.573000 
53.319800, -113.571800, 1.137000 
51.065300, -115.221100, 10.026000 
55.736900, -117.185800, 20.940000 
55.757600, -118.696700, 29.441000 
53.550100, -113.775600, 16.271000 
53.501040, -113.489732, 10.865000 
52.375200, -114.921600, 19.328000 
52.959900, -113.369000, 1.197000 
50.026580, -110.665700, 15.269000 
51.020210, -114.019246, 25.728000 
49.878996, -112.774388, 2.755000 
49.790600, -112.131400, 1.973000 
52.304300, -113.802700, 2.452000 
53.573220, -113.316410, 4.142000 
57.049800, -111.582900, 1.517000 
55.969400, -117.575600, 1.518000 
52.412900, -114.407600, 0.825000 
49.318000, -110.528300, 0.672000 
53.546200, -113.676000, 0.709000 
49.976800, -112.042900, 1.201000 
52.046500, -114.588800, 1.070000 
51.813700, -114.536800, 0.760000 
49.784800, -112.151000, 4.623000 
54.560100, -111.770600, 0.010000 
52.843200, -111.722800, 1.166000 
53.537900, -111.785100, 0.994000 
53.635900, -112.019200, 0.634000 
52.926800, -111.889500, 0.689000 
52.555700, -111.805300, 1.783000 
56.036800, -113.782500, 0.527000 
52.402900, -111.736200, 0.920000 
55.644000, -114.659700, 2.099000 
55.858700, -113.841400, 0.809000 
54.897200, -117.708800, 1.726000 
54.101800, -114.292500, 0.993000 
53.883400, -110.041100, 0.799000 
50.471500, -111.606500, 1.368000 
52.923200, -115.107500, 0.585000 
52.322800, -114.020800, 0.615000 
58.568700, -119.201500, 6.728000 
55.767500, -119.380300, 3.053000 
54.138100, -111.908300, 0.613000 
53.890700, -117.354000, 1.898000 
55.728600, -119.775000, 0.579000 
52.790700, -114.130700, 0.334000 
55.396400, -119.599700, 1.780000 
53.766900, -112.203100, 0.710000 
50.129400, -111.908400, 1.188000 
55.720300, -119.406100, 2.760000 
54.494400, -115.957600, 1.935000 
54.538100, -115.932300, 1.747000 
54.650900, -114.528900, 0.938000 
55.116400, -116.712300, 0.607000 
58.943200, -118.916800, 2.356000 
59.230700, -119.275900, 4.784000 
58.975900, -119.118700, 0.979000 
51.893700, -114.400400, 0.573000 
52.480900, -114.870200, 0.646000 
52.544800, -114.641600, 0.384000 
52.319300, -111.477600, 1.205000 
52.235700, -111.788100, 0.545000 
51.977300, -111.173400, 0.522000 
52.333700, -111.357300, 1.852000 
51.962900, -111.016100, 0.980000 
51.911800, -111.188100, 2.153000 
52.515700, -113.173800, 1.452000 
52.104400, -110.695000, 3.068000 
52.421200, -110.388600, 1.346000 
50.518700, -111.910900, 0.538000 
54.796400, -117.658000, 0.570000 
54.785300, -117.658000, 6.967500 
52.457600, -114.419100, 1.776000 
57.200800, -118.819200, 2.953000 
55.494700, -119.289500, 1.096000 
49.852100, -111.665000, 1.365000 
51.682500, -111.293600, 1.542000 
51.488700, -113.153900, 0.735000 
53.719800, -113.596300, 0.639000 
50.675000, -110.049200, 16.486000 
53.416800, -113.917700, 0.786000 
53.137600, -113.794100, 0.786000 
53.821500, -113.490400, 3.780000 
56.964500, -117.007100, 0.550000 
56.662500, -115.223600, 0.530000 
52.366500, -112.734900, 0.570000 
52.122900, -110.570500, 7.099000 
59.623400, -117.727200, 0.934000 
52.479300, -110.936100, 6.065000 
53.861500, -114.756100, 1.127000 
51.333400, -110.667500, 0.636000 
55.698300, -118.783300, 0.569000 
55.714100, -118.830400, 1.131000 
51.991800, -110.928600, 1.260000 
56.069400, -119.877200, 1.995000 
50.220300, -112.444200, 0.711000 
51.919000, -114.394600, 0.882000 
57.338900, -119.657100, 1.165000 
57.193700, -118.199700, 3.052000 
57.502800, -118.745700, 3.812000 
57.338900, -118.460000, 0.703000 
55.691200, -111.275900, 0.880000 
55.585600, -117.891600, 4.525000 
53.159500, -114.902800, 0.621000 
52.544800, -114.545200, 3.541000 
52.868400, -115.453300, 1.527000 
49.958300, -113.556600, 0.775000 
50.176700, -113.664900, 1.051000 
57.480800, -119.160100, 1.009000 
51.065100, -114.130500, 0.818000 
51.180450, -113.937280, 3.293000 
52.703800, -114.572500, 0.990000 
51.027000, -114.018600, 3.372000 
52.999100, -112.971000, 0.061000 
51.213300, -111.355600, 0.751000 
54.894400, -111.813900, 0.609000 
55.069400, -113.313900, 0.874000 
53.499300, -116.805300, 1.205000 
50.718600, -111.322200, 1.763000 
55.432800, -114.807200, 0.772000 
57.004500, -113.188600, 2.282000 
52.915800, -113.022500, 1.247000 
50.051800, -111.662400, 1.078000 
51.635300, -112.531400, 1.449000 
51.449700, -111.571700, 0.775000 
54.257200, -112.373600, 0.546000 
54.419600, -117.293100, 0.876000 
54.447400, -117.523700, 0.670000 
55.334700, -119.405300, 0.532000 
56.135000, -113.028300, 2.766000 
56.891000, -112.671500, 0.491000 
56.134800, -113.201300, 3.023000 
55.684000, -115.094500, 0.500000 
53.997000, -111.569200, 0.837000 
54.130600, -115.231400, 0.951000 
54.612500, -118.214300, 2.310000 
54.102500, -112.310200, 0.540000 
55.631500, -112.189600, 0.950000 
50.989600, -112.067900, 0.275000 
53.868700, -110.202400, 0.490000 
52.155600, -113.529700, 0.624000 
56.956900, -112.850800, 0.597000 
54.702500, -112.900400, 0.759000 
53.946900, -110.794600, 0.652000 
53.770600, -117.601400, 1.083000 
56.913500, -112.765900, 0.685000 
53.583000, -116.842000, 0.755000 
54.528700, -117.464200, 1.551000 
50.002600, -111.695600, 1.797000 
56.302200, -112.309400, 0.729000 
55.093800, -113.623700, 0.550000 
55.823000, -110.792300, 0.724000 
50.511400, -111.289400, 0.916000 
56.622700, -119.946500, 1.169000 
50.191900, -111.301800, 1.369000 
55.309200, -119.205800, 1.360000 
53.024700, -115.531100, 1.100000 
53.574200, -116.646900, 0.990000 
54.416000, -115.636200, 1.200000 
54.974300, -117.285800, 1.120000 
52.050100, -112.728300, 1.080000 
55.258300, -114.588300, 0.770000 
58.601100, -118.787200, 0.800000 
54.387000, -116.966700, 1.580000 
54.206700, -116.766700, 0.540000 
53.706600, -117.241000, 0.850000 
52.544700, -112.902200, 0.694000 
54.944400, -118.828100, 0.856000 
55.265600, -114.601400, 2.166000 
53.388600, -115.315800, 3.925000 
55.146800, -114.517100, 2.898000 
54.541800, -117.884100, 1.045000 
50.397600, -113.925500, 0.886000 
56.556900, -119.363900, 0.949000 
56.243400, -119.068000, 0.654000 
53.706600, -115.976300, 0.777000 
51.290200, -113.992400, 1.050000 
50.653300, -111.166100, 0.450000 
51.024500, -111.642800, 1.956000 
51.552500, -111.490600, 0.969000 
51.552600, -111.632500, 0.652000 
53.825000, -115.556700, 0.732000 
57.066100, -114.777500, 4.950000 
56.880600, -114.757200, 1.510000 
56.796900, -114.349300, 0.510000 
57.309200, -114.856300, 0.990000 
56.215000, -110.968100, 0.646000 
52.260500, -113.816600, 0.360000 
52.366300, -114.963000, 0.971000 
55.666900, -117.761600, 1.033000 
55.651800, -111.084400, 0.691000 
55.800300, -117.813800, 2.578000 
52.221100, -112.418700, 0.547000 
56.731500, -115.611500, 0.797000 
54.348900, -119.463300, 2.540000 
57.418900, -119.675000, 1.235000 
57.374300, -119.234900, 1.166000 
55.769300, -118.567800, 0.928000 
54.033400, -117.756900, 3.505000 
54.965100, -119.306800, 2.356000 
50.202700, -110.661300, 0.537000 
50.336700, -110.135000, 0.865000 
50.294200, -110.593500, 0.693000 
50.191100, -110.259400, 0.520000 
53.337800, -111.243900, 1.202000 
53.258000, -111.726400, 0.652000 
52.090700, -112.766700, 0.400000 
55.862200, -119.589200, 0.200000 
56.098600, -119.288100, 0.400000 
55.945800, -119.805300, 0.400000 
55.943900, -119.923100, 0.200000 
49.698011, -112.823139, 0.115000 
50.278300, -111.468400, 0.786000 
50.289400, -112.007500, 0.661000 
50.438700, -111.284800, 1.400000 
50.671500, -111.695300, 0.692000 
50.998700, -112.464500, 0.538000 
51.126200, -112.359500, 1.603000 
50.802300, -111.902000, 0.513000 
50.795100, -112.017800, 1.371000 
50.893400, -112.174000, 0.871000 
50.915100, -112.451700, 2.334000 
50.711500, -112.394000, 0.864000 
50.889400, -113.406800, 0.622000 
51.402600, -113.247400, 0.739000 
50.631500, -112.237600, 0.614000 
50.766500, -111.946400, 0.928000 
50.278800, -111.404900, 0.528000 
57.931900, -117.835000, 0.908000 
58.081200, -117.635600, 0.814000 
54.949300, -110.622600, 0.570000 
55.047300, -110.577800, 2.417000 
57.266800, -114.892000, 1.080000 
52.708400, -114.446600, 0.676000 
50.223900, -110.761900, 2.390000 
50.224000, -110.037500, 3.487000 
50.398600, -110.503300, 11.749000 
50.573100, -111.177500, 0.806000 
50.700700, -110.478000, 1.149000 
50.700600, -110.772500, 0.634000 
55.472800, -119.127200, 0.544000 
55.280000, -119.098100, 0.897000 
56.095100, -113.448600, 4.008000 
52.526800, -111.782500, 2.271000 
50.314700, -111.968400, 0.500000 
50.631500, -111.022200, 2.285000 
50.336800, -111.169800, 1.315000 
53.148600, -111.195000, 2.743000 
53.075900, -111.299700, 1.895000 
53.126800, -111.043000, 1.243000 
52.424800, -110.364700, 1.008000 
52.355700, -110.322500, 2.487000 
53.054000, -110.787500, 0.682000 
52.333700, -111.059400, 2.800000 
56.302200, -119.901200, 0.842000 
51.766200, -111.963700, 0.501000 
50.922300, -112.003700, 0.872000 
55.633700, -119.575000, 1.269000 
50.333200, -111.732800, 1.003000 
50.591500, -111.780300, 1.466000 
51.439000, -112.054500, 0.750000 
51.359000, -112.360100, 1.010000 
51.531300, -113.276300, 1.010000 
51.642600, -113.337700, 0.900000 
53.374300, -114.527900, 5.810000 
51.042300, -111.298100, 0.500000 
53.989000, -116.950100, 1.399000 
53.181200, -114.994400, 0.680000 
53.228700, -115.104400, 1.151000 
58.434000, -118.998400, 1.621000 
54.323400, -115.677500, 1.610000 
51.726200, -114.436000, 1.262000 
52.435700, -113.390400, 1.557000 
55.433300, -116.483200, 1.446000 
51.971000, -114.052700, 1.202000 
52.450400, -110.851900, 2.134000 
52.465000, -110.121000, 0.612000 
52.359300, -114.785700, 2.438000 
52.486400, -114.490000, 1.885000 
52.588400, -114.593500, 0.746000 
53.825100, -116.396900, 0.546000 
50.100300, -112.262000, 0.611000 
52.275700, -114.218800, 1.160000 
51.871800, -112.887600, 0.490000 
52.115700, -110.983100, 1.033000 
51.501500, -112.643700, 1.701000 
52.337300, -110.166100, 5.150000 
56.613100, -112.849000, 1.089000 
56.502900, -116.750400, 1.763000 
56.233200, -113.896400, 1.590000 
56.513900, -115.606000, 0.596000 
56.546200, -115.251500, 1.180000 
49.569200, -112.149200, 1.970000 
50.194700, -111.343700, 1.550000 
50.860700, -111.126500, 0.890000 
50.889500, -111.184200, 2.070000 
49.936700, -111.406500, 3.240000 
50.587900, -111.815100, 1.090000 
49.758300, -112.159700, 1.070000 
50.711900, -111.057400, 0.718000 
54.800000, -119.106100, 1.130000 
53.428700, -116.722200, 1.160000 
52.493600, -115.935000, 0.640000 
52.806700, -116.210000, 0.980000 
52.472000, -110.093900, 0.570000 
52.504700, -110.321700, 0.870000 
50.245900, -111.296200, 1.380000 
56.924300, -115.909600, 0.810000 
52.610400, -114.821800, 1.776000 
58.568700, -119.061500, 1.209000 
55.432900, -111.219800, 0.448000 
56.313200, -111.636200, 13.490000 
57.877200, -119.740900, 1.171000 
53.020800, -112.949800, 2.668000 
54.541800, -110.408400, 0.242000 
56.706200, -110.377600, 2.160000 
56.560600, -119.031700, 0.860000 
52.042900, -114.588800, 0.930000 
53.974300, -114.923900, 0.470000 
49.816400, -112.070100, 0.062000 
52.522900, -111.634000, 0.049000 
49.791100, -112.557000, 0.660000 
49.761900, -113.394800, 0.081000 
52.326500, -114.515200, 0.690000 
52.326500, -114.406800, 0.820000 
54.963600, -117.670700, 0.960000 
58.615900, -119.015700, 1.159000 
58.466800, -118.788700, 1.016000 
58.761500, -118.690400, 0.792000 
49.697836, -112.821799, 2.739000 
50.165900, -110.089100, 0.417000 
55.254700, -118.930800, 0.900000 
55.254700, -118.917800, 0.500000 
54.454400, -119.091700, 0.800000 
55.243600, -118.917800, 0.700000 
51.411700, -114.027600, 0.069000 
56.833400, -113.112100, 0.788000 
57.200900, -112.905700, 1.319000 
59.641800, -118.307800, 2.082000 
54.418100, -116.362000, 1.312000 
54.232500, -116.611500, 0.672000 
54.363300, -116.624000, 0.836000 
54.792900, -115.521700, 4.140000 
54.647300, -115.495800, 3.100000 
52.537600, -111.645900, 0.659000 
53.181200, -114.486800, 0.690000 
52.936200, -114.160900, 1.639000 
53.110500, -115.058300, 0.700000 
53.315900, -114.982200, 0.824000 
56.648300, -115.705700, 0.850000 
54.844900, -115.332400, 1.506000 
52.675900, -110.455200, 1.495000 
56.546600, -115.293500, 1.578000 
53.428700, -115.125800, 2.296000 
56.590200, -115.878400, 3.678000 
52.836500, -110.790500, 0.596000 
50.337100, -111.513600, 1.154000 
53.466600, -115.834900, 0.500000 
52.155700, -110.893800, 3.766000 
52.519400, -110.085200, 2.148000 
53.173900, -114.884600, 0.558000 
50.307500, -110.502500, 0.674000 
52.461400, -114.346900, 0.957000 
53.064700, -116.436900, 0.720000 
53.163100, -117.017800, 0.651000 
57.042500, -111.905000, 5.887000 
55.750400, -119.774500, 0.619000 
55.750400, -119.787600, 0.936000 
56.368500, -115.360700, 0.846000 
53.752300, -117.099300, 0.912000 
51.581600, -113.840400, 0.530000 
52.119200, -115.215400, 0.540000 
55.603900, -119.347800, 0.590000 
54.370800, -116.874800, 0.540000 
52.843100, -115.604700, 0.733000 
55.976100, -119.803900, 1.018000 
52.545700, -114.106000, 0.605000 
50.085600, -111.589000, 0.864000 
50.013100, -112.393100, 1.599000 
50.046300, -112.477200, 1.050000 
50.002300, -112.873400, 4.572000 
52.774000, -112.914300, 1.061000 
54.385300, -118.624900, 0.512000 
54.290800, -118.493200, 0.930000 
54.352500, -118.587100, 1.410000 
58.368300, -118.990000, 0.601000 
50.889400, -114.761800, 1.960000 
49.229200, -114.029100, 6.041000 
49.488900, -113.955100, 8.829000 
52.088200, -115.689400, 0.759000 
51.135900, -114.144900, 1.816000 
51.599900, -115.356900, 1.250000 
52.621200, -112.211500, 0.509000 
53.279500, -111.587000, 0.773000 
53.195900, -111.911200, 0.556000 
53.363200, -111.879500, 0.564000 
50.994100, -113.958300, 2.000000 
53.499900, -113.418000, 0.857000 
55.771100, -119.308900, 1.228000 
53.734200, -118.395600, 0.775000 
52.766700, -116.393000, 0.995000 
54.485300, -118.778300, 1.450000 
54.359700, -119.138900, 1.742000 
55.782200, -119.367200, 1.579000 
54.461800, -111.780100, 0.517000 
53.854300, -117.391200, 0.989000 
55.378300, -118.499700, 1.409000 
56.440600, -119.775700, 0.741000 
54.359700, -118.756300, 1.000000 
54.265300, -116.342000, 0.561000 
54.119800, -116.273100, 1.002000 
53.577900, -116.599000, 1.083000 
53.799800, -116.092200, 0.676000 
54.178700, -117.328400, 2.851000 
55.299700, -119.144300, 0.652000 
52.681000, -110.184000, 0.732000 
52.989300, -114.157900, 0.509000 
52.646900, -110.188000, 1.276000 
52.830300, -116.272200, 1.168000 
53.022200, -116.520800, 0.526000 
52.958200, -114.679900, 0.618000 
52.969200, -116.692500, 2.466000 
56.364200, -119.934300, 0.932000 
55.338100, -118.536700, 1.470000 
50.168300, -112.299800, 0.574000 
50.013100, -112.611500, 1.533000 
56.851800, -115.208100, 0.620000 
52.792000, -112.562700, 0.704000 
55.070800, -118.695000, 1.153000 
53.346200, -113.517200, 22.370000 
53.484800, -115.607600, 0.613000 
53.385100, -115.612800, 0.941000 
52.180900, -113.083200, 0.531000 
53.483200, -115.526400, 0.594000 
52.097300, -114.755700, 0.752000 
52.188200, -110.988300, 1.676000 
49.616400, -111.917300, 6.069000 
50.169400, -112.501500, 1.064000 
55.178300, -117.509900, 0.648000 
54.690800, -115.704500, 0.511000 
54.162360, -115.733900, 4.168000 
49.701100, -112.787800, 9.251000 
53.067000, -115.439900, 0.255000 
54.432500, -116.139700, 1.840000 
54.545400, -114.794200, 0.503000 
52.475700, -111.700100, 0.522000 
52.981500, -112.707700, 28.809000 
49.833300, -111.699800, 15.996000 
55.072800, -116.975700, 0.784000 
56.218700, -116.251300, 0.240000 
56.070600, -119.960500, 0.550000 
55.575800, -119.522400, 0.922000 
54.105400, -117.526500, 3.199000 
54.225300, -118.305200, 0.504000 
55.950000, -110.601900, 0.979000 
49.594700, -111.905900, 1.504000 
57.087200, -112.899500, 0.070000 
52.788400, -113.108500, 0.613000 
56.007600, -113.402800, 6.745000 
54.054200, -118.308700, 0.689000 
54.508900, -117.354500, 0.972000 
54.698600, -110.738900, 0.065000 
54.438200, -119.148800, 4.400000 
53.977900, -116.751200, 3.170000 
55.318300, -116.491800, 0.670000 
50.093100, -110.732800, 0.622000 
52.180900, -110.361600, 0.585000 
53.590480, -116.172680, 1.092000 
51.624500, -112.952600, 0.596000 
53.959800, -111.818700, 0.588000 
53.958000, -118.772800, 0.689000 
55.771200, -115.548700, 1.079000 
56.271846, -111.498890, 0.765000 
54.305300, -119.289100, 0.518000 
54.807300, -115.413300, 2.070000 
54.752900, -115.439200, 0.922000 
54.800000, -115.520600, 2.954000 
54.467300, -110.209200, 16.771000 
54.273400, -110.751000, 8.010000 
54.169000, -115.762200, 20.447000 
52.064800, -111.084200, 0.618000 
53.578344, -115.855642, 0.879000 
52.857600, -115.513900, 0.624000 
53.723400, -116.533700, 0.709000 
50.067500, -112.621200, 0.608000 
53.657900, -116.666800, 0.696000 
55.407500, -119.226700, 0.657000 
50.565900, -112.640300, 0.717000 
56.586100, -118.991700, 0.544000 
51.359000, -112.418700, 0.490000 
52.202900, -112.271500, 0.710000 
52.213700, -114.308200, 3.030000 
52.501200, -111.700100, 2.596000 
52.475700, -110.322500, 0.701000 
56.495700, -115.604300, 4.482000 
56.517000, -116.045500, 5.704000 
52.366500, -110.791600, 0.775000 
51.569700, -114.985200, 0.720000 
52.322900, -110.298300, 0.510000 
49.731100, -113.460100, 0.214000 
49.709466, -112.781685, 0.829000 
53.737500, -113.149000, 6.214000 
52.942400, -113.511100, 36.414000 
51.900900, -111.608400, 0.750000 
52.290100, -112.963800, 0.629000 
56.242200, -117.325200, 14.603000 
52.628400, -110.136100, 0.504000 
54.338100, -116.580100, 0.584000 
55.829400, -119.052200, 0.549000 
55.007200, -116.873400, 1.957000 
57.877300, -118.416500, 0.509000 
52.381200, -112.199200, 0.002000 
54.166900, -118.486900, 0.773000 
50.831400, -110.865000, 1.231000 
52.479300, -111.567800, 0.703000 
49.907500, -112.227600, 0.714000 
58.568700, -119.334300, 0.769000 
51.491800, -114.030200, 1.500000 
52.794000, -111.825900, 2.836000 
53.434200, -111.805800, 3.975000 
51.804500, -113.239900, 1.650000 
50.385800, -113.246500, 0.750000 
52.282900, -113.113200, 0.421000 
50.873400, -114.006600, 0.586000 
51.157000, -114.193200, 0.637000 
53.575400, -113.624100, 205.663000 
53.714800, -113.190000, 0.826000 
57.217500, -110.895000, 14.219000 
52.661200, -110.496900, 0.571000 
52.679300, -110.155200, 1.819000 
49.449200, -113.848500, 1.026000 
50.556100, -114.236300, 0.631000 
54.301700, -118.649900, 0.786000 
56.666700, -111.345100, 14.875000 
55.129200, -118.831100, 0.531000 
52.875700, -111.483300, 0.790000 
54.255800, -116.778100, 0.573000 
51.176500, -114.194900, 53.041000 
51.148400, -114.025100, 5.678000 
53.558800, -113.473700, 18.733000 
50.575600, -113.834900, 0.677000 
49.969200, -110.586600, 0.487000 
52.902800, -113.608300, 0.617000 
53.333710, -113.534620, 0.912000 
51.411700, -114.027000, 12.620000 
55.675000, -119.359800, 1.824000 
51.326800, -110.165300, 1.421000 
51.341500, -110.147900, 1.092000 
54.903200, -115.205800, 1.666000 
50.993800, -113.990000, 23.094000 
54.525200, -118.670400, 1.027000 
56.197600, -116.144500, 2.187000 
50.509600, -111.318200, 0.624000 
53.768900, -112.166400, 0.702000 
56.246400, -119.099000, 1.416000 
52.115800, -110.579400, 5.369000 
53.987100, -117.351500, 1.039000 
53.539800, -113.397000, 20.100000 
52.779300, -115.377100, 0.622000 
50.683000, -111.548000, 7.583000 
56.528300, -116.218500, 2.630000 
50.624800, -111.588500, 1.002000 
56.446200, -115.883200, 1.293000 
56.548000, -115.953600, 0.959000 
50.064300, -112.276400, 1.535000 
49.119100, -113.761500, 0.533000 
53.410600, -112.041500, 13.212000 
53.550000, -113.466700, 2.652000 
53.704800, -113.193700, 1.052000 
56.761700, -111.412900, 0.818000 
55.162700, -118.834100, 0.554000 
52.188500, -110.127000, 1.950000 
58.717000, -118.784300, 1.250000 
50.631900, -111.011300, 1.139000 
54.830200, -118.652600, 0.564000 
51.222600, -114.642900, 1.865000 
54.365500, -118.591300, 0.520000 
58.781600, -118.602700, 2.230000 
50.640600, -114.293200, 5.860000 
52.677900, -110.436100, 0.739000 
52.685100, -110.430200, 1.535000 
52.685100, -110.430200, 0.752000 
52.696000, -110.442400, 0.674000 
52.866800, -110.475800, 0.681000 
50.950500, -113.958000, 0.677000 
56.486500, -114.120400, 0.731000 
54.452300, -114.874300, 1.120000 
54.353900, -114.811100, 0.720000 
54.452800, -116.856300, 1.397000 
52.764900, -114.957500, 0.563000 
52.941200, -118.043000, 4.556000 
56.937100, -113.480800, 0.977000 
58.695200, -114.005000, 3.169000 
57.066400, -118.029400, 0.514000 
55.714000, -115.898300, 1.258000 
58.727600, -111.136400, 11.593000 
52.478300, -111.743500, 0.503000 
50.593000, -111.492000, 1.288000 
53.175900, -115.271100, 1.913000 
50.542800, -113.977200, 0.083000 
55.160200, -118.818400, 45.000000 
54.870400, -117.652600, 0.531000 
49.809300, -111.678300, 0.522000 
49.867000, -111.383000, 4.824000 
53.559400, -113.347200, 3.660000 
54.198400, -119.053700, 0.867000 
51.071400, -115.132000, 2.551000 
56.623600, -119.913600, 1.610000 
50.701400, -111.554300, 1.096000 
51.570600, -113.688200, 0.628000 
51.770800, -113.622100, 0.697000 
50.098900, -112.495700, 0.414000 
55.634000, -115.938400, 0.990000 
52.361000, -113.819400, 0.139000 
52.549200, -113.840800, 0.943000 
49.720000, -113.500300, 2.316000 
53.599500, -111.416200, 1.412000 
55.714100, -115.899700, 1.512000 
54.522500, -117.419200, 1.386000 
54.866900, -118.798100, 1.016000 
54.477900, -117.590300, 0.532000 
49.314400, -110.528300, 0.770000 
55.655900, -119.658300, 0.729000 
52.592300, -111.663300, 0.555000 
54.040000, -114.130000, 2.542000 
56.482100, -117.963100, 0.713000 
54.247500, -110.686500, 4.664000 
50.518000, -111.728000, 0.540000 
53.936200, -113.499600, 0.800000 
54.754400, -115.610800, 0.860000 
51.872400, -112.841200, 0.930000 
55.103300, -119.192300, 1.016000 
55.092400, -119.186000, 1.690000 
55.655800, -118.688900, 1.011000 
55.516000, -118.782000, 0.691000 
55.488500, -119.270600, 0.713000 
53.070800, -116.189600, 1.174000 
53.573300, -116.231900, 0.693000 
56.109900, -111.042100, 0.795000 
53.221600, -114.973300, 21.902000 
55.278800, -114.766600, 21.101000 
55.118600, -118.361300, 36.270000 
53.341300, -115.395600, 0.537000 
54.171000, -118.334400, 1.840000 
50.485300, -111.171600, 3.452000 
55.373190, -114.747800, 31.699000 
53.745100, -113.235600, 2.386000 
52.233800, -111.653700, 1.050000 
52.306600, -112.341300, 1.600000 
52.262900, -111.582600, 0.430000 
52.248400, -111.618200, 0.070000 
52.262900, -111.570800, 0.360000 
52.639900, -111.273500, 95.804000 
52.675000, -114.717500, 1.003000 
54.335900, -119.009200, 0.832000 
54.342700, -110.328700, 4.500000 
52.262900, -111.618200, 0.340000 
52.110100, -110.968400, 1.600000 
53.000000, -113.321000, 0.638000 
54.587000, -115.157000, 0.544000 
52.650200, -115.276900, 0.820000 
52.640400, -115.241600, 0.820000 
54.201400, -117.010500, 0.520000 
52.576500, -115.401600, 1.500000 
51.094400, -114.049700, 287.475000 
52.457500, -110.313700, 0.591000 
53.477900, -111.936300, 0.500000 
54.675800, -115.393900, 0.553000 
54.668600, -115.293200, 1.203000 
54.197700, -116.761000, 0.511000 
51.030100, -114.041200, 1.498000 
53.543600, -113.494000, 2.288000 
51.030100, -114.041200, 0.815000 
53.561900, -113.506000, 0.726000 
53.343700, -113.184000, 0.621000 
54.285000, -115.698200, 1.940000 
52.196969, -112.869740, 0.640000 
51.436100, -111.824500, 1.010000 
50.290800, -110.486300, 0.527000 
55.250000, -116.290000, 1.891000 
52.380000, -114.140000, 2.019000 
52.866700, -112.200000, 10.100000 
51.435000, -111.755000, 7.700000 
53.329400, -114.290300, 10.500000 
54.409000, -118.753000, 1.910000 
53.034200, -115.290800, 1.100000 
52.514000, -115.042200, 0.700000 
52.181100, -111.031700, 0.523000 
49.591390, -114.028330, 1.126000 
50.266657, -112.836800, 1.553000 
52.776000, -110.484500, 0.896000 
52.684900, -110.460500, 0.565000 
52.688500, -110.454500, 0.579000 
52.692200, -110.448500, 0.798000 
53.870300, -117.088800, 0.533000 
52.295400, -115.825300, 1.866000 
54.521600, -119.520700, 0.878000 
57.288700, -111.886800, 16.291000 
52.030100, -112.886600, 1.040000 
51.950100, -112.805400, 0.780000 
55.842400, -119.691800, 0.725000 
54.623400, -118.192200, 0.630000 
54.488700, -116.821400, 0.946000 
54.125100, -116.816700, 0.618000 
53.041000, -115.864000, 0.524000 
50.702200, -113.923000, 2.880000 
51.175200, -114.188000, 10.227000 
53.379400, -117.634100, 1.007000 
51.002100, -113.897900, 1.413000 
50.835100, -113.390600, 18.277000 
50.875400, -114.002900, 17.579000 
51.157600, -114.191600, 29.695000 
53.678600, -113.804600, 22.777000 
53.007200, -117.327200, 158.273000 
53.693700, -113.844600, 48.013000 
55.667600, -113.785200, 24.927000 
52.494100, -113.852000, 36.974000 
50.845000, -111.684000, 13.550000 
55.998000, -118.532200, 2.349000 
54.518400, -110.905000, 0.659000 
54.863300, -119.001700, 0.891000 
54.352100, -119.460100, 0.892000 
59.253700, -119.084100, 0.932000 
57.347300, -119.552100, 0.947000 
53.066800, -115.412200, 0.460000 
52.102500, -114.390500, 0.535000 
52.102500, -114.426100, 0.777000 
51.887800, -114.647300, 0.713000 
56.517400, -115.693200, 0.796000 
53.688100, -111.365700, 0.842000 
55.774800, -119.468600, 3.069000 
54.594100, -117.186100, 0.045000 
52.766900, -113.804400, 0.659000 
51.949100, -111.277700, 0.660000 
55.713300, -118.771000, 0.960000 
54.179500, -116.685600, 0.638000 
55.394200, -119.304400, 0.889000 
56.193600, -110.950600, 13.104000 
55.096100, -119.185900, 1.690000 
55.110500, -119.185900, 5.389000 
55.449200, -114.808500, 1.074000 
55.527900, -110.873800, 1.545000 
53.831500, -112.962700, 0.548000 
50.569800, -112.131500, 0.749000 
51.825500, -110.338700, 0.962000 
52.149600, -114.422400, 2.207000 
51.991900, -110.841300, 1.588000 
54.365500, -118.325700, 0.979000 
52.006600, -110.870900, 1.613000 
53.666600, -115.632200, 0.563000 
51.821700, -110.350400, 0.859000 
51.152400, -113.135700, 0.647000 
53.176000, -115.491600, 0.569000 
51.950100, -114.594000, 0.694000 
51.964000, -114.740700, 0.694000 
51.749600, -114.819000, 0.697000 
55.666400, -110.714000, 0.490000 
56.542800, -114.955400, 1.004000 
56.586400, -115.121900, 0.734000 
56.619100, -115.141500, 0.620000 
56.608300, -115.134900, 0.606000 
52.211700, -114.427000, 0.510000 
52.446800, -113.622500, 0.970000 
52.379300, -114.448100, 1.190000 
52.918000, -113.351000, 0.558000 
52.917900, -112.765000, 0.604000 
54.441400, -115.158000, 0.628000 
54.554000, -115.113600, 1.034000 
56.411700, -110.937600, 28.720000 
53.019700, -112.193800, 1.606000 
53.072300, -112.792900, 0.658000 
55.212200, -117.921200, 1.085000 
55.247800, -115.069300, 1.820000 
55.248000, -115.083800, 0.680000 
55.227500, -115.057800, 0.650000 
52.112000, -112.984200, 0.580000 
53.092300, -115.241600, 1.502000 
53.193900, -115.291900, 0.877000 
53.193900, -115.291900, 0.977000 
53.734700, -113.683700, 0.565000 
52.707500, -115.025700, 0.623000 
52.652300, -115.077200, 0.956000 
55.266900, -114.595000, 0.565000 
53.055900, -114.936400, 0.510000 
55.047200, -114.447300, 0.516000 
55.103200, -114.469000, 0.852000 
53.173900, -114.884600, 0.758000 
52.395800, -110.504900, 1.484000 
56.546500, -115.248000, 1.300000 
56.925000, -115.902600, 3.142000 
56.099300, -116.320800, 2.970000 
54.590500, -115.856500, 1.360000 
52.366200, -114.596000, 0.549000 
52.594100, -114.879300, 1.143000 
52.652300, -115.077200, 0.689000 
51.898100, -113.567200, 0.811000 
54.323000, -110.250000, 0.624000 
54.656560, -119.915230, 1.219000 
52.817000, -110.537500, 0.882000 
52.819800, -110.575300, 0.578000 
52.695800, -110.454400, 1.067000 
53.237700, -113.759700, 1.550000 
56.465700, -112.844900, 0.124000 
50.653900, -111.680800, 0.570000 
50.644600, -111.749400, 0.749000 
50.671400, -112.044600, 1.360000 
50.635800, -111.755800, 0.778000 
50.073900, -111.951000, 0.721000 
52.181200, -111.055500, 1.075000 
57.545800, -119.110200, 0.947000 
53.176000, -115.272300, 0.770000 
55.662600, -111.257700, 0.147000 
57.486000, -113.793600, 1.717000 
53.975700, -117.287500, 0.867000 
55.997100, -113.473700, 2.440000 
56.284800, -116.111700, 0.630000 
51.716800, -114.642400, 0.586000 
53.812700, -114.728000, 1.814000 
55.640500, -117.119300, 3.112000 
53.791200, -114.612900, 1.342000 
55.489500, -118.325200, 0.547000 
53.499200, -116.805300, 0.450000 
54.612700, -118.213800, 1.247000 
56.191100, -118.887100, 1.656000 
52.211100, -113.268100, 7.163000 
52.142200, -114.809600, 0.749000 
56.143400, -119.360900, 4.488000 
50.224500, -111.456600, 0.783000 
50.562600, -111.411100, 1.227000 
50.604200, -111.545900, 0.632000 
50.592100, -111.403800, 0.684000 
50.476800, -111.505900, 1.080000 
51.970900, -111.028600, 0.617000 
50.417300, -111.519600, 0.905000 
53.975600, -117.287000, 1.775000 
53.785591, -110.559210, 0.756000 
53.440800, -111.001100, 0.034000 
