54.923116, -112.861867, 30.300000 
55.996700, -118.533600, 5.668000 
55.996700, -118.533600, 5.668000 
56.377200, -117.175600, 15.206000 
56.377200, -117.175600, 15.206000 
53.288500, -110.018300, 0.217000 
53.288500, -110.018300, 0.217000 
53.048100, -113.921000, 9.328000 
53.048100, -113.921000, 9.328000 
50.747700, -114.494700, 209.989000 
50.747700, -114.494700, 209.989000 
54.572300, -115.522900, 0.675000 
54.572300, -115.522900, 0.675000 
54.596400, -110.395000, 30.001000 
54.596400, -110.395000, 30.001000 
55.335900, -119.223000, 3.061000 
55.335900, -119.223000, 3.061000 
50.647500, -113.772000, 2.080000 
50.647500, -113.772000, 2.080000 
54.194400, -116.632200, 178.193000 
54.194400, -116.632200, 178.193000 
53.245000, -115.674300, 1.186000 
53.245000, -115.674300, 1.186000 
53.746900, -113.164500, 1.972000 
53.746900, -113.164500, 1.972000 
51.742300, -114.134500, 24.178000 
51.742300, -114.134500, 24.178000 
52.959300, -115.893800, 11.056000 
52.959300, -115.893800, 11.056000 
52.776100, -115.660700, 1.971000 
52.776100, -115.660700, 1.971000 
52.758100, -114.111600, 7.489000 
52.758100, -114.111600, 7.489000 
52.226300, -115.177000, 32.442000 
52.226300, -115.177000, 32.442000 
51.534800, -114.203700, 22.833000 
51.534800, -114.203700, 22.833000 
55.725100, -119.399900, 37.440000 
55.725100, -119.399900, 37.440000 
51.191300, -113.940900, 83.424000 
51.191300, -113.940900, 83.424000 
53.733200, -113.486200, 1.895000 
53.733200, -113.486200, 1.895000 
49.305200, -114.000300, 195.750000 
49.305200, -114.000300, 195.750000 
51.039600, -114.559000, 113.500000 
51.039600, -114.559000, 113.500000 
51.965500, -114.753600, 224.690000 
51.965500, -114.753600, 224.690000 
53.722900, -113.174000, 0.075000 
53.722900, -113.174000, 0.075000 
53.652000, -116.099200, 8.978000 
53.652000, -116.099200, 8.978000 
54.423300, -117.760400, 8.478000 
54.423300, -117.760400, 8.478000 
57.003300, -111.466100, 411.238000 
57.003300, -111.466100, 411.238000 
57.040500, -111.619200, 223.461000 
57.040500, -111.619200, 223.461000 
51.570800, -114.851700, 145.060000 
51.570800, -114.851700, 145.060000 
55.071200, -118.691200, 36.009000 
55.071200, -118.691200, 36.009000 
53.413300, -117.570600, 19.380000 
53.413300, -117.570600, 19.380000 
53.541700, -113.391700, 9.404000 
53.541700, -113.391700, 9.404000 
53.181200, -115.762500, 40.759000 
53.181200, -115.762500, 40.759000 
51.219500, -114.645400, 15.321000 
51.219500, -114.645400, 15.321000 
54.833300, -118.646700, 12.921000 
54.833300, -118.646700, 12.921000 
52.553700, -111.694000, 2.515000 
52.553700, -111.694000, 2.515000 
53.204500, -116.811200, 524.926000 
53.204500, -116.811200, 524.926000 
53.550500, -113.358900, 7.025000 
53.550500, -113.358900, 7.025000 
58.555500, -118.915900, 2.454000 
58.555500, -118.915900, 2.454000 
51.526000, -113.880000, 45.579000 
51.526000, -113.880000, 45.579000 
51.696900, -114.475000, 2.666000 
51.696900, -114.475000, 2.666000 
54.185400, -116.210400, 87.024000 
54.185400, -116.210400, 87.024000 
54.427200, -116.884300, 154.255000 
54.427200, -116.884300, 154.255000 
53.132300, -115.981700, 96.481000 
53.132300, -115.981700, 96.481000 
55.481900, -119.059200, 22.656000 
55.481900, -119.059200, 22.656000 
53.721800, -113.192700, 0.001000 
53.721800, -113.192700, 0.001000 
57.546300, -119.112600, 1.388000 
57.546300, -119.112600, 1.388000 
53.250200, -115.555500, 36.201000 
53.250200, -115.555500, 36.201000 
55.489100, -119.750800, 19.120000 
55.489100, -119.750800, 19.120000 
53.557500, -116.547200, 39.832000 
53.557500, -116.547200, 39.832000 
53.902300, -115.189300, 0.212000 
53.902300, -115.189300, 0.212000 
57.298900, -111.503300, 4.742000 
57.298900, -111.503300, 4.742000 
53.544400, -113.366200, 0.571000 
53.544400, -113.366200, 0.571000 
56.981400, -111.475800, 1.008000 
56.981400, -111.475800, 1.008000 
53.543100, -117.797900, 0.451000 
53.543100, -117.797900, 0.451000 
52.588100, -111.206100, 0.476000 
52.588100, -111.206100, 0.476000 
55.393100, -110.738300, 0.018000 
55.393100, -110.738300, 0.018000 
57.054200, -111.917200, 2.275000 
57.054200, -111.917200, 2.275000 
53.388600, -115.315800, 7.480000 
53.388600, -115.315800, 7.480000 
50.653300, -111.166100, 1.955000 
50.653300, -111.166100, 1.955000 
59.641800, -118.307800, 2.397000 
59.641800, -118.307800, 2.397000 
52.963700, -111.364700, 0.129000 
52.963700, -111.364700, 0.129000 
57.217500, -110.895000, 14.893000 
57.217500, -110.895000, 14.893000 
52.639900, -111.273500, 1.781000 
52.639900, -111.273500, 1.781000 
54.285000, -115.698200, 1.420000 
54.285000, -115.698200, 1.420000 
