53.344000, -114.305000, 0.127790 
54.596400, -110.395000, 0.007393 
52.564700, -112.141400, 0.103597 
51.531700, -111.786100, 0.094239 
54.007100, -119.104000, 0.004060 
54.775000, -115.218600, 0.000379 
53.529100, -113.387500, 0.013920 
49.713599, -112.796397, 0.000046 
57.003300, -111.466100, 0.050898 
57.040500, -111.619200, 0.030734 
53.560000, -114.486200, 0.052900 
53.508500, -114.557100, 0.319600 
53.448700, -114.449100, 0.127200 
53.795900, -113.099600, 0.000557 
53.541700, -113.391700, 0.005912 
53.550500, -113.358900, 0.004930 
53.581600, -113.599100, 0.009294 
51.058900, -115.174500, 0.022220 
52.827500, -110.859600, 0.001018 
51.068200, -115.136400, 0.000929 
53.591200, -113.344600, 0.000650 
53.866900, -110.644900, 0.000001 
