53.539700, -113.409200, 12.130000 
56.377200, -117.175600, 262.407000 
53.344000, -114.305000, 1003.276000 
53.733200, -113.175000, 43.853000 
53.288500, -110.018300, 1.517000 
52.146300, -115.330000, 5.700000 
53.048100, -113.921000, 16.299000 
54.596400, -110.395000, 68.794000 
54.194400, -116.632200, 20.710000 
54.144400, -115.691700, 0.730000 
49.789400, -112.126100, 235.712000 
54.179100, -115.806000, 3.231000 
52.564700, -112.141400, 1283.684000 
51.531700, -111.786100, 383.433000 
54.007100, -119.104000, 461.000000 
50.675600, -110.025000, 451.871000 
53.529100, -113.387500, 154.866000 
53.572500, -113.360600, 11.486000 
53.571700, -113.349800, 118.500000 
52.758100, -114.111600, 19.446000 
53.089200, -116.805900, 64.773000 
52.308300, -113.550000, 434.963000 
49.713599, -112.796397, 4.844000 
49.305200, -114.000300, 22.647000 
51.039600, -114.559000, 17.400000 
51.965500, -114.753600, 13.331000 
56.380600, -116.795000, 9.637000 
53.722900, -113.174000, 0.081000 
53.721700, -113.191700, 126.929000 
53.841600, -113.097900, 356.100000 
57.003300, -111.466100, 2463.095000 
57.040500, -111.619200, 4711.574000 
53.560000, -114.486200, 432.996000 
53.508500, -114.557100, 2983.282000 
53.448700, -114.449100, 834.003000 
52.385800, -113.595000, 11.220000 
50.031100, -110.641000, 11.270000 
51.181625, -114.472100, 11.488000 
52.033030, -113.938910, 78.817000 
53.227700, -114.988900, 214.400000 
53.593060, -116.390300, 159.900000 
51.570800, -114.851700, 3.679000 
50.846700, -113.581170, 56.600000 
55.071200, -118.691200, 144.687000 
53.795900, -113.099600, 11.502000 
53.804200, -113.082400, 14.465000 
53.413300, -117.570600, 548.090000 
50.845800, -113.586700, 121.000000 
53.541700, -113.391700, 802.736000 
50.086600, -110.716700, 51.110000 
53.550500, -113.358900, 131.760000 
55.248100, -114.514000, 9.965000 
54.772900, -110.579000, 47.598000 
53.132300, -115.981700, 156.314000 
53.728270, -113.235520, 38.116000 
53.283800, -110.031900, 26.856000 
51.789600, -114.702800, 72.768000 
49.701943, -112.803037, 50.399000 
54.238200, -115.379700, 82.400000 
53.721800, -113.192700, 7.623000 
53.725400, -113.193000, 70.000000 
55.029800, -118.744000, 476.775000 
55.273300, -114.599700, 5.987000 
55.162300, -118.816600, 37.960000 
50.848000, -113.581300, 0.022000 
50.597600, -111.881800, 24.810000 
50.583700, -113.871100, 21.206000 
53.581600, -113.599100, 144.448000 
55.432500, -116.486000, 60.488000 
52.095600, -114.799300, 6.710000 
51.058900, -115.174500, 912.700000 
53.908300, -118.816700, 9.350000 
50.058200, -110.728200, 63.569000 
54.133300, -115.366600, 54.682000 
57.218000, -111.027000, 21.000000 
55.268600, -114.584700, 2.595000 
58.194700, -116.350400, 24.834000 
58.518800, -117.119500, 200.875000 
54.587200, -112.803100, 0.107000 
58.501200, -117.145600, 194.000000 
53.616600, -115.711100, 0.039000 
50.543800, -111.795000, 0.028000 
53.740700, -113.023100, 81.019000 
57.298900, -111.503300, 68.709000 
54.846700, -112.567500, 0.414000 
54.926900, -111.936100, 0.331000 
52.308300, -113.550000, 381.347000 
53.402700, -117.599300, 35.265000 
55.069600, -110.536100, 21.410000 
57.351700, -111.522200, 23.250000 
51.154200, -114.187700, 33.859000 
51.028800, -114.044800, 24.194000 
51.024500, -114.025000, 39.800000 
52.315900, -113.850000, 29.598000 
51.015020, -114.026480, 115.659000 
51.068200, -115.136400, 215.817000 
53.862700, -110.639000, 24.383000 
53.431000, -117.540600, 1.843000 
53.010600, -112.810000, 13.793000 
52.255700, -113.886000, 6.845000 
53.645100, -114.130200, 11.641000 
53.571300, -113.339300, 32.660000 
53.066500, -117.404800, 700.200000 
53.943200, -113.596900, 164.000000 
53.651700, -113.265800, 75.032000 
53.559040, -113.693580, 10.871000 
53.565150, -113.364550, 9.121000 
50.991500, -114.030100, 7.130000 
51.065300, -115.221100, 17.040000 
55.736900, -117.185800, 165.381000 
55.757600, -118.696700, 77.943000 
53.550100, -113.775600, 116.834000 
53.501040, -113.489732, 21.689000 
52.375200, -114.921600, 25.150000 
51.020210, -114.019246, 27.936000 
49.784800, -112.151000, 18.493000 
51.488700, -113.153900, 0.735000 
55.265600, -114.601400, 2.166000 
55.943900, -119.923100, 0.200000 
49.698011, -112.823139, 0.447000 
53.561500, -116.577900, 92.565000 
49.697836, -112.821799, 5.809000 
51.411700, -114.027600, 0.084000 
57.042500, -111.905000, 5.932000 
49.229200, -114.029100, 7.539000 
49.488900, -113.955100, 11.064000 
53.346200, -113.517200, 22.370000 
54.162360, -115.733900, 57.886000 
49.701100, -112.787800, 46.865000 
53.067000, -115.439900, 0.255000 
52.981500, -112.707700, 75.494000 
49.833300, -111.699800, 95.560000 
54.467300, -110.209200, 47.702000 
54.169000, -115.762200, 58.160000 
49.731100, -113.460100, 0.293000 
52.942400, -113.511100, 36.414000 
56.242200, -117.325200, 41.538000 
51.489800, -112.888700, 0.731000 
53.575400, -113.624100, 359.911000 
57.217500, -110.895000, 14.219000 
51.176500, -114.194900, 111.150000 
51.148400, -114.025100, 22.435000 
53.558800, -113.473700, 40.906000 
50.993800, -113.990000, 28.739000 
53.539800, -113.397000, 20.100000 
55.160200, -118.818400, 60.714000 
51.071400, -115.132000, 4.932000 
52.361000, -113.819400, 0.516000 
52.549200, -113.840800, 3.951000 
49.720000, -113.500300, 9.836000 
53.599500, -111.416200, 6.093000 
53.221600, -114.973300, 38.328000 
55.278800, -114.766600, 36.926000 
55.118600, -118.361300, 63.472000 
55.373190, -114.747800, 31.699000 
52.639900, -111.273500, 375.688000 
51.094400, -114.049700, 287.475000 
52.866700, -112.200000, 21.400000 
51.435000, -111.755000, 16.300000 
53.329400, -114.290300, 22.100000 
57.288700, -111.886800, 16.290000 
50.702200, -113.923000, 8.208000 
51.175200, -114.188000, 29.148000 
50.835100, -113.390600, 62.720000 
50.875400, -114.002900, 60.309000 
51.157600, -114.191600, 103.142000 
53.678600, -113.804600, 60.493000 
53.007200, -117.327200, 304.898000 
53.693700, -113.844600, 110.328000 
55.667600, -113.785200, 54.755000 
52.494100, -113.852000, 91.341000 
50.845000, -111.684000, 54.605000 
55.666400, -110.714000, 0.518000 
56.411700, -110.937600, 28.720000 
