56.377200, -117.175600, 0.006872 
53.344000, -114.305000, 0.476612 
53.579900, -113.576400, 0.129000 
50.992000, -114.059000, 0.001590 
54.775000, -115.218600, 0.000422 
53.529100, -113.387500, 0.425814 
57.003300, -111.466100, 0.477261 
57.040500, -111.619200, 0.298753 
53.560000, -114.486200, 0.027329 
53.508500, -114.557100, 0.482816 
53.448700, -114.449100, 0.420433 
53.593060, -116.390300, 0.004000 
53.413300, -117.570600, 0.019888 
53.533000, -113.411500, 0.001381 
53.541700, -113.391700, 0.081540 
53.550500, -113.358900, 0.033332 
55.248100, -114.514000, 0.000023 
55.273300, -114.599700, 0.000028 
53.581600, -113.599100, 0.007251 
51.058900, -115.174500, 0.021730 
53.402700, -117.599300, 0.006866 
51.068200, -115.136400, 0.000065 
53.591200, -113.344600, 0.005180 
55.160200, -118.818400, 0.053886 
53.560600, -113.509700, 0.000088 
