56.377200, -117.175600, 119.219000 
54.144400, -115.691700, 0.158000 
49.789400, -112.126100, 42.024000 
52.322100, -113.516600, 54.139000 
53.571700, -113.349800, 61.667000 
53.721700, -113.191700, 40.985000 
53.841600, -113.097900, 2021.840000 
57.040500, -111.619200, 1021.542000 
53.560000, -114.486200, 35.639000 
50.846700, -113.581170, 15.000000 
55.071200, -118.691200, 68.171000 
53.804200, -113.082400, 1.469000 
53.413300, -117.570600, 38.165000 
50.845800, -113.586700, 1837.000000 
53.541700, -113.391700, 0.839000 
53.204500, -116.811200, 8.699000 
50.086600, -110.716700, 2151.993000 
55.248100, -114.514000, 2.680000 
53.319300, -113.518000, 1.034000 
53.721800, -113.192700, 176.048000 
53.725400, -113.193000, 696.500000 
53.394200, -113.570700, 0.070000 
50.597600, -111.881800, 12.990000 
51.000700, -113.965670, 0.261000 
51.012800, -114.022000, 319.875000 
50.912700, -114.011800, 58.410000 
53.719000, -113.205600, 36.400000 
53.560800, -113.415300, 209.000000 
53.567200, -113.599300, 1.837000 
52.308800, -113.790000, 35.520000 
53.628800, -113.307700, 67.000000 
50.385800, -113.246500, 1.792000 
53.714800, -113.190000, 1.794000 
55.160200, -118.818400, 65.459000 
51.033900, -114.037800, 1.488000 
