53.582300, -113.588600, 36.020000 
55.996700, -118.533600, 82.718000 
53.539700, -113.409200, 384.000000 
56.377200, -117.175600, 159.841000 
53.344000, -114.305000, 23.462000 
53.733200, -113.175000, 234.797000 
53.288500, -110.018300, 49.705000 
52.146300, -115.330000, 17.200000 
53.048100, -113.921000, 689.981000 
50.747700, -114.494700, 324.617000 
54.952700, -119.195300, 57.893000 
53.952700, -113.078000, 80.208000 
54.572300, -115.522900, 100.852000 
54.596400, -110.395000, 209.348000 
55.335900, -119.223000, 68.370000 
50.987300, -113.971000, 166.929000 
50.647500, -113.772000, 29.040000 
54.194400, -116.632200, 300.709000 
53.245000, -115.674300, 95.946000 
53.746900, -113.164500, 355.277000 
51.419100, -114.027000, 349.878000 
51.742300, -114.134500, 106.054000 
52.496000, -114.988000, 22.369000 
50.675600, -110.025000, 56.826000 
53.529100, -113.387500, 67.264000 
53.572500, -113.360600, 36.539000 
53.571700, -113.349800, 37.400000 
52.959300, -115.893800, 219.148000 
52.776100, -115.660700, 122.688000 
52.758100, -114.111600, 386.785000 
52.226300, -115.177000, 191.839000 
51.534800, -114.203700, 131.197000 
58.500000, -119.416700, 62.010000 
49.720100, -112.781900, 58.020000 
55.725100, -119.399900, 93.777000 
52.308300, -113.550000, 319.353000 
49.713599, -112.796397, 1063.819000 
51.191300, -113.940900, 235.176000 
49.305200, -114.000300, 290.064000 
51.039600, -114.559000, 313.700000 
51.965500, -114.753600, 282.860000 
56.380600, -116.795000, 1016.251000 
53.722900, -113.174000, 2.700000 
53.841600, -113.097900, 77.920000 
53.652000, -116.099200, 199.108000 
54.423300, -117.760400, 105.565000 
57.003300, -111.466100, 27600.341000 
57.040500, -111.619200, 11313.098000 
53.560000, -114.486200, 43.949000 
53.508500, -114.557100, 265.907000 
53.448700, -114.449100, 108.858000 
53.506100, -113.397900, 22.380000 
52.385800, -113.595000, 243.222000 
51.181625, -114.472100, 39.399000 
51.022770, -114.027660, 1275.220000 
52.033030, -113.938910, 95.599000 
53.227700, -114.988900, 338.800000 
53.593060, -116.390300, 267.800000 
55.269500, -114.598300, 46.209000 
51.570800, -114.851700, 227.435000 
55.071200, -118.691200, 251.092000 
53.795900, -113.099600, 115.053000 
53.804200, -113.082400, 68.960000 
53.413300, -117.570600, 176.475000 
50.983000, -113.988400, 62.929000 
50.845800, -113.586700, 120.000000 
53.559400, -113.597500, 8.214000 
53.541700, -113.391700, 785.982000 
53.181200, -115.762500, 42.055000 
51.219500, -114.645400, 34.502000 
50.805300, -110.034900, 459.250000 
54.833300, -118.646700, 69.039000 
54.524700, -116.794300, 208.069000 
52.553700, -111.694000, 20.128000 
54.130900, -115.546700, 45.329000 
53.204500, -116.811200, 656.397000 
50.086600, -110.716700, 273.247000 
53.550500, -113.358900, 672.605000 
58.555500, -118.915900, 88.704000 
51.526000, -113.880000, 145.971000 
51.696900, -114.475000, 125.419000 
53.531993, -113.364925, 63.390000 
53.022700, -112.811400, 127.050000 
54.772900, -110.579000, 260.311000 
54.185400, -116.210400, 232.588000 
51.400100, -114.034300, 87.913000 
53.757500, -113.149900, 132.875000 
54.427200, -116.884300, 323.952000 
53.132300, -115.981700, 152.716000 
52.035300, -115.137700, 119.197000 
53.456206, -113.487312, 109.616000 
53.728270, -113.235520, 112.384000 
49.476100, -112.652500, 16.141000 
54.510900, -115.511700, 144.204000 
53.283800, -110.031900, 246.570000 
53.504000, -113.450200, 0.051000 
55.481900, -119.059200, 23.130000 
51.789600, -114.702800, 94.203000 
49.701943, -112.803037, 614.311000 
54.238200, -115.379700, 589.000000 
51.001700, -113.994000, 10.050000 
51.034710, -114.025600, 34.520000 
53.725400, -113.193000, 15.960000 
55.029800, -118.744000, 707.394000 
55.041500, -119.631000, 65.342000 
51.005290, -114.058570, 130.555000 
55.273300, -114.599700, 55.794000 
55.162300, -118.816600, 107.290000 
49.628100, -114.571900, 12.828000 
57.546300, -119.112600, 149.669000 
50.597600, -111.881800, 32.890000 
50.583700, -113.871100, 76.791000 
53.250200, -115.555500, 74.029000 
55.489100, -119.750800, 27.490000 
53.581600, -113.599100, 0.042000 
53.571290, -113.355400, 8.577000 
55.876700, -119.301100, 47.780000 
51.222500, -114.495600, 50.234000 
53.506740, -113.396252, 32.115000 
51.295600, -114.014600, 102.480000 
55.432500, -116.486000, 90.979000 
53.557500, -116.547200, 115.025000 
59.063100, -118.875700, 59.103000 
53.817200, -113.133600, 28.256000 
51.000700, -113.965670, 10.892000 
51.012800, -114.022000, 117.539000 
50.912700, -114.011800, 21.578000 
52.327100, -112.718300, 112.110000 
56.904200, -117.633600, 21.890000 
53.670500, -115.762200, 16.275000 
51.010160, -113.964210, 27.977000 
53.908300, -118.816700, 36.300000 
50.058200, -110.728200, 20.516000 
54.133300, -115.366600, 96.034000 
55.074200, -117.274200, 64.120000 
55.268600, -114.584700, 28.571000 
54.394900, -116.809000, 10.400000 
58.194700, -116.350400, 14.350000 
53.532000, -113.394000, 11.913000 
53.563200, -113.634800, 34.023000 
49.729139, -112.781105, 17.892000 
53.799100, -113.080700, 11.420000 
58.518800, -117.119500, 1470.532000 
54.139800, -115.689100, 108.460000 
54.587200, -112.803100, 37.880000 
53.616600, -115.711100, 159.738000 
53.170200, -114.975000, 22.790000 
53.745000, -110.810800, 17.618000 
53.902300, -115.189300, 100.380000 
53.740700, -113.023100, 252.418000 
50.981270, -113.971610, 48.539000 
52.212400, -113.843700, 33.174000 
52.228400, -114.397700, 121.863000 
53.550690, -113.349600, 812.473000 
53.593600, -113.335600, 8.450000 
52.674300, -111.311600, 13.455000 
57.298900, -111.503300, 16418.053000 
50.664700, -113.784200, 11.510000 
54.846700, -112.567500, 1.238000 
54.926900, -111.936100, 0.989000 
49.303500, -113.794000, 21.024000 
52.308300, -113.550000, 0.036000 
51.910600, -114.668100, 29.909000 
52.405800, -114.391900, 23.550000 
53.286400, -110.017800, 19.955000 
52.656700, -111.311900, 33.896000 
53.402700, -117.599300, 108.242000 
50.577200, -111.178100, 44.547000 
56.981400, -111.462500, 34.658000 
52.869000, -115.101000, 11.568000 
50.671900, -110.028900, 26.330000 
53.091100, -111.768600, 38.126000 
55.069600, -110.536100, 42.850000 
53.373100, -116.086000, 129.521000 
52.301100, -113.856100, 14.650000 
57.351700, -111.522200, 2521.272000 
53.628800, -113.307700, 31.300000 
50.959200, -113.981200, 305.490000 
53.527200, -113.354800, 480.170000 
51.001000, -114.061200, 263.776000 
51.024500, -114.025000, 0.750000 
52.315900, -113.850000, 296.130000 
50.697800, -111.531000, 13.419000 
53.481700, -113.489000, 23.274000 
51.015020, -114.026480, 35.001000 
51.016000, -114.061400, 10.000000 
53.431000, -117.540600, 0.620000 
53.010600, -112.810000, 1.151000 
52.255700, -113.886000, 4.769000 
53.645100, -114.130200, 2.362000 
53.544400, -113.366200, 129.239000 
51.024190, -114.035300, 129.290000 
53.571300, -113.339300, 14.290000 
53.573900, -113.597100, 97.079000 
56.981400, -111.475800, 192.431000 
53.543100, -117.797900, 90.014000 
52.588100, -111.206100, 26.981000 
57.054200, -111.917200, 118.484000 
53.319800, -113.571800, 11.814000 
51.004250, -114.050900, 22.680000 
53.576230, -113.595660, 121.009000 
53.501040, -113.489732, 7.611000 
52.375200, -114.921600, 120.547000 
50.963600, -113.976680, 956.533000 
53.530040, -113.402010, 844.967000 
51.045078, -114.092040, 12.032000 
52.412900, -114.407600, 34.545000 
52.046500, -114.588800, 10.950000 
54.359600, -116.152900, 10.669000 
50.471500, -111.606500, 115.656000 
58.568700, -119.201500, 17.273000 
53.890700, -117.354000, 68.732000 
55.396400, -119.599700, 28.347000 
50.129400, -111.908400, 76.646000 
55.720300, -119.406100, 12.090000 
55.116400, -116.712300, 136.117000 
52.746800, -112.988000, 15.285000 
51.977300, -111.173400, 10.122000 
52.104400, -110.695000, 41.271000 
51.977300, -110.486900, 13.647000 
54.785300, -117.658000, 12.704000 
51.488700, -113.153900, 10.072000 
53.416800, -113.917700, 14.451000 
53.861500, -114.756100, 12.476000 
51.911800, -114.512900, 11.357000 
51.897200, -115.040200, 17.613000 
51.948100, -115.081600, 10.196000 
52.090000, -115.161600, 8.962000 
52.064400, -115.131800, 9.517000 
51.828100, -114.980700, 10.787000 
54.207000, -117.169300, 12.299000 
57.338900, -119.657100, 22.736000 
57.502800, -118.745700, 12.548000 
57.338900, -118.460000, 10.845000 
55.352900, -110.627800, 20.206000 
55.396500, -110.737300, 23.691000 
55.691200, -111.275900, 13.327000 
54.436200, -111.205100, 13.373000 
55.694100, -113.599400, 5.532000 
55.509300, -114.146900, 7.721000 
55.585600, -117.891600, 22.977000 
57.590100, -117.531700, 9.705000 
53.159500, -114.902800, 86.505000 
54.836400, -119.145800, 5.423000 
54.796400, -119.439200, 10.935000 
54.800000, -119.775600, 15.316000 
54.607200, -119.332000, 17.397000 
54.720000, -119.110600, 4.955000 
54.829200, -119.668600, 15.488000 
53.103200, -115.363400, 11.214000 
53.610600, -117.695900, 15.164000 
52.747000, -115.255600, 13.580000 
52.064400, -114.271400, 10.469000 
53.499300, -116.805300, 21.683000 
50.718600, -111.322200, 12.298000 
57.004500, -113.188600, 23.623000 
51.635300, -112.531400, 68.665000 
57.485900, -113.793100, 12.145000 
54.855000, -118.521900, 12.491000 
56.338600, -110.829200, 10.829000 
54.612500, -118.214300, 28.048000 
53.215900, -116.497000, 11.894000 
55.631500, -112.189600, 17.860000 
54.203400, -112.573800, 13.319000 
50.989600, -112.067900, 7.614000 
55.891800, -111.717900, 0.710000 
54.702500, -112.900400, 10.717000 
53.770600, -117.601400, 20.260000 
55.125000, -111.690600, 14.500000 
53.583000, -116.842000, 57.159000 
56.199000, -110.675100, 9.271000 
50.511400, -111.289400, 14.069000 
56.622700, -119.946500, 30.318000 
50.191900, -111.301800, 18.097000 
54.410900, -112.260400, 8.826000 
51.315900, -113.428500, 10.641000 
52.544700, -112.902200, 13.132000 
51.691800, -112.224000, 12.190000 
53.388600, -115.315800, 115.676000 
50.653300, -111.166100, 109.659000 
51.024500, -111.642800, 24.893000 
51.176900, -112.055300, 10.160000 
56.215000, -110.968100, 29.576000 
56.930900, -115.252200, 63.146000 
55.883900, -117.462000, 14.794000 
49.729200, -114.427200, 27.659000 
55.640300, -118.502800, 13.423000 
55.917500, -119.835200, 11.162000 
56.281800, -119.166800, 14.657000 
54.348900, -119.463300, 18.360000 
55.429200, -113.618100, 20.149000 
54.033400, -117.756900, 73.547000 
54.965100, -119.306800, 21.969000 
52.140800, -112.157200, 13.126000 
56.347100, -119.190500, 20.869000 
55.895000, -118.317500, 15.051000 
55.862200, -119.589200, 14.910000 
56.098600, -119.288100, 22.480000 
55.943900, -119.923100, 20.200000 
51.115100, -112.960100, 11.348000 
51.217000, -113.977700, 20.048000 
51.006200, -113.176000, 10.968000 
51.304300, -112.653700, 15.479000 
51.275400, -112.906500, 15.978000 
51.402400, -112.918100, 14.483000 
50.795100, -112.017800, 11.763000 
50.915100, -112.451700, 14.778000 
54.949300, -110.622600, 13.591000 
55.047300, -110.577800, 47.413000 
55.294800, -110.795100, 36.099000 
57.266800, -114.892000, 14.510000 
51.409800, -113.094600, 13.866000 
52.708400, -114.446600, 14.598000 
50.223900, -110.761900, 23.109000 
50.223900, -110.899700, 34.546000 
50.224000, -110.037500, 32.905000 
50.398600, -110.503300, 35.961000 
55.378300, -119.760600, 13.569000 
50.336800, -111.169800, 34.783000 
50.591500, -111.780300, 18.481000 
53.188700, -115.642200, 9.520000 
51.531300, -113.276300, 15.710000 
51.642600, -113.337700, 15.970000 
50.817000, -113.100200, 11.140000 
51.046200, -112.044500, 8.500000 
53.981500, -116.999800, 11.782000 
52.435700, -113.390400, 30.379000 
55.433300, -116.483200, 43.200000 
50.981000, -113.967800, 28.750000 
53.504050, -113.374400, 30.916000 
51.093400, -112.820100, 13.290000 
51.871800, -112.887600, 11.030000 
51.737300, -112.561700, 10.860000 
58.110400, -118.115600, 13.600000 
56.233200, -113.896400, 15.950000 
55.385700, -113.001600, 14.200000 
52.493600, -115.935000, 12.500000 
50.689500, -111.554800, 12.373000 
50.897000, -111.693700, 14.184000 
50.522300, -111.652300, 33.501000 
53.561500, -116.577900, 357.220000 
53.392300, -115.316900, 20.410000 
53.392300, -115.310800, 13.000000 
52.759300, -115.531900, 11.410000 
51.388100, -110.772500, 15.400000 
52.362900, -113.534900, 12.340000 
54.963600, -117.670700, 21.520000 
50.165900, -110.089100, 52.057000 
57.200900, -112.905700, 15.895000 
59.641800, -118.307800, 24.494000 
51.813600, -112.454200, 16.831000 
54.363300, -116.624000, 17.529000 
54.792900, -115.521700, 12.810000 
58.081200, -117.828800, 10.331000 
59.601800, -117.409700, 13.756000 
50.307500, -110.502500, 15.045000 
51.377000, -114.814600, 10.270000 
57.042500, -111.905000, 16.537000 
49.914900, -112.361400, 10.176000 
53.752300, -117.099300, 109.436000 
50.311200, -110.296600, 11.450000 
51.581600, -113.840400, 13.050000 
51.962900, -114.732100, 12.970000 
52.774000, -112.914300, 10.901000 
54.385300, -118.624900, 16.876000 
58.368300, -118.990000, 16.032000 
49.229200, -114.029100, 17.777000 
49.488900, -113.955100, 18.163000 
56.973300, -116.585000, 8.925000 
50.994100, -113.958300, 208.400000 
55.640300, -119.627000, 23.819000 
52.711900, -116.338600, 12.482000 
53.941500, -116.720100, 11.292000 
53.712300, -116.148900, 19.180000 
52.766700, -116.393000, 20.442000 
54.485300, -118.778300, 129.543000 
53.854300, -117.391200, 33.462000 
52.031800, -112.629500, 10.176000 
53.346200, -113.517200, 72.781000 
54.162360, -115.733900, 21.687000 
52.846800, -114.185700, 19.171000 
56.218700, -116.251300, 5.712000 
54.105400, -117.526500, 56.112000 
53.952600, -117.559000, 26.908000 
54.050700, -117.720600, 10.213000 
57.087200, -112.899500, 0.270000 
52.788400, -113.108500, 27.494000 
56.007600, -113.402800, 93.511000 
54.054200, -118.308700, 27.034000 
53.534300, -110.786600, 20.895000 
53.977900, -116.751200, 9.600000 
50.084400, -110.607000, 13.370000 
53.779500, -118.486200, 37.520000 
53.958000, -118.772800, 10.161000 
56.271846, -111.498890, 14.049000 
49.449200, -111.616700, 41.152000 
54.445300, -118.607600, 12.644000 
53.578344, -115.855642, 10.308000 
53.857900, -113.397400, 11.393000 
50.565900, -112.640300, 11.691000 
52.881600, -116.573400, 14.139000 
58.339500, -118.536800, 26.605000 
53.444100, -113.491800, 21.224000 
53.737500, -113.149000, 30.523000 
52.942400, -113.511100, 176.663000 
52.696100, -114.863800, 82.560000 
54.166900, -118.486900, 30.371000 
52.192000, -114.111300, 11.712000 
55.396400, -119.503100, 13.171000 
57.217500, -110.895000, 81.626000 
56.666700, -111.345100, 26.569000 
51.411700, -114.027000, 30.936000 
53.997500, -117.349600, 10.431000 
52.604900, -113.196300, 18.280000 
53.885300, -117.178700, 13.473000 
50.993800, -113.990000, 11.511000 
52.725100, -113.169500, 11.720000 
52.073400, -115.873000, 22.780000 
53.987100, -117.351500, 13.179000 
50.683000, -111.548000, 12.148000 
54.016200, -117.154000, 21.598000 
52.841500, -116.035500, 37.182000 
53.571300, -113.343100, 12.629000 
53.288900, -110.012000, 17.174000 
50.723300, -112.789100, 15.895000 
58.781600, -118.602700, 23.140000 
52.585700, -116.036700, 11.666000 
54.452300, -114.874300, 12.040000 
54.353900, -114.811100, 10.520000 
52.941200, -118.043000, 46.083000 
58.727600, -111.136400, 13.463000 
52.293900, -110.691400, 10.683000 
53.175900, -115.271100, 22.185000 
50.632000, -114.240300, 45.184000 
55.160200, -118.818400, 19.176000 
53.559400, -113.347200, 18.120000 
55.698600, -119.715100, 5.040000 
52.361000, -113.819400, 1.649000 
52.549200, -113.840800, 3.032000 
49.720000, -113.500300, 6.716000 
53.599500, -111.416200, 1.108000 
54.215900, -117.410600, 12.354000 
52.681500, -113.121100, 12.310000 
53.655600, -117.081700, 10.988000 
54.171000, -118.334400, 28.949000 
50.485300, -111.171600, 10.793000 
50.485300, -111.449700, 14.329000 
55.373190, -114.747800, 18.509000 
53.596200, -113.332100, 20.210000 
53.566800, -113.365000, 313.083000 
52.639900, -111.273500, 245.780000 
54.342700, -110.328700, 12.100000 
53.500000, -113.440000, 15.891000 
56.528200, -114.071600, 12.902000 
56.524400, -113.464600, 12.786000 
54.285000, -115.698200, 179.092000 
51.465100, -113.512200, 13.120000 
53.768300, -116.915400, 12.501000 
53.761100, -117.367500, 12.743000 
51.020000, -112.490000, 33.172000 
52.646000, -111.278000, 43.516000 
55.250000, -116.290000, 132.866000 
53.250500, -113.049900, 15.236000 
49.080000, -112.050000, 130.500000 
56.350000, -115.200000, 27.168000 
52.380000, -114.140000, 85.576000 
53.340000, -113.310000, 3.322000 
52.457800, -114.277800, 6.556000 
53.034200, -115.290800, 14.070000 
52.557700, -115.977200, 11.019000 
52.634000, -110.209100, 14.581000 
57.288700, -111.886800, 50.610000 
52.030100, -112.886600, 11.190000 
51.790000, -113.040700, 11.380000 
51.848200, -113.758200, 12.760000 
55.998000, -118.532200, 32.592000 
54.518400, -110.905000, 36.837000 
54.863300, -119.001700, 34.711000 
54.942200, -113.345600, 12.375000 
55.774800, -119.468600, 12.803000 
57.171900, -119.914500, 15.867000 
54.830600, -118.682100, 15.070000 
56.193600, -110.950600, 14.067000 
52.552400, -112.880800, 9.880000 
51.912900, -113.627900, 25.498000 
54.226800, -118.628100, 13.065000 
52.950700, -115.878200, 11.748000 
52.635200, -111.263900, 70.317000 
56.546500, -115.301100, 10.482000 
56.411700, -110.937600, 16.959000 
55.662600, -111.257700, 291.466000 
53.975700, -117.287500, 28.737000 
55.997100, -113.473700, 13.490000 
55.608800, -118.003600, 13.587000 
55.640500, -117.119300, 21.124000 
53.791200, -114.612900, 11.356000 
53.499200, -116.805300, 19.540000 
52.211100, -113.268100, 10.853000 
53.193200, -110.862900, 17.251000 
