56.377200, -117.175600, 0.003860 
53.344000, -114.305000, 0.084004 
54.596400, -110.395000, 0.031279 
54.144400, -115.691700, 0.000001 
54.775000, -115.218600, 0.000013 
53.529100, -113.387500, 0.013470 
57.003300, -111.466100, 0.067422 
57.040500, -111.619200, 0.019419 
53.560000, -114.486200, 0.005568 
53.508500, -114.557100, 0.068948 
53.448700, -114.449100, 0.013641 
53.593060, -116.390300, 0.001000 
55.071200, -118.691200, 0.004776 
53.795900, -113.099600, 0.004642 
53.413300, -117.570600, 0.006012 
53.541700, -113.391700, 0.018729 
53.550500, -113.358900, 0.014404 
55.248100, -114.514000, 0.000002 
54.772900, -110.579000, 0.015183 
53.581600, -113.599100, 0.002902 
53.740700, -113.023100, 0.000032 
