57.003300, -111.466100, 61.824000 
56.380600, -116.795000, 0.012000 
54.194400, -116.632200, 1.180000 
53.546800, -113.734800, 0.500000 
53.652000, -116.099200, 0.015000 
50.982200, -113.974200, 0.019000 
53.570000, -113.611400, 0.061000 
51.570800, -114.851700, 0.037000 
53.245000, -115.674300, 0.190000 
55.335900, -119.223000, 0.442000 
54.524700, -116.794300, 0.973000 
57.040500, -111.619200, 69.368000 
52.758100, -114.111600, 1.619000 
53.541700, -113.391700, 2.303000 
52.776100, -115.660700, 0.630000 
49.720100, -112.781900, 4.150000 
55.725100, -119.399900, 0.007000 
53.746900, -113.164500, 0.040000 
55.358300, -114.617200, 0.060000 
51.965500, -114.753600, 0.150000 
52.959300, -115.893800, 0.540000 
51.191300, -113.940900, 0.034000 
53.804200, -113.082400, 18.464000 
53.795900, -113.099600, 1.937000 
53.288500, -110.018300, 0.260000 
52.146300, -115.330000, 0.930000 
53.902300, -115.189300, 0.190000 
53.745000, -110.810800, 0.042000 
52.869000, -115.101000, 0.042000 
53.340200, -113.538100, 0.025000 
55.116300, -118.813600, 0.080000 
54.185400, -116.210400, 0.001000 
55.199400, -116.221900, 0.844000 
53.550500, -113.358900, 0.675000 
50.959200, -113.981200, 0.205000 
50.543800, -111.795000, 0.067000 
55.489100, -119.750800, 0.002000 
50.963600, -113.976680, 0.344000 
57.546300, -119.112600, 0.840000 
53.530040, -113.402010, 0.373000 
49.476100, -112.652500, 0.012000 
52.172000, -114.599000, 0.047000 
53.616600, -115.711100, 0.198000 
51.696900, -114.475000, 0.385000 
51.984500, -114.743800, 0.046000 
49.628100, -114.571900, 0.100000 
53.373100, -116.086000, 0.963000 
53.557500, -116.547200, 0.002000 
53.527200, -113.354800, 0.337000 
53.170200, -114.975000, 0.218000 
