50.747700, -114.494700, 0.168000 
53.804200, -113.082400, 1.136000 
54.952700, -119.195300, 0.100000 
51.534800, -114.203700, 1.054000 
53.570000, -113.611400, 0.003000 
51.191300, -113.940900, 0.410000 
54.179100, -115.806000, 0.397000 
53.048100, -113.921000, 0.144000 
50.675600, -110.025000, 0.100000 
53.733200, -113.175000, 0.161000 
52.385800, -113.595000, 143.770000 
55.725100, -119.399900, 0.100000 
53.795900, -113.099600, 2.637000 
54.596400, -110.395000, 0.035000 
54.524700, -116.794300, 5.740000 
51.526000, -113.880000, 0.100000 
53.027300, -112.806300, 0.250000 
54.407700, -110.277800, 2.124000 
58.555500, -118.915900, 0.100000 
54.284800, -115.698000, 0.100000 
53.550500, -113.358900, 0.331000 
49.476100, -112.652500, 0.011000 
