52.308300, -113.550000, 0.804000 
53.541700, -113.391700, 10.985000 
55.725100, -119.399900, 0.483000 
53.795900, -113.099600, 13.535000 
57.040500, -111.619200, 210.290000 
57.003300, -111.466100, 176.884000 
51.570800, -114.851700, 0.602000 
50.982200, -113.974200, 0.409000 
54.423300, -117.760400, 0.037000 
53.570000, -113.611400, 0.238000 
49.305200, -114.000300, 1.851000 
51.191300, -113.940900, 0.561000 
53.652000, -116.099200, 0.172000 
51.965500, -114.753600, 1.717000 
56.380600, -116.795000, 0.172000 
54.952700, -119.195300, 8.737000 
54.596400, -110.395000, 1.969000 
55.335900, -119.223000, 0.578000 
54.524700, -116.794300, 1.335000 
52.553700, -111.694000, 0.300000 
53.245000, -115.674300, 0.640000 
53.421300, -113.904400, 0.204000 
54.572300, -115.522900, 4.347000 
53.952700, -113.078000, 0.213000 
53.546800, -113.734800, 0.470000 
54.833300, -118.646700, 0.757000 
50.647500, -113.772000, 0.317000 
54.194400, -116.632200, 1.190000 
53.288500, -110.018300, 1.090000 
53.733200, -113.175000, 0.335000 
55.996700, -118.533600, 0.197000 
50.747700, -114.494700, 0.243000 
53.354600, -113.715000, 0.804000 
53.204500, -116.811200, 1.886000 
53.048100, -113.921000, 2.427000 
52.146300, -115.330000, 4.430000 
52.226300, -115.177000, 2.564000 
53.181200, -115.762500, 1.059000 
51.534800, -114.203700, 0.839000 
52.959300, -115.893800, 1.621000 
52.496000, -114.988000, 1.194000 
52.776100, -115.660700, 1.931000 
52.758100, -114.111600, 1.152000 
55.358300, -114.617200, 0.070000 
53.746900, -113.164500, 0.640000 
53.527200, -113.354800, 1.424000 
49.628100, -114.571900, 0.113000 
54.588800, -115.862500, 0.101000 
51.915300, -113.578100, 3.741000 
57.546300, -119.112600, 2.790000 
59.063100, -118.875700, 3.608000 
50.959200, -113.981200, 1.472000 
53.817200, -113.133600, 0.111000 
55.086900, -110.528600, 0.002000 
53.571290, -113.355400, 0.292000 
52.869000, -115.101000, 1.568000 
50.963600, -113.976680, 4.711000 
54.284800, -115.698000, 7.971000 
53.286400, -110.017800, 0.002000 
53.530040, -113.402010, 4.133000 
58.555500, -118.915900, 0.378000 
51.696900, -114.475000, 1.919000 
53.557500, -116.547200, 9.660000 
54.427200, -116.884300, 1.431000 
51.000700, -113.965670, 1.060000 
55.069600, -110.536100, 0.008000 
53.498700, -113.383100, 0.340000 
53.250200, -115.555500, 0.031000 
52.674300, -111.311600, 0.069000 
53.373100, -116.086000, 3.390000 
55.040000, -115.475800, 0.257000 
52.904700, -115.324700, 2.990000 
50.269600, -112.893800, 1.469000 
53.091100, -111.768600, 1.559000 
54.185400, -116.210400, 0.007000 
51.058900, -115.174500, 3.190000 
53.550500, -113.358900, 2.654000 
55.489100, -119.750800, 0.129000 
53.544400, -113.366200, 0.180000 
51.376000, -113.949200, 0.337000 
49.476100, -112.652500, 0.232000 
51.984500, -114.743800, 0.915000 
53.170200, -114.975000, 0.554000 
50.543800, -111.795000, 0.171000 
55.041500, -119.631000, 2.683000 
51.526000, -113.880000, 0.386000 
55.074200, -117.274200, 0.084000 
55.116300, -118.813600, 0.203000 
53.504000, -113.450200, 0.580000 
54.772900, -110.579000, 0.018000 
53.027300, -112.806300, 0.250000 
53.745000, -110.810800, 0.105000 
53.543100, -117.797900, 0.130000 
52.172000, -114.599000, 0.119000 
53.319300, -113.518000, 2.896000 
53.616600, -115.711100, 0.504000 
53.550690, -113.349600, 8.200000 
53.902300, -115.189300, 0.954000 
50.967800, -113.969900, 0.104000 
51.926500, -114.542700, 0.060000 
55.199400, -116.221900, 0.752000 
54.510900, -115.511700, 2.229000 
55.481900, -119.059200, 0.066000 
