57.040500, -111.619200, 56.260000 
52.226300, -115.177000, 1.588000 
54.952700, -119.195300, 1.720000 
52.758100, -114.111600, 1.376000 
53.354600, -113.715000, 1.212000 
53.652000, -116.099200, 0.096000 
52.959300, -115.893800, 1.603000 
53.795900, -113.099600, 0.123000 
53.048100, -113.921000, 1.932000 
51.965500, -114.753600, 0.752000 
54.596400, -110.395000, 2.587000 
57.003300, -111.466100, 80.034000 
55.996700, -118.533600, 0.369000 
51.570800, -114.851700, 0.331000 
52.776100, -115.660700, 0.754000 
54.423300, -117.760400, 0.121000 
53.421300, -113.904400, 0.234000 
54.194400, -116.632200, 2.420000 
54.572300, -115.522900, 4.676000 
50.647500, -113.772000, 0.193000 
50.805300, -110.034900, 2.637000 
55.725100, -119.399900, 0.717000 
53.288500, -110.018300, 1.120000 
54.524700, -116.794300, 1.166000 
51.637200, -112.866000, 1.194000 
53.541700, -113.391700, 2.269000 
55.335900, -119.223000, 0.979000 
49.305200, -114.000300, 1.777000 
54.833300, -118.646700, 0.888000 
52.553700, -111.694000, 0.580000 
51.534800, -114.203700, 0.278000 
53.245000, -115.674300, 0.520000 
52.146300, -115.330000, 1.900000 
55.358300, -114.617200, 0.130000 
53.546800, -113.734800, 0.480000 
50.747700, -114.494700, 0.147000 
54.284800, -115.698000, 0.237000 
52.172000, -114.599000, 0.095000 
53.616600, -115.711100, 0.402000 
51.915300, -113.578100, 0.802000 
53.670500, -115.762200, 0.645000 
53.550690, -113.349600, 2.000000 
59.063100, -118.875700, 1.658000 
52.510900, -110.969600, 0.001000 
54.427200, -116.884300, 0.350000 
53.902300, -115.189300, 0.511000 
58.555500, -118.915900, 0.079000 
55.199400, -116.221900, 0.424000 
50.269600, -112.893800, 0.975000 
53.745000, -110.810800, 0.085000 
50.543800, -111.795000, 0.137000 
52.674300, -111.311600, 0.045000 
54.772900, -110.579000, 0.036000 
53.170200, -114.975000, 0.442000 
53.817200, -113.133600, 0.268000 
55.116300, -118.813600, 0.162000 
55.993500, -113.480500, 0.039000 
55.489100, -119.750800, 0.104000 
55.041500, -119.631000, 3.235000 
51.926500, -114.542700, 0.196000 
53.091100, -111.768600, 2.104000 
55.481900, -119.059200, 0.069000 
52.869000, -115.101000, 3.176000 
51.984500, -114.743800, 0.464000 
52.904700, -115.324700, 3.461000 
49.628100, -114.571900, 0.011000 
57.546300, -119.112600, 0.710000 
55.069600, -110.536100, 0.107000 
53.543100, -117.797900, 0.006000 
53.373100, -116.086000, 2.449000 
53.544400, -113.366200, 0.320000 
51.696900, -114.475000, 0.545000 
51.078650, -114.017660, 2.600000 
52.656700, -111.311900, 0.023000 
51.526000, -113.880000, 0.084000 
54.420500, -110.213100, 0.010000 
53.286400, -110.017800, 0.070000 
54.510900, -115.511700, 1.804000 
55.086900, -110.528600, 0.026000 
53.557500, -116.547200, 1.270000 
