53.048100, -113.921000, 16.071000 
53.733200, -113.175000, 0.639000 
53.795900, -113.099600, 5.981000 
51.534800, -114.203700, 3.594000 
55.996700, -118.533600, 3.736000 
52.226300, -115.177000, 7.791000 
52.146300, -115.330000, 14.160000 
52.758100, -114.111600, 15.738000 
55.725100, -119.399900, 5.333000 
53.288500, -110.018300, 4.330000 
54.572300, -115.522900, 18.822000 
54.596400, -110.395000, 9.337000 
52.496000, -114.988000, 4.285000 
55.335900, -119.223000, 4.210000 
57.040500, -111.619200, 111.918000 
51.965500, -114.753600, 3.721000 
55.358300, -114.617200, 2.940000 
53.546800, -113.734800, 5.290000 
54.194400, -116.632200, 9.000000 
51.191300, -113.940900, 1.118000 
53.746900, -113.164500, 13.580000 
57.003300, -111.466100, 296.250000 
53.354600, -113.715000, 9.124000 
53.245000, -115.674300, 3.600000 
53.570000, -113.611400, 0.070000 
51.637200, -112.866000, 4.887000 
52.776100, -115.660700, 4.439000 
52.308300, -113.550000, 3.207000 
50.747700, -114.494700, 0.937000 
53.952700, -113.078000, 0.182000 
52.959300, -115.893800, 10.016000 
54.952700, -119.195300, 3.161000 
50.982200, -113.974200, 0.179000 
53.421300, -113.904400, 0.384000 
53.541700, -113.391700, 13.604000 
53.181200, -115.762500, 1.206000 
50.805300, -110.034900, 10.962000 
52.553700, -111.694000, 2.220000 
53.204500, -116.811200, 1.142000 
54.524700, -116.794300, 14.094000 
50.543800, -111.795000, 0.485000 
52.869000, -115.101000, 12.296000 
53.581600, -113.599100, 0.050000 
53.728270, -113.235520, 28.953000 
50.671900, -110.028900, 0.239000 
51.984500, -114.743800, 0.085000 
53.504000, -113.450200, 0.826000 
50.269600, -112.893800, 8.277000 
53.544400, -113.366200, 2.230000 
54.510900, -115.511700, 5.625000 
51.696900, -114.475000, 13.071000 
53.557500, -116.547200, 2.388000 
54.427200, -116.884300, 0.312000 
52.510900, -110.969600, 0.006000 
52.656700, -111.311900, 0.019000 
53.170200, -114.975000, 1.555000 
59.063100, -118.875700, 5.666000 
53.530040, -113.402010, 10.324000 
53.286400, -110.017800, 0.045000 
53.616600, -115.711100, 1.413000 
50.963600, -113.976680, 12.953000 
52.172000, -114.599000, 0.337000 
58.555500, -118.915900, 3.855000 
53.283800, -110.031900, 36.860000 
53.817200, -113.133600, 2.140000 
55.086900, -110.528600, 0.188000 
55.199400, -116.221900, 1.097000 
51.222500, -114.495600, 4.224000 
55.993500, -113.480500, 0.266000 
55.116300, -118.813600, 0.571000 
54.420500, -110.213100, 0.006000 
54.588800, -115.862500, 4.591000 
54.284800, -115.698000, 4.684000 
51.526000, -113.880000, 1.741000 
53.740700, -113.023100, 0.522000 
53.670500, -115.762200, 3.408000 
53.373100, -116.086000, 4.255000 
55.040000, -115.475800, 0.885000 
52.674300, -111.311600, 0.254000 
56.981400, -111.475800, 0.973000 
52.588100, -111.206100, 0.380000 
57.546300, -119.112600, 5.430000 
55.041500, -119.631000, 7.660000 
57.054200, -111.917200, 0.510000 
50.959200, -113.981200, 2.403000 
55.393100, -110.738300, 0.028000 
51.915300, -113.578100, 4.755000 
54.772900, -110.579000, 0.531000 
51.926500, -114.542700, 0.290000 
57.351700, -111.522200, 0.162000 
55.582700, -110.888800, 0.762000 
54.185400, -116.210400, 0.001000 
53.550690, -113.349600, 5.200000 
49.701943, -112.803037, 178.520000 
53.091100, -111.768600, 5.624000 
52.904700, -115.324700, 11.544000 
55.481900, -119.059200, 0.802000 
53.745000, -110.810800, 0.299000 
55.489100, -119.750800, 0.392000 
53.550500, -113.358900, 13.410000 
53.902300, -115.189300, 2.172000 
49.628100, -114.571900, 0.852000 
55.069600, -110.536100, 0.762000 
55.074200, -117.274200, 1.235000 
53.543100, -117.797900, 2.982000 
53.527200, -113.354800, 2.008000 
