51.637200, -112.866000, 901.000000 
52.940400, -114.832300, 400.460000 
53.572500, -113.360600, 1026.652000 
53.804200, -113.082400, 820.656000 
54.923116, -112.861867, 1376.830000 
52.496000, -114.988000, 412.840000 
50.805300, -110.034900, 803.400000 
53.593060, -116.390300, 178.760000 
53.204500, -116.811200, 81.951000 
51.039600, -114.559000, 502.000000 
55.071200, -118.691200, 973.191000 
51.191300, -113.940900, 692.958000 
54.179100, -115.806000, 45.289000 
53.546800, -113.734800, 16.250000 
53.721700, -113.191700, 2323.736000 
49.305200, -114.000300, 519.262000 
53.245000, -115.674300, 450.000000 
51.570800, -114.851700, 34.014000 
54.144400, -115.691700, 48.360000 
52.553700, -111.694000, 188.140000 
53.448700, -114.449100, 13565.210000 
53.344000, -114.305000, 13316.470000 
53.421300, -113.904400, 1060.160000 
52.308300, -113.550000, 2663.837000 
55.269500, -114.598300, 80.900000 
54.833300, -118.646700, 169.223000 
54.572300, -115.522900, 604.500000 
54.524700, -116.794300, 638.009000 
50.845800, -113.586700, 342.712000 
53.539700, -113.409200, 415.000000 
51.086700, -114.008800, 21.460000 
50.675600, -110.025000, 71.670000 
52.564700, -112.141400, 11367.000000 
50.846700, -113.581170, 311.600000 
55.996700, -118.533600, 648.139000 
49.789400, -112.126100, 35.700000 
55.335900, -119.223000, 29.800000 
52.776100, -115.660700, 438.700000 
57.003300, -111.466100, 8830.000000 
56.380600, -116.795000, 300.794000 
52.033030, -113.938910, 49.301000 
50.983000, -113.988400, 3348.000000 
54.952700, -119.195300, 691.580000 
53.587300, -113.363000, 363.240000 
53.952700, -113.078000, 371.760000 
55.358300, -114.617200, 298.000000 
53.529100, -113.387500, 178.983000 
50.989700, -113.993800, 10.060000 
53.560000, -114.486200, 8159.610000 
51.219500, -114.645400, 468.708000 
53.288500, -110.018300, 140.420000 
51.181625, -114.472100, 1.192000 
50.747700, -114.494700, 538.210000 
54.596400, -110.395000, 2185.700000 
51.022770, -114.027660, 21.354000 
53.733200, -113.175000, 2655.238000 
53.089200, -116.805900, 118.510000 
53.795900, -113.099600, 865.800000 
51.965500, -114.753600, 180.025000 
54.775000, -115.218600, 29.691000 
52.959300, -115.893800, 429.900000 
53.354600, -113.715000, 442.020000 
56.377200, -117.175600, 913.800000 
52.385800, -113.595000, 146.620000 
53.841600, -113.097900, 754.030000 
53.048100, -113.921000, 2432.428000 
53.413300, -117.570600, 1137.550000 
53.181200, -115.762500, 268.649000 
53.722900, -113.174000, 4.090000 
50.647500, -113.772000, 25.220000 
58.500000, -119.416700, 60.810000 
52.758100, -114.111600, 172.400000 
54.130900, -115.546700, 709.050000 
51.531700, -111.786100, 9830.000000 
54.194400, -116.632200, 480.200000 
52.322100, -113.516600, 32.795000 
51.534800, -114.203700, 179.444000 
53.652000, -116.099200, 27.210000 
55.725100, -119.399900, 262.104000 
52.226300, -115.177000, 687.700000 
53.541700, -113.391700, 1845.331000 
54.007100, -119.104000, 2332.000000 
50.086600, -110.716700, 2286.182000 
53.571700, -113.349800, 221.600000 
57.040500, -111.619200, 11962.730000 
52.146300, -115.330000, 1153.300000 
53.746900, -113.164500, 152.200000 
53.508500, -114.557100, 22609.000000 
51.742300, -114.134500, 178.100000 
53.733200, -113.486200, 1.760000 
53.227700, -114.988900, 95.000000 
50.817600, -110.448000, 60.690000 
57.361200, -119.754000, 83.440000 
53.560800, -117.239600, 40.470000 
51.099300, -112.639000, 229.440000 
52.983100, -112.189800, 143.300000 
51.935300, -112.079200, 127.530000 
51.984500, -114.743800, 289.955000 
52.058000, -114.908000, 288.230000 
54.288500, -116.978000, 138.560000 
53.902300, -115.189300, 292.000000 
57.879100, -118.418300, 35.830000 
54.402000, -112.553000, 91.040000 
51.407800, -113.668300, 250.330000 
54.829600, -118.647000, 293.040000 
55.125900, -117.838000, 210.850000 
50.693800, -114.330000, 249.150000 
54.961900, -117.297700, 36.270000 
52.355300, -115.332000, 53.650000 
54.094600, -112.306000, 130.880000 
53.470500, -116.496100, 103.440000 
53.244500, -116.238000, 145.770000 
51.444300, -114.527000, 112.970000 
51.015020, -114.026480, 27.100000 
53.862700, -110.639000, 25.900000 
53.757500, -113.149900, 228.500000 
52.755200, -110.747000, 79.690000 
51.400100, -114.034300, 1453.754000 
52.719000, -115.708000, 100.400000 
51.360600, -111.745900, 65.160000 
54.483500, -118.100000, 120.040000 
53.099500, -115.364200, 40.150000 
57.188000, -118.248900, 73.800000 
55.450900, -113.923000, 68.940000 
55.814900, -119.365000, 88.210000 
51.943400, -114.736000, 469.350000 
55.129100, -119.397000, 65.220000 
50.697800, -111.531000, 628.790000 
53.960200, -116.460000, 251.190000 
50.704600, -110.844000, 459.490000 
53.091100, -111.768600, 221.800000 
50.040920, -110.721904, 757.000000 
49.797800, -113.043600, 36.200000 
53.345800, -111.251900, 20.000000 
51.052000, -114.010500, 1.663000 
57.076100, -111.918900, 107.544000 
49.677359, -112.862698, 40.571000 
54.185400, -116.210400, 2370.000000 
49.801900, -113.104700, 96.800000 
55.866700, -119.596700, 81.643000 
55.069600, -110.536100, 69.480000 
53.582200, -113.544400, 1.727000 
53.373100, -116.086000, 277.000000 
53.039700, -111.220000, 78.471000 
54.140000, -115.553900, 29.454000 
54.839400, -118.658900, 42.202000 
57.298900, -111.503300, 288.300000 
54.285600, -115.711100, 54.132000 
52.966900, -111.253100, 20.600000 
55.338500, -119.219200, 36.857000 
58.460300, -115.238300, 196.366000 
54.939600, -117.182500, 22.926000 
53.402700, -117.599300, 64.910000 
54.846700, -112.567500, 109.300000 
54.427200, -116.884300, 662.740000 
54.926900, -111.936100, 78.430000 
58.447100, -119.238300, 254.843000 
52.308300, -113.550000, 721.566000 
51.056600, -115.164300, 401.611000 
50.269600, -112.893800, 426.900000 
52.904700, -115.324700, 211.200000 
53.472878, -113.616936, 1.760000 
53.652200, -113.716400, 21.200000 
50.577200, -111.178100, 214.280000 
51.065300, -115.221100, 10.990000 
55.086900, -110.528600, 30.708000 
51.316900, -113.390300, 49.430000 
50.701100, -111.095600, 242.390000 
52.869000, -115.101000, 438.200000 
56.373300, -119.922800, 42.270000 
52.228400, -114.397700, 343.080000 
52.212400, -113.843700, 72.620000 
53.740700, -113.023100, 10.030000 
50.963300, -112.288300, 235.510000 
56.031400, -117.976100, 115.240000 
54.043500, -117.420000, 272.170000 
53.637800, -112.028400, 64.690000 
49.975700, -114.130000, 128.760000 
50.676800, -110.018000, 87.790000 
54.772900, -110.579000, 322.480000 
57.351700, -111.522200, 32.779000 
49.725300, -112.790000, 0.783000 
53.593600, -113.335600, 165.100000 
53.529649, -113.495611, 1.718000 
50.671900, -113.459400, 43.600000 
53.826700, -113.603300, 92.837000 
51.006900, -113.192800, 166.936000 
54.293100, -116.188300, 193.986000 
53.519600, -113.529000, 156.084000 
50.847000, -113.591000, 162.780000 
52.315900, -113.850000, 32.760000 
52.766100, -114.285600, 11.927000 
51.926500, -114.542700, 34.260000 
53.819400, -113.141900, 79.190000 
51.189400, -113.937800, 175.312000 
51.915300, -113.578100, 254.851000 
53.522100, -113.378200, 2.266000 
51.024500, -114.025000, 36.700000 
51.022700, -114.037700, 2.767000 
53.066500, -117.404800, 144.400000 
53.863100, -113.393900, 156.900000 
55.489100, -119.750800, 84.533000 
53.550500, -113.358900, 1661.411000 
51.222500, -114.495600, 1177.795000 
53.817200, -113.133600, 20.882000 
53.581600, -113.599100, 1560.660000 
55.040000, -115.475800, 602.792000 
54.588800, -115.862500, 24.799000 
53.250200, -115.555500, 201.380000 
50.597600, -111.881800, 37.610000 
50.583700, -113.871100, 34.023000 
59.063100, -118.875700, 734.028000 
53.557500, -116.547200, 985.060000 
55.432500, -116.486000, 255.358000 
51.696900, -114.475000, 2124.280000 
50.061200, -110.723000, 28.785230 
55.481900, -119.059200, 22.992000 
54.510900, -115.511700, 1366.300000 
53.529577, -113.499847, 306.980000 
53.283800, -110.031900, 24.707000 
49.628100, -114.571900, 47.277000 
57.546300, -119.112600, 216.000000 
53.725400, -113.193000, 582.456000 
55.029800, -118.744000, 468.877000 
51.526000, -113.880000, 208.056000 
55.041500, -119.631000, 1050.000000 
54.238200, -115.379700, 201.400000 
55.268600, -114.584700, 48.176000 
53.670500, -115.762200, 443.900000 
58.194700, -116.350400, 28.450000 
51.007900, -114.051300, 0.794000 
55.913200, -115.150400, 209.693000 
51.068200, -115.136400, 794.170000 
53.908300, -118.816700, 81.330000 
57.218000, -111.027000, 24.970000 
54.284800, -115.698000, 711.720000 
54.133300, -115.366600, 37.700000 
50.058200, -110.728200, 790.400000 
55.074200, -117.274200, 707.832000 
53.723500, -113.173800, 114.200000 
54.587200, -112.803100, 24.750000 
51.058900, -115.174500, 2841.000000 
53.799100, -113.080700, 207.952000 
53.132300, -115.981700, 88.029000 
55.993500, -113.480500, 389.512000 
58.555500, -118.915900, 84.138000 
55.199400, -116.221900, 182.800000 
52.035300, -115.137700, 994.990000 
53.581900, -113.590000, 0.189000 
55.248100, -114.514000, 47.330000 
53.531993, -113.364925, 388.400000 
