53.421300, -113.904400, 0.441000 
53.559400, -113.597500, 4.730000 
54.572300, -115.522900, 3.410000 
49.720100, -112.781900, 15.210000 
53.048100, -113.921000, 2.526000 
53.952700, -113.078000, 0.247000 
52.959300, -115.893800, 0.673000 
52.553700, -111.694000, 0.066000 
53.354600, -113.715000, 0.609000 
57.040500, -111.619200, 476.466000 
51.965500, -114.753600, 2.136000 
54.596400, -110.395000, 1.787000 
53.181200, -115.762500, 1.300000 
55.996700, -118.533600, 0.048000 
54.194400, -116.632200, 0.180000 
51.534800, -114.203700, 0.358000 
52.146300, -115.330000, 3.060000 
54.423300, -117.760400, 0.009000 
53.245000, -115.674300, 0.460000 
51.191300, -113.940900, 0.279000 
51.570800, -114.851700, 1.128000 
53.746900, -113.164500, 0.310000 
53.795900, -113.099600, 12.781000 
52.226300, -115.177000, 1.794000 
53.652000, -116.099200, 0.193000 
50.747700, -114.494700, 0.248000 
54.952700, -119.195300, 3.905000 
53.541700, -113.391700, 13.317000 
55.358300, -114.617200, 0.060000 
49.305200, -114.000300, 1.805000 
53.288500, -110.018300, 1.240000 
55.725100, -119.399900, 0.303000 
50.983000, -113.988400, 28.500000 
54.524700, -116.794300, 1.781000 
52.308300, -113.550000, 1.043000 
55.335900, -119.223000, 0.213000 
50.982200, -113.974200, 0.130000 
53.546800, -113.734800, 0.120000 
54.833300, -118.646700, 0.155000 
53.570000, -113.611400, 0.154000 
52.496000, -114.988000, 1.029000 
50.647500, -113.772000, 0.590000 
56.380600, -116.795000, 0.562000 
52.758100, -114.111600, 0.126000 
53.804200, -113.082400, 0.344000 
57.003300, -111.466100, 304.539000 
55.116300, -118.813600, 0.329000 
51.000700, -113.965670, 2.190000 
52.674300, -111.311600, 0.104000 
50.269600, -112.893800, 0.278000 
54.510900, -115.511700, 1.614000 
53.616600, -115.711100, 0.815000 
54.427200, -116.884300, 1.015000 
54.284800, -115.698000, 1.353000 
53.817200, -113.133600, 0.028000 
50.967800, -113.969900, 0.030000 
58.555500, -118.915900, 0.312000 
52.172000, -114.599000, 0.192000 
53.170200, -114.975000, 0.897000 
49.476100, -112.652500, 0.031000 
53.286400, -110.017800, 0.002000 
53.557500, -116.547200, 6.412000 
51.058900, -115.174500, 1.500000 
53.498700, -113.383100, 0.098000 
53.340200, -113.538100, 0.077000 
55.069600, -110.536100, 0.002000 
53.373100, -116.086000, 1.422000 
49.628100, -114.571900, 0.072000 
53.527200, -113.354800, 0.397000 
55.074200, -117.274200, 0.044000 
51.915300, -113.578100, 1.704000 
51.926500, -114.542700, 0.010000 
53.902300, -115.189300, 0.667000 
51.005290, -114.058570, 14.300000 
57.546300, -119.112600, 1.370000 
54.588800, -115.862500, 0.155000 
55.040000, -115.475800, 0.263000 
51.376000, -113.949200, 0.097000 
50.959200, -113.981200, 0.414000 
53.250200, -115.555500, 0.015000 
55.199400, -116.221900, 0.190000 
51.984500, -114.743800, 0.497000 
55.086900, -110.528600, 0.001000 
50.543800, -111.795000, 0.276000 
52.869000, -115.101000, 0.815000 
53.550690, -113.349600, 3.500000 
53.091100, -111.768600, 0.821000 
53.745000, -110.810800, 0.170000 
52.904700, -115.324700, 1.285000 
55.041500, -119.631000, 0.828000 
55.489100, -119.750800, 0.011000 
50.963600, -113.976680, 1.399000 
53.531993, -113.364925, 0.200000 
53.543100, -117.797900, 0.188000 
53.530040, -113.402010, 1.305000 
56.981400, -111.475800, 0.008000 
53.022700, -112.811400, 36.500000 
55.393100, -110.738300, 0.001000 
57.054200, -111.917200, 0.005000 
52.588100, -111.206100, 0.005000 
51.696900, -114.475000, 0.704000 
51.526000, -113.880000, 0.223000 
54.185400, -116.210400, 0.006000 
53.544400, -113.366200, 0.160000 
53.550500, -113.358900, 0.752000 
