50.982200, -113.974200, 0.001000 
50.845800, -113.586700, 0.800000 
51.191300, -113.940900, 4.858000 
53.582300, -113.588600, 4.322000 
53.804200, -113.082400, 0.194000 
53.227700, -114.988900, 104.920000 
55.269500, -114.598300, 59.100000 
53.593060, -116.390300, 67.530000 
53.571700, -113.349800, 14.500000 
53.572500, -113.360600, 8.192000 
53.733200, -113.175000, 0.034000 
51.696900, -114.475000, 11.076000 
55.029800, -118.744000, 98.660000 
54.238200, -115.379700, 64.300000 
53.581600, -113.599100, 0.002000 
58.501200, -117.145600, 4.311000 
53.557500, -116.547200, 14.524000 
59.063100, -118.875700, 10.666000 
