51.191300, -113.940900, 337.065000 
51.570800, -114.851700, 45.365000 
53.560000, -114.486200, 701.696000 
52.564700, -112.141400, 754.000000 
54.194400, -116.632200, 5640.000000 
53.204500, -116.811200, 114.751000 
55.071200, -118.691200, 1609.886000 
54.007100, -119.104000, 129.880000 
54.179100, -115.806000, 35.589000 
55.996700, -118.533600, 56.269000 
50.805300, -110.034900, 354.400000 
49.789400, -112.126100, 184.300000 
54.144400, -115.691700, 40.620000 
53.539700, -113.409200, 281.060000 
52.553700, -111.694000, 208.500000 
55.269500, -114.598300, 5640.000000 
54.423300, -117.760400, 691.570000 
54.130900, -115.546700, 8.340000 
52.146300, -115.330000, 197.970000 
53.413300, -117.570600, 782.880000 
51.534800, -114.203700, 416.560000 
53.804200, -113.082400, 239.953000 
55.358300, -114.617200, 210.000000 
53.652000, -116.099200, 38.865000 
51.637200, -112.866000, 94.200000 
53.541700, -113.391700, 3584.483000 
53.721700, -113.191700, 126.800000 
52.308300, -113.550000, 526.962000 
54.923116, -112.861867, 1763.150000 
54.833300, -118.646700, 215.914000 
53.245000, -115.674300, 27.000000 
50.747700, -114.494700, 66.992000 
53.722900, -113.174000, 1.740000 
53.354600, -113.715000, 89.290000 
52.226300, -115.177000, 169.400000 
53.841600, -113.097900, 330.832000 
53.746900, -113.164500, 30.000000 
54.952700, -119.195300, 148.815000 
53.795900, -113.099600, 518.772000 
50.983000, -113.988400, 2812.000000 
52.496000, -114.988000, 83.650000 
50.845800, -113.586700, 333.874000 
54.524700, -116.794300, 81.598000 
53.344000, -114.305000, 925.620000 
50.675600, -110.025000, 43.600000 
53.421300, -113.904400, 43.302000 
49.305200, -114.000300, 170.822000 
55.335900, -119.223000, 39.200000 
51.181625, -114.472100, 3.122000 
53.733200, -113.486200, 13.720000 
58.500000, -119.416700, 67.200000 
55.725100, -119.399900, 73.640000 
51.965500, -114.753600, 134.058000 
52.776100, -115.660700, 313.100000 
50.086600, -110.716700, 569.549000 
53.572500, -113.360600, 489.071000 
54.572300, -115.522900, 305.610000 
53.448700, -114.449100, 901.518000 
52.940400, -114.832300, 93.400000 
51.039600, -114.559000, 95.000000 
52.385800, -113.595000, 248.760000 
54.596400, -110.395000, 1925.243000 
53.529100, -113.387500, 265.735000 
57.003300, -111.466100, 2573.550000 
50.647500, -113.772000, 29.205000 
53.181200, -115.762500, 434.604000 
57.040500, -111.619200, 36533.163000 
53.733200, -113.175000, 677.531000 
53.048100, -113.921000, 221.795000 
51.219500, -114.645400, 488.188000 
53.593060, -116.390300, 720.660000 
53.227700, -114.988900, 1238.740000 
52.758100, -114.111600, 197.400000 
53.508500, -114.557100, 2223.804000 
53.288500, -110.018300, 59.513000 
53.952700, -113.078000, 19.413000 
51.022770, -114.027660, 42.108000 
51.531700, -111.786100, 896.850000 
52.033030, -113.938910, 286.194000 
52.959300, -115.893800, 115.500000 
56.377200, -117.175600, 1046.640000 
51.065300, -115.221100, 38.257000 
51.022700, -114.037700, 2.332000 
50.577200, -111.178100, 172.426000 
53.863100, -113.393900, 19.600000 
53.098100, -115.245800, 36.300000 
53.522100, -113.378200, 1.910000 
52.035300, -115.137700, 164.199000 
50.671900, -113.459400, 174.400000 
58.460300, -115.238300, 21.493000 
53.402700, -117.599300, 55.780000 
53.099900, -115.316800, 265.500000 
58.447100, -119.238300, 87.804000 
53.593600, -113.335600, 173.200000 
55.086900, -110.528600, 48.939000 
51.526000, -113.880000, 895.901000 
49.725300, -112.790000, 0.658000 
55.029800, -118.744000, 2658.693000 
51.915300, -113.578100, 176.761000 
49.628100, -114.571900, 41.598000 
55.074200, -117.274200, 70.792000 
52.228400, -114.397700, 305.550000 
55.248100, -114.514000, 3129.950000 
52.212400, -113.843700, 74.324000 
52.904700, -115.324700, 43.500000 
52.766100, -114.285600, 12.540000 
53.725400, -113.193000, 147.271000 
51.056600, -115.164300, 5.495000 
52.869000, -115.101000, 26.400000 
51.189400, -113.937800, 92.703000 
53.323900, -110.262500, 30.200000 
54.846700, -112.567500, 169.000000 
53.908300, -118.816700, 7921.660000 
53.740700, -113.023100, 17.484000 
49.801900, -113.104700, 387.000000 
53.902300, -115.189300, 63.500000 
52.827500, -110.859600, 0.500000 
53.652200, -113.716400, 24.000000 
55.041500, -119.631000, 360.900000 
54.926900, -111.936100, 121.280000 
55.706400, -118.772800, 31.000000 
50.664700, -113.784200, 19.500000 
53.723500, -113.173800, 52.195000 
57.076100, -111.918900, 35.008000 
53.622800, -115.869400, 112.900000 
53.581600, -113.599100, 1055.800000 
53.608100, -111.264400, 36.800000 
50.269600, -112.893800, 1654.300000 
57.298900, -111.503300, 311.880000 
51.052000, -114.010500, 1.397000 
53.582200, -113.544400, 1.451000 
54.772900, -110.579000, 2101.330000 
52.966900, -111.253100, 25.700000 
54.427200, -116.884300, 248.217000 
52.308300, -113.550000, 452.168000 
57.546300, -119.112600, 665.000000 
53.670500, -115.762200, 28.100000 
53.345800, -111.251900, 20.000000 
57.218000, -111.027000, 2480.870000 
55.489100, -119.750800, 120.647000 
50.040920, -110.721904, 215.000000 
53.557500, -116.547200, 1026.202000 
54.483500, -118.100000, 32.070000 
53.250200, -115.555500, 36.447000 
51.034100, -114.035900, 0.340000 
51.099300, -112.639000, 60.990000 
53.960200, -116.460000, 65.790000 
51.031900, -114.022100, 0.320000 
58.194700, -116.350400, 3144.900000 
52.719000, -115.708000, 26.700000 
55.993500, -113.480500, 45.657000 
53.550500, -113.358900, 828.982000 
55.450900, -113.923000, 38.850000 
57.188000, -118.248900, 37.260000 
57.361200, -119.754000, 21.790000 
51.696900, -114.475000, 366.369000 
52.983100, -112.189800, 37.730000 
52.058000, -114.908000, 75.090000 
57.879100, -118.418300, 21.110000 
55.125900, -117.838000, 55.000000 
51.007900, -114.051300, 0.744000 
53.283800, -110.031900, 20.754000 
50.597600, -111.881800, 31.650000 
54.402000, -112.553000, 48.980000 
51.935300, -112.079200, 33.520000 
54.394900, -116.809000, 1820.000000 
51.984500, -114.743800, 371.061000 
54.829600, -118.647000, 76.040000 
54.288500, -116.978000, 36.580000 
53.244500, -116.238000, 64.390000 
51.444300, -114.527000, 29.940000 
53.757500, -113.149900, 26.300000 
52.755200, -110.747000, 52.860000 
53.862700, -110.639000, 21.700000 
51.068200, -115.136400, 60.640000 
55.432500, -116.486000, 919.269000 
51.130700, -114.009000, 54.440000 
55.199400, -116.221900, 18.200000 
51.015020, -114.026480, 156.000000 
50.704600, -110.844000, 118.640000 
55.814900, -119.365000, 21.390000 
55.913200, -115.150400, 347.382000 
50.697800, -111.531000, 140.970000 
51.400100, -114.034300, 230.760000 
54.510900, -115.511700, 197.795000 
50.693800, -114.330000, 64.930000 
51.407800, -113.668300, 65.400000 
51.943400, -114.736000, 121.430000 
50.583700, -113.871100, 27.717000 
54.284800, -115.698000, 856.302000 
54.094600, -112.306000, 35.410000 
51.028800, -114.044800, 34.200000 
53.132300, -115.981700, 220.290000 
53.826700, -113.603300, 56.668000 
51.006900, -113.192800, 38.610000 
54.293100, -116.188300, 118.086000 
57.351700, -111.522200, 15.911000 
55.481900, -119.059200, 23.944000 
54.587200, -112.803100, 3245.000000 
54.185400, -116.210400, 3922.650000 
53.091100, -111.768600, 453.400000 
53.472878, -113.616936, 1.478000 
55.582700, -110.888800, 54.539000 
51.058900, -115.174500, 606.000000 
55.866700, -119.596700, 21.338000 
53.039700, -111.220000, 47.607000 
53.373100, -116.086000, 70.400000 
54.238200, -115.379700, 249.300000 
53.906900, -115.186100, 40.776000 
55.069600, -110.536100, 256.103000 
55.040000, -115.475800, 1014.249000 
51.926500, -114.542700, 29.950000 
53.819400, -113.141900, 31.620000 
50.847000, -113.591000, 60.020000 
55.268600, -114.584700, 4696.360000 
49.975700, -114.130000, 85.510000 
56.031400, -117.976100, 167.420000 
50.061200, -110.723000, 19.266000 
50.963300, -112.288300, 61.240000 
59.063100, -118.875700, 90.961000 
50.701100, -111.095600, 62.760000 
53.581900, -113.590000, 0.158000 
58.555500, -118.915900, 37.809000 
50.676800, -110.018000, 20.300000 
54.043500, -117.420000, 105.540000 
53.519600, -113.529000, 130.590000 
51.222500, -114.495600, 388.780000 
53.529649, -113.495611, 1.443000 
53.817200, -113.133600, 26.014000 
51.024500, -114.025000, 32.200000 
53.799100, -113.080700, 57.250000 
