51.191300, -113.940900, 5.352000 
53.048100, -113.921000, 7.170000 
53.204500, -116.811200, 1.000000 
53.541700, -113.391700, 0.006000 
52.308300, -113.550000, 8.886000 
50.747700, -114.494700, 1.050000 
55.725100, -119.399900, 0.145000 
52.553700, -111.694000, 0.130000 
53.227700, -114.988900, 46.900000 
53.572500, -113.360600, 51.507000 
54.572300, -115.522900, 1.275000 
53.571700, -113.349800, 14.502000 
55.269500, -114.598300, 24.600000 
52.959300, -115.893800, 1.302000 
53.733200, -113.175000, 0.856000 
53.593060, -116.390300, 15.070000 
53.952700, -113.078000, 0.071000 
50.845800, -113.586700, 63.500000 
53.570000, -113.611400, 11.654000 
54.524700, -116.794300, 0.401000 
50.982200, -113.974200, 1.837000 
55.335900, -119.223000, 1.302000 
56.377200, -117.175600, 470.060000 
52.226300, -115.177000, 1.302000 
50.805300, -110.034900, 5.100000 
52.758100, -114.111600, 1.302000 
53.582300, -113.588600, 78.775000 
53.413300, -117.570600, 231.720000 
54.952700, -119.195300, 0.426000 
54.923116, -112.861867, 415.210000 
53.841600, -113.097900, 350.982000 
55.996700, -118.533600, 0.412000 
50.086600, -110.716700, 401.734000 
53.421300, -113.904400, 0.436000 
53.343600, -113.526900, 1.553000 
53.181200, -115.762500, 0.935000 
52.776100, -115.660700, 1.270000 
55.071200, -118.691200, 62.215000 
53.531993, -113.364925, 8.997000 
54.284800, -115.698000, 0.720000 
53.902300, -115.189300, 1.302000 
55.040000, -115.475800, 0.839000 
55.489100, -119.750800, 0.154000 
55.199400, -116.221900, 1.300000 
55.074200, -117.274200, 0.310000 
51.000700, -113.965670, 6.200000 
51.526000, -113.880000, 0.094000 
55.041500, -119.631000, 1.073000 
54.238200, -115.379700, 135.200000 
53.501040, -113.489732, 19.160000 
51.010160, -113.964210, 2.386000 
55.432500, -116.486000, 100.794000 
50.967800, -113.969900, 0.015000 
53.571290, -113.355400, 1.825000 
55.029800, -118.744000, 97.391000 
50.577200, -111.178100, 0.080000 
53.504000, -113.450200, 3.128000 
59.063100, -118.875700, 0.646000 
53.319300, -113.518000, 1.296000 
55.481900, -119.059200, 0.096000 
53.495200, -113.444900, 0.121000 
58.555500, -118.915900, 0.132000 
51.696900, -114.475000, 1.645000 
51.915300, -113.578100, 0.135000 
49.476100, -112.652500, 0.306000 
53.340200, -113.538100, 0.154000 
