52.226300, -115.177000, 1.181000 
55.358300, -114.617200, 0.260000 
54.194400, -116.632200, 4.420000 
52.758100, -114.111600, 1.022000 
53.746900, -113.164500, 0.710000 
52.308300, -113.550000, 6.009000 
51.534800, -114.203700, 1.365000 
53.546800, -113.734800, 0.290000 
53.245000, -115.674300, 0.180000 
54.952700, -119.195300, 4.990000 
50.647500, -113.772000, 0.193000 
53.354600, -113.715000, 0.725000 
53.572500, -113.360600, 3.771000 
55.725100, -119.399900, 0.349000 
54.524700, -116.794300, 1.664000 
55.335900, -119.223000, 0.575000 
54.596400, -110.395000, 3.363000 
53.421300, -113.904400, 0.480000 
52.776100, -115.660700, 2.045000 
53.952700, -113.078000, 0.082000 
52.959300, -115.893800, 1.103000 
52.553700, -111.694000, 0.380000 
53.652000, -116.099200, 0.141000 
53.804200, -113.082400, 38.538000 
53.733200, -113.175000, 2.249000 
51.570800, -114.851700, 0.434000 
54.423300, -117.760400, 0.021000 
55.996700, -118.533600, 0.438000 
56.380600, -116.795000, 0.158000 
52.146300, -115.330000, 2.770000 
53.795900, -113.099600, 6.656000 
53.048100, -113.921000, 2.093000 
51.965500, -114.753600, 0.364000 
53.288500, -110.018300, 0.460000 
57.003300, -111.466100, 25.326000 
50.747700, -114.494700, 0.149000 
53.541700, -113.391700, 3.701000 
51.191300, -113.940900, 0.593000 
57.040500, -111.619200, 50.480000 
53.740700, -113.023100, 0.013000 
51.926500, -114.542700, 0.115000 
53.543100, -117.797900, 0.443000 
57.351700, -111.522200, 0.006000 
54.284800, -115.698000, 13.590000 
51.984500, -114.743800, 1.448000 
51.915300, -113.578100, 4.337000 
53.544400, -113.366200, 0.150000 
53.550500, -113.358900, 0.476000 
55.040000, -115.475800, 0.456000 
49.628100, -114.571900, 0.033000 
53.557500, -116.547200, 3.773000 
53.250200, -115.555500, 0.081000 
51.696900, -114.475000, 1.738000 
54.772900, -110.579000, 0.018000 
53.550690, -113.349600, 2.500000 
59.063100, -118.875700, 3.311000 
52.869000, -115.101000, 1.209000 
53.745000, -110.810800, 0.054000 
53.530040, -113.402010, 2.250000 
55.086900, -110.528600, 0.001000 
50.269600, -112.893800, 1.506000 
55.041500, -119.631000, 1.893000 
54.510900, -115.511700, 2.624000 
57.546300, -119.112600, 2.030000 
51.526000, -113.880000, 0.369000 
55.116300, -118.813600, 0.103000 
55.489100, -119.750800, 0.281000 
50.543800, -111.795000, 0.087000 
53.170200, -114.975000, 0.282000 
55.199400, -116.221900, 0.446000 
50.963600, -113.976680, 2.798000 
53.286400, -110.017800, 0.001000 
55.069600, -110.536100, 0.005000 
53.616600, -115.711100, 0.256000 
54.588800, -115.862500, 0.051000 
51.058900, -115.174500, 3.680000 
53.373100, -116.086000, 1.278000 
58.555500, -118.915900, 0.190000 
52.172000, -114.599000, 0.060000 
52.904700, -115.324700, 2.909000 
53.902300, -115.189300, 0.263000 
53.091100, -111.768600, 0.789000 
54.185400, -116.210400, 0.065000 
