53.421300, -113.904400, 0.024000 
51.531700, -111.786100, 33016.000000 
50.805300, -110.034900, 145.400000 
53.721700, -113.191700, 260.066000 
50.647500, -113.772000, 2458.500000 
51.534800, -114.203700, 452.736000 
52.959300, -115.893800, 3839.680000 
54.194400, -116.632200, 11518.000000 
55.071200, -118.691200, 999.285000 
52.776100, -115.660700, 1348.470000 
53.593060, -116.390300, 28.950000 
53.227700, -114.988900, 21.100000 
52.553700, -111.694000, 748.500000 
52.226300, -115.177000, 1898.710000 
53.652000, -116.099200, 1473.220000 
56.377200, -117.175600, 646.900000 
53.560000, -114.486200, 12992.070000 
52.758100, -114.111600, 413.430000 
53.733200, -113.175000, 123.947000 
54.007100, -119.104000, 4790.000000 
54.423300, -117.760400, 994.090000 
51.570800, -114.851700, 9713.031000 
54.179100, -115.806000, 0.254000 
53.952700, -113.078000, 148.570000 
52.146300, -115.330000, 15183.000000 
53.718500, -113.183000, 0.095000 
51.742300, -114.134500, 2390.300000 
51.219500, -114.645400, 2425.200000 
51.022770, -114.027660, 0.132000 
57.040500, -111.619200, 81751.900000 
53.181200, -115.762500, 2232.530000 
53.288500, -110.018300, 19.574000 
53.841600, -113.097900, 2149.247000 
50.983000, -113.988400, 20.090000 
57.003300, -111.466100, 22019.850000 
52.564700, -112.141400, 24603.000000 
51.039600, -114.559000, 8021.000000 
53.344000, -114.305000, 14493.650000 
50.747700, -114.494700, 2430.000000 
55.335900, -119.223000, 226.500000 
53.541700, -113.391700, 4824.000000 
53.804200, -113.082400, 2.573000 
54.923116, -112.861867, 461.000000 
55.725100, -119.399900, 435.330000 
53.733200, -113.486200, 36.101000 
53.448700, -114.449100, 13041.000000 
54.572300, -115.522900, 1709.410000 
53.413300, -117.570600, 1136.550000 
53.245000, -115.674300, 12.800000 
51.191300, -113.940900, 3912.800000 
49.305200, -114.000300, 10962.746000 
54.596400, -110.395000, 2205.110000 
53.048100, -113.921000, 286.260000 
53.529100, -113.387500, 41.085000 
51.965500, -114.753600, 3830.930000 
58.500000, -119.416700, 320.030000 
52.308300, -113.550000, 69.024000 
53.795900, -113.099600, 368.000000 
53.546800, -113.734800, 8.200000 
54.524700, -116.794300, 844.200000 
54.130900, -115.546700, 1971.860000 
53.746900, -113.164500, 175.100000 
54.833300, -118.646700, 849.380000 
56.380600, -116.795000, 2605.750000 
55.358300, -114.617200, 0.625000 
53.204500, -116.811200, 4865.100000 
53.508500, -114.557100, 28894.000000 
52.940400, -114.832300, 348.930000 
53.354600, -113.715000, 467.920000 
50.912700, -114.011800, 20.706000 
51.012800, -114.022000, 85.312000 
55.074200, -117.274200, 1246.600000 
55.248100, -114.514000, 0.142000 
58.555500, -118.915900, 279.381000 
55.489100, -119.750800, 458.120000 
53.581600, -113.599100, 119.017000 
59.063100, -118.875700, 1048.300000 
51.007900, -114.051300, 0.017000 
53.250200, -115.555500, 19.700000 
51.696900, -114.475000, 191.590000 
53.557500, -116.547200, 2420.510000 
51.058900, -115.174500, 1521.000000 
53.817200, -113.133600, 146.870000 
53.550500, -113.358900, 1907.854000 
49.725300, -112.790000, 0.005000 
50.061200, -110.723000, 110.310000 
51.400100, -114.034300, 3881.000000 
57.076100, -111.918900, 19.820000 
53.529649, -113.495611, 0.010000 
51.926500, -114.542700, 586.180000 
52.228400, -114.397700, 279.160000 
54.772900, -110.579000, 403.210000 
54.846700, -112.567500, 0.030000 
52.308300, -113.550000, 1.376000 
57.546300, -119.112600, 212.400000 
50.269600, -112.893800, 392.840000 
55.069600, -110.536100, 151.696000 
54.427200, -116.884300, 3401.740000 
54.926900, -111.936100, 0.020000 
54.185400, -116.210400, 8184.980000 
51.022700, -114.037700, 0.018000 
54.284800, -115.698000, 279.420000 
53.582200, -113.544400, 0.010000 
51.526000, -113.880000, 1547.110000 
51.915300, -113.578100, 3321.690000 
52.904700, -115.324700, 19.800000 
53.560800, -113.415300, 88.800000 
53.522100, -113.378200, 0.015000 
53.531993, -113.364925, 4.150000 
53.132300, -115.981700, 3823.800000 
55.913200, -115.150400, 64.843000 
51.052000, -114.010500, 0.010000 
52.766100, -114.285600, 131.020000 
53.581900, -113.590000, 0.001000 
55.040000, -115.475800, 31.043000 
51.056600, -115.164300, 268.354000 
53.472878, -113.616936, 0.010000 
55.481900, -119.059200, 3235.100000 
51.984500, -114.743800, 858.710000 
55.086900, -110.528600, 38.863000 
49.628100, -114.571900, 2514.300000 
