57.040500, -111.619200, 8.945000 
52.959300, -115.893800, 10.999000 
55.335900, -119.223000, 0.900000 
51.219500, -114.645400, 10.750000 
51.191300, -113.940900, 125.693000 
52.146300, -115.330000, 687.580000 
52.226300, -115.177000, 31.007000 
51.570800, -114.851700, 830.720000 
51.039600, -114.559000, 245.000000 
49.305200, -114.000300, 485.400000 
53.733200, -113.486200, 0.268000 
55.725100, -119.399900, 24.339000 
54.194400, -116.632200, 200.000000 
53.204500, -116.811200, 97.870000 
52.758100, -114.111600, 1.237000 
54.833300, -118.646700, 16.290000 
50.747700, -114.494700, 34.193000 
57.003300, -111.466100, 51.807000 
53.557500, -116.547200, 53.413000 
54.427200, -116.884300, 71.290000 
54.185400, -116.210400, 118.700000 
51.400100, -114.034300, 59.090000 
51.526000, -113.880000, 234.246000 
53.132300, -115.981700, 132.600000 
57.546300, -119.112600, 1.120000 
55.074200, -117.274200, 0.456000 
