53.533000, -113.411500, 0.940000 
53.413300, -117.570600, 27.270000 
55.071200, -118.691200, 19.470000 
53.344000, -114.305000, 51.013000 
51.531700, -111.786100, 113.978000 
53.508500, -114.557100, 62.444000 
56.377200, -117.175600, 7.439000 
53.560000, -114.486200, 26.328000 
53.570000, -113.611400, 0.130000 
53.733200, -113.175000, 9.245000 
53.727300, -113.087100, 0.042000 
54.007100, -119.104000, 53.625000 
52.564700, -112.141400, 126.551000 
53.448700, -114.449100, 25.287000 
55.070600, -118.688800, 0.025000 
53.798900, -112.898400, 0.007000 
53.550500, -113.358900, 11.787000 
