51.531700, -111.786100, 38.201000 
53.344000, -114.305000, 8.330000 
53.804200, -113.082400, 0.004000 
54.923116, -112.861867, 9.820000 
53.413300, -117.570600, 7.890000 
54.007100, -119.104000, 0.664000 
55.071200, -118.691200, 6.219000 
56.377200, -117.175600, 3.758000 
51.039600, -114.559000, 40.000000 
53.841600, -113.097900, 21.950000 
53.560000, -114.486200, 19.249000 
53.508500, -114.557100, 36.273000 
57.003300, -111.466100, 416.974000 
53.541700, -113.391700, 138.040000 
57.040500, -111.619200, 897.527000 
53.448700, -114.449100, 16.377000 
53.721700, -113.191700, 6.936000 
53.550500, -113.358900, 127.622000 
