54.194400, -116.632200, 24.703000 
55.071200, -118.691200, 17.010000 
51.534800, -114.203700, 0.214000 
55.996700, -118.533600, 3.809000 
51.570800, -114.851700, 83.610000 
52.146300, -115.330000, 288.880000 
54.423300, -117.760400, 7.197000 
53.652000, -116.099200, 8.586000 
54.923116, -112.861867, 10.425000 
55.725100, -119.399900, 2.682000 
49.305200, -114.000300, 156.200000 
53.413300, -117.570600, 22.980000 
51.039600, -114.559000, 4.600000 
51.191300, -113.940900, 10.894000 
54.833300, -118.646700, 1.298000 
50.747700, -114.494700, 10.932000 
53.541700, -113.391700, 3.881000 
53.546800, -113.734800, 0.490000 
53.245000, -115.674300, 0.183000 
53.204500, -116.811200, 6.384000 
58.500000, -119.416700, 4.865000 
56.380600, -116.795000, 0.968000 
53.354600, -113.715000, 4.978000 
55.358300, -114.617200, 0.016000 
52.940400, -114.832300, 0.050000 
50.805300, -110.034900, 0.077000 
53.795900, -113.099600, 0.973000 
51.965500, -114.753600, 565.410000 
53.048100, -113.921000, 1.560000 
50.647500, -113.772000, 0.281000 
54.524700, -116.794300, 5.137000 
53.181200, -115.762500, 24.320000 
57.040500, -111.619200, 32.246000 
54.572300, -115.522900, 19.149000 
53.421300, -113.904400, 0.086000 
52.776100, -115.660700, 6.804000 
55.335900, -119.223000, 5.615000 
56.377200, -117.175600, 15.480000 
53.733200, -113.175000, 0.129000 
52.959300, -115.893800, 13.875000 
51.219500, -114.645400, 2.696000 
53.952700, -113.078000, 0.554000 
52.553700, -111.694000, 18.160000 
54.596400, -110.395000, 6.076000 
53.288500, -110.018300, 0.210000 
57.003300, -111.466100, 21.800000 
52.758100, -114.111600, 5.078000 
54.284800, -115.698000, 2.883000 
51.984500, -114.743800, 0.013000 
51.926500, -114.542700, 0.092000 
56.981400, -111.475800, 0.987000 
55.074200, -117.274200, 4.765000 
53.557500, -116.547200, 0.019000 
58.555500, -118.915900, 1.161000 
53.250200, -115.555500, 0.210000 
50.583700, -113.871100, 25.970000 
55.913200, -115.150400, 0.690000 
53.721800, -113.192700, 0.001000 
53.132300, -115.981700, 4.854000 
51.526000, -113.880000, 6.790000 
55.040000, -115.475800, 0.402000 
52.904700, -115.324700, 1.457000 
53.757500, -113.149900, 0.004000 
51.915300, -113.578100, 10.918000 
55.393100, -110.738300, 0.019000 
50.269600, -112.893800, 0.798000 
57.054200, -111.917200, 0.482000 
53.550500, -113.358900, 1.393000 
55.481900, -119.059200, 25.279000 
51.696900, -114.475000, 1.868000 
52.095600, -114.799300, 0.250000 
49.628100, -114.571900, 5.670000 
55.489100, -119.750800, 16.656000 
57.546300, -119.112600, 0.180000 
54.185400, -116.210400, 3.551000 
53.543100, -117.797900, 0.604000 
53.902300, -115.189300, 0.660000 
51.400100, -114.034300, 4.783000 
52.588100, -111.206100, 0.257000 
54.427200, -116.884300, 6.013000 
59.063100, -118.875700, 6.993000 
