53.288500, -110.018300, 0.060000 
53.804200, -113.082400, 0.019000 
51.005270, -114.063500, 0.100000 
53.733200, -113.175000, 0.122000 
52.308300, -113.550000, 0.422000 
53.795900, -113.099600, 0.318000 
53.589400, -113.574700, 0.010000 
53.745000, -110.810800, 0.026000 
53.170200, -114.975000, 0.138000 
55.116300, -118.813600, 0.051000 
53.286400, -110.017800, 0.004000 
50.543800, -111.795000, 0.043000 
53.616600, -115.711100, 0.126000 
52.172000, -114.599000, 0.030000 
50.058200, -110.728200, 10.285000 
