53.546800, -113.734800, 0.270000 
53.952700, -113.078000, 0.182000 
53.589400, -113.574700, 0.005000 
53.048100, -113.921000, 0.878000 
54.572300, -115.522900, 1.697000 
54.524700, -116.794300, 0.015000 
53.421300, -113.904400, 0.204000 
54.194400, -116.632200, 0.500000 
52.146300, -115.330000, 0.240000 
57.003300, -111.466100, 77.623000 
52.758100, -114.111600, 0.136000 
50.982200, -113.974200, 0.001000 
53.795900, -113.099600, 2.951000 
52.226300, -115.177000, 0.501000 
52.959300, -115.893800, 0.243000 
55.725100, -119.399900, 0.052000 
52.776100, -115.660700, 0.164000 
51.965500, -114.753600, 0.354000 
51.570800, -114.851700, 0.049000 
53.652000, -116.099200, 0.032000 
57.040500, -111.619200, 53.052000 
53.746900, -113.164500, 0.030000 
53.245000, -115.674300, 0.120000 
55.358300, -114.617200, 0.070000 
53.541700, -113.391700, 2.983000 
50.959200, -113.981200, 0.045000 
53.902300, -115.189300, 0.115000 
49.628100, -114.571900, 0.025000 
52.172000, -114.599000, 0.044000 
53.170200, -114.975000, 0.206000 
55.199400, -116.221900, 0.194000 
53.745000, -110.810800, 0.039000 
50.543800, -111.795000, 0.063000 
57.546300, -119.112600, 0.570000 
53.616600, -115.711100, 0.187000 
53.527200, -113.354800, 0.054000 
55.116300, -118.813600, 0.076000 
52.656700, -111.311900, 0.002000 
54.420500, -110.213100, 0.004000 
53.286400, -110.017800, 0.026000 
50.963600, -113.976680, 0.124000 
53.530040, -113.402010, 0.325000 
51.696900, -114.475000, 0.086000 
51.526000, -113.880000, 0.029000 
54.510900, -115.511700, 0.236000 
