54.923116, -112.861867, 0.014310 
53.541700, -113.391700, 0.070544 
57.040500, -111.619200, 0.225279 
53.344000, -114.305000, 0.212000 
53.448700, -114.449100, 0.044456 
55.071200, -118.691200, 0.022532 
53.529100, -113.387500, 0.503133 
53.560000, -114.486200, 0.015000 
50.992000, -114.059000, 0.002000 
53.508500, -114.557100, 0.016664 
53.413300, -117.570600, 0.022210 
50.991700, -114.064000, 0.676400 
53.550500, -113.358900, 0.029795 
53.581600, -113.599100, 0.017600 
51.068200, -115.136400, 0.000074 
