50.983000, -113.988400, 220.010000 
53.652000, -116.099200, 40.861000 
52.226300, -115.177000, 257.841000 
53.546800, -113.734800, 111.400000 
53.181200, -115.762500, 14.408000 
54.952700, -119.195300, 109.614000 
53.421300, -113.904400, 26.301000 
54.423300, -117.760400, 18.500000 
50.647500, -113.772000, 135.160000 
52.033030, -113.938910, 57.568000 
53.722900, -113.174000, 0.239000 
52.146300, -115.330000, 443.530000 
53.841600, -113.097900, 371.612000 
53.795900, -113.099600, 283.680000 
52.758100, -114.111600, 337.216000 
55.358300, -114.617200, 93.118000 
54.923116, -112.861867, 491.700000 
51.022770, -114.027660, 1324.454000 
53.804200, -113.082400, 120.968000 
54.833300, -118.646700, 83.718000 
53.560000, -114.486200, 84.203000 
53.245000, -115.674300, 162.550000 
53.733200, -113.175000, 493.877000 
54.194400, -116.632200, 237.140000 
50.805300, -110.034900, 579.920000 
53.288500, -110.018300, 1771.110000 
57.003300, -111.466100, 21297.522000 
51.419100, -114.027000, 192.599000 
53.448700, -114.449100, 108.000000 
51.534800, -114.203700, 106.223000 
53.508500, -114.557100, 266.856000 
57.040500, -111.619200, 11666.552000 
53.776000, -113.088600, 11.974000 
56.377200, -117.175600, 509.240000 
53.559400, -113.597500, 10.202000 
50.086600, -110.716700, 439.256000 
53.746900, -113.164500, 185.040000 
53.413300, -117.570600, 292.833000 
52.959300, -115.893800, 266.567000 
53.570000, -113.611400, 12.550000 
51.570800, -114.851700, 884.114000 
50.987300, -113.971000, 735.000000 
49.713599, -112.796397, 922.040000 
53.478700, -113.482700, 17.590000 
50.747700, -114.494700, 62.307000 
50.845800, -113.586700, 83.180000 
53.952700, -113.078000, 7.407000 
53.354600, -113.715000, 37.178000 
55.725100, -119.399900, 51.974000 
53.571700, -113.349800, 42.200000 
52.940400, -114.832300, 78.660000 
55.269500, -114.598300, 545.090000 
53.572500, -113.360600, 143.023000 
54.572300, -115.522900, 491.711000 
51.219500, -114.645400, 22.535000 
49.720100, -112.781900, 27.140000 
52.308300, -113.550000, 400.864000 
53.541700, -113.391700, 1090.000000 
53.593060, -116.390300, 177.080000 
53.539700, -113.409200, 404.339000 
53.048100, -113.921000, 364.395000 
52.496000, -114.988000, 19.662000 
55.071200, -118.691200, 270.457000 
53.582300, -113.588600, 90.995000 
53.204500, -116.811200, 113.560000 
51.965500, -114.753600, 181.047000 
51.637200, -112.866000, 247.520000 
55.996700, -118.533600, 71.576000 
52.385800, -113.595000, 441.260000 
54.596400, -110.395000, 672.630000 
51.191300, -113.940900, 222.979000 
53.529100, -113.387500, 56.760000 
52.553700, -111.694000, 54.720000 
55.335900, -119.223000, 162.606000 
58.500000, -119.416700, 39.430000 
50.675600, -110.025000, 964.000000 
51.039600, -114.559000, 396.000000 
49.305200, -114.000300, 1248.398000 
54.524700, -116.794300, 255.822000 
53.227700, -114.988900, 645.830000 
52.776100, -115.660700, 197.732000 
51.915300, -113.578100, 80.266000 
58.555500, -118.915900, 93.235000 
53.550500, -113.358900, 658.146000 
54.284800, -115.698000, 179.414000 
53.472878, -113.616936, 0.097000 
53.529649, -113.495611, 0.094000 
53.373100, -116.086000, 377.150000 
55.069600, -110.536100, 24.180000 
52.301100, -113.856100, 10.400000 
52.869000, -115.101000, 342.720000 
53.091100, -111.768600, 198.679000 
50.671900, -110.028900, 11.175000 
52.904700, -115.324700, 475.530000 
53.481700, -113.489000, 34.962000 
50.697800, -111.531000, 24.850000 
52.755200, -110.747000, 10.910000 
51.015020, -114.026480, 58.200000 
50.959200, -113.981200, 444.808000 
53.527200, -113.354800, 381.402000 
52.315900, -113.850000, 169.000000 
51.001000, -114.061200, 144.826000 
57.351700, -111.522200, 8.986000 
56.981400, -111.462500, 86.604000 
50.040920, -110.721904, 8.000000 
49.801900, -113.104700, 17.510000 
50.269600, -112.893800, 185.700000 
53.652200, -113.716400, 16.980000 
54.846700, -112.567500, 1.430000 
52.766100, -114.285600, 1.252000 
53.863100, -113.393900, 51.330000 
53.550690, -113.349600, 973.900000 
57.298900, -111.503300, 1339.641000 
53.593600, -113.335600, 28.920000 
52.674300, -111.311600, 11.078000 
54.420500, -110.213100, 1.440000 
53.286400, -110.017800, 13.720000 
52.656700, -111.311900, 4.530000 
50.577200, -111.178100, 31.902000 
54.926900, -111.936100, 1.020000 
49.303500, -113.794000, 44.227000 
52.308300, -113.550000, 0.107000 
50.635600, -114.237500, 17.491000 
51.910600, -114.668100, 45.585000 
52.405800, -114.391900, 14.223000 
53.522100, -113.378200, 1.198000 
49.725300, -112.790000, 0.043000 
53.582200, -113.544400, 0.095000 
51.022700, -114.037700, 1.034000 
51.045078, -114.092040, 17.700000 
50.963600, -113.976680, 859.250000 
53.530040, -113.402010, 684.923000 
51.052000, -114.010500, 0.915000 
53.584100, -113.614400, 33.229000 
53.573900, -113.597100, 66.811000 
56.981400, -111.475800, 70.737000 
51.024190, -114.035300, 95.813000 
51.031900, -114.022100, 1.870000 
51.034100, -114.035900, 1.870000 
53.544400, -113.366200, 41.600000 
51.004250, -114.050900, 22.500000 
53.574200, -113.530600, 21.000000 
53.576230, -113.595660, 99.652000 
53.501040, -113.489732, 126.617000 
52.375200, -114.921600, 103.300000 
51.016000, -114.061400, 12.885000 
57.054200, -111.917200, 36.814000 
53.543100, -117.797900, 123.264000 
52.588100, -111.206100, 19.896000 
53.906900, -115.186100, 14.506000 
53.319800, -113.571800, 36.000000 
53.725400, -113.193000, 9.643000 
51.034710, -114.025600, 35.520000 
55.029800, -118.744000, 1502.543000 
51.078650, -114.017660, 8.460000 
55.041500, -119.631000, 120.980000 
55.481900, -119.059200, 15.094000 
54.238200, -115.379700, 488.300000 
49.701943, -112.803037, 344.260000 
53.250200, -115.555500, 29.416000 
54.588800, -115.862500, 11.570000 
55.040000, -115.475800, 10.871000 
50.583700, -113.871100, 30.843000 
51.005290, -114.058570, 100.900000 
55.489100, -119.750800, 12.694000 
49.628100, -114.571900, 7.786000 
57.546300, -119.112600, 147.240000 
54.185400, -116.210400, 177.450000 
53.757500, -113.149900, 217.600000 
51.400100, -114.034300, 128.713000 
51.696900, -114.475000, 190.900000 
53.531993, -113.364925, 85.015000 
54.772900, -110.579000, 147.395000 
53.544350, -113.374010, 13.400000 
53.022700, -112.811400, 64.700000 
51.926500, -114.542700, 45.955000 
53.728270, -113.235520, 48.677000 
51.984500, -114.743800, 38.708000 
53.283800, -110.031900, 66.400000 
53.581600, -113.599100, 25.000000 
54.510900, -115.511700, 240.913000 
54.427200, -116.884300, 257.690000 
53.132300, -115.981700, 226.371000 
53.456206, -113.487312, 358.843000 
52.035300, -115.137700, 142.001000 
55.993500, -113.480500, 13.104000 
53.563200, -113.634800, 28.859000 
49.729139, -112.781105, 12.421000 
53.581900, -113.590000, 0.197000 
55.074200, -117.274200, 124.536000 
51.007900, -114.051300, 3.798000 
55.199400, -116.221900, 157.760000 
53.740700, -113.023100, 16.452000 
53.902300, -115.189300, 140.073000 
52.212400, -113.843700, 184.733000 
52.228400, -114.397700, 87.730000 
51.526000, -113.880000, 255.261000 
50.981270, -113.971610, 32.090000 
53.799100, -113.080700, 21.104000 
51.026100, -113.387800, 1.130000 
50.058200, -110.728200, 28.879000 
59.063100, -118.875700, 88.423000 
53.557500, -116.547200, 33.311000 
53.817200, -113.133600, 30.959000 
51.222500, -114.495600, 68.861000 
55.432500, -116.486000, 36.081000 
51.058900, -115.174500, 11.470000 
51.075800, -115.338300, 2.400000 
53.670500, -115.762200, 165.020000 
53.908300, -118.816700, 720.000000 
51.000700, -113.965670, 0.049000 
51.012800, -114.022000, 109.269000 
50.912700, -114.011800, 21.837000 
