49.701100, -112.787800, 9.107000 
55.269500, -114.598300, 81.240000 
52.758100, -114.111600, 5.000000 
53.571700, -113.349800, 114.000000 
51.022770, -114.027660, 0.419000 
50.983000, -113.988400, 63.660000 
52.776100, -115.660700, 1.600000 
56.377200, -117.175600, 125.970000 
52.959300, -115.893800, 16.000000 
52.033030, -113.938910, 36.563000 
53.227700, -114.988900, 96.000000 
53.952700, -113.078000, 0.102000 
51.219500, -114.645400, 4.290000 
53.421300, -113.904400, 0.009000 
51.637200, -112.866000, 2.200000 
53.593060, -116.390300, 104.490000 
53.181200, -115.762500, 12.040000 
52.553700, -111.694000, 6.750000 
54.524700, -116.794300, 1.422000 
54.179100, -115.806000, 1.355000 
49.789400, -112.126100, 0.490000 
50.647500, -113.772000, 4.030000 
51.531700, -111.786100, 334.100000 
54.194400, -116.632200, 32.700000 
53.795900, -113.099600, 11.696000 
52.564700, -112.141400, 428.000000 
54.923116, -112.861867, 191.600000 
54.144400, -115.691700, 0.918000 
53.804200, -113.082400, 14.626000 
54.833300, -118.646700, 3.702000 
53.413300, -117.570600, 473.170000 
54.007100, -119.104000, 45.200000 
50.805300, -110.034900, 7.400000 
53.746900, -113.164500, 1.000000 
55.070600, -118.688800, 1.886000 
50.846700, -113.581170, 53.500000 
53.529100, -113.387500, 63.751000 
54.596400, -110.395000, 171.651000 
53.539700, -113.409200, 11.500000 
53.572500, -113.360600, 13.085000 
51.570800, -114.851700, 2.264000 
54.572300, -115.522900, 8.198000 
53.582300, -113.588600, 2.062000 
54.775000, -115.218600, 0.428000 
55.996700, -118.533600, 1.731000 
52.496000, -114.988000, 5.350000 
55.335900, -119.223000, 6.500000 
55.071200, -118.691200, 122.788000 
53.448700, -114.449100, 396.939000 
52.385800, -113.595000, 2.540000 
49.305200, -114.000300, 13.873000 
53.533000, -113.411500, 0.639000 
51.191300, -113.940900, 8.570000 
51.965500, -114.753600, 13.934000 
53.204500, -116.811200, 20.676000 
51.039600, -114.559000, 9.000000 
53.048100, -113.921000, 1.573000 
50.845800, -113.586700, 6.517000 
55.725100, -119.399900, 0.462000 
53.344000, -114.305000, 253.270000 
52.308300, -113.550000, 73.863000 
50.747700, -114.494700, 1.199000 
49.713599, -112.796397, 2.320000 
53.541700, -113.391700, 221.206000 
56.380600, -116.795000, 25.682000 
53.508500, -114.557100, 1084.892000 
53.288500, -110.018300, 5.402000 
50.086600, -110.716700, 12.883000 
53.776000, -113.088600, 2.976000 
53.733200, -113.175000, 17.966000 
53.560000, -114.486200, 309.297000 
57.040500, -111.619200, 605.635000 
53.721700, -113.191700, 11.920000 
54.423300, -117.760400, 3.294000 
52.146300, -115.330000, 5.720000 
53.652000, -116.099200, 1.212000 
53.841600, -113.097900, 229.425000 
53.354600, -113.715000, 1.021000 
52.226300, -115.177000, 9.600000 
58.500000, -119.416700, 7.920000 
54.952700, -119.195300, 3.029000 
51.534800, -114.203700, 1.476000 
52.940400, -114.832300, 13.470000 
53.728270, -113.235520, 0.582000 
54.772900, -110.579000, 97.587000 
51.984500, -114.743800, 3.593000 
51.696900, -114.475000, 1.917000 
53.757500, -113.149900, 10.100000 
55.913200, -115.150400, 1.173000 
52.035300, -115.137700, 8.310000 
51.926500, -114.542700, 1.114000 
51.400100, -114.034300, 6.677000 
54.185400, -116.210400, 17.660000 
54.284800, -115.698000, 2.657000 
53.022700, -112.811400, 0.763000 
53.132300, -115.981700, 62.966000 
54.427200, -116.884300, 18.450000 
51.526000, -113.880000, 0.688000 
51.022700, -114.037700, 0.215000 
53.550500, -113.358900, 220.708000 
55.866700, -119.596700, 0.494000 
53.826700, -113.603300, 1.709000 
53.522100, -113.378200, 0.176000 
53.039700, -111.220000, 1.447000 
53.555000, -113.477400, 0.504000 
53.565150, -113.364550, 1.017000 
53.333300, -113.534500, 0.862000 
53.651700, -113.265800, 7.166000 
53.559040, -113.693580, 3.446000 
50.963300, -112.288300, 1.410000 
51.407800, -113.668300, 2.610000 
54.293100, -116.188300, 3.589000 
51.034100, -114.035900, 0.010000 
50.443600, -110.882500, 0.600000 
54.510900, -115.511700, 4.936000 
53.066500, -117.404800, 0.312000 
50.701100, -111.095600, 1.450000 
50.676800, -110.018000, 0.790000 
53.571300, -113.339300, 3.627000 
49.878996, -112.774388, 0.384000 
51.052400, -113.994700, 1.467000 
51.020210, -114.019246, 15.279000 
50.026580, -110.665700, 10.037000 
49.790600, -112.131400, 0.804000 
53.573220, -113.316410, 0.961000 
53.550100, -113.775600, 6.037000 
50.991500, -114.030100, 1.709000 
53.659500, -113.478300, 0.331000 
50.991700, -114.030300, 0.350000 
53.506900, -113.373400, 0.322000 
51.168600, -114.210900, 0.849000 
55.757600, -118.696700, 9.933000 
55.736900, -117.185800, 8.804000 
49.725296, -112.798487, 2.650000 
54.394900, -116.809000, 2.466000 
58.194700, -116.350400, 4.260000 
51.007900, -114.051300, 2.270000 
55.268600, -114.584700, 6.360000 
55.993500, -113.480500, 4.611000 
53.576900, -113.570600, 1.193000 
55.199400, -116.221900, 0.400000 
53.723500, -113.173800, 6.446000 
55.074200, -117.274200, 1.181000 
52.940500, -112.721400, 1.901000 
53.670500, -115.762200, 1.100000 
52.018100, -113.961700, 0.320000 
53.719000, -113.205600, 0.470000 
53.099900, -115.316800, 0.360000 
57.218000, -111.027000, 3.360000 
53.908300, -118.816700, 44.820000 
50.058200, -110.728200, 203.100000 
51.189400, -113.937800, 2.539000 
52.228400, -114.397700, 16.550000 
52.212400, -113.843700, 1.681000 
51.915300, -113.578100, 0.817000 
51.031900, -114.022100, 0.010000 
53.863100, -113.393900, 1.900000 
52.766100, -114.285600, 1.433000 
54.587200, -112.803100, 4.400000 
53.740700, -113.023100, 1.581000 
53.799100, -113.080700, 7.428000 
53.581900, -113.590000, 0.003000 
53.902300, -115.189300, 4.800000 
53.498600, -113.387900, 0.304000 
49.693900, -112.096200, 0.480000 
53.332300, -113.524100, 3.040000 
55.041500, -119.631000, 2.300000 
53.798900, -112.898400, 0.510000 
49.628100, -114.571900, 0.844000 
53.394200, -113.570700, 0.442000 
50.597600, -111.881800, 10.596000 
55.040000, -115.475800, 4.954000 
54.588800, -115.862500, 1.185000 
57.546300, -119.112600, 1.000000 
55.481900, -119.059200, 0.445000 
50.061200, -110.723000, 0.769000 
53.283800, -110.031900, 5.948000 
53.721800, -113.192700, 2.400000 
55.029800, -118.744000, 149.408000 
53.725400, -113.193000, 14.085000 
49.701943, -112.803037, 0.648000 
54.238200, -115.379700, 4.400000 
59.063100, -118.875700, 4.603000 
53.557500, -116.547200, 10.795000 
51.030750, -113.399500, 1.000000 
58.555500, -118.915900, 0.752000 
57.298900, -111.503300, 7.266000 
51.798200, -114.098000, 0.185000 
50.991700, -114.064000, 2.920000 
53.817200, -113.133600, 0.528000 
51.058900, -115.174500, 117.480000 
53.250200, -115.555500, 0.448000 
55.489100, -119.750800, 0.566000 
50.583700, -113.871100, 36.704000 
53.576280, -113.317500, 1.036000 
51.222500, -114.495600, 8.950000 
49.723497, -112.785116, 0.310000 
53.581600, -113.599100, 3.680000 
53.574500, -113.313900, 0.164000 
54.402000, -112.553000, 0.800000 
53.960200, -116.460000, 1.520000 
51.099300, -112.639000, 1.400000 
57.361200, -119.754000, 0.500000 
54.829600, -118.647000, 1.760000 
55.450900, -113.923000, 0.510000 
51.360600, -111.745900, 0.400000 
57.188000, -118.248900, 0.630000 
54.483500, -118.100000, 0.730000 
54.288500, -116.978000, 0.840000 
52.719000, -115.708000, 0.610000 
54.043500, -117.420000, 1.580000 
49.975700, -114.130000, 0.710000 
56.031400, -117.976100, 0.440000 
53.637800, -112.028400, 0.410000 
51.935300, -112.079200, 0.770000 
52.983100, -112.189800, 0.870000 
50.817600, -110.448000, 0.580000 
52.058000, -114.908000, 1.740000 
55.125900, -117.838000, 1.270000 
53.862700, -110.639000, 0.500000 
51.068200, -115.136400, 192.460000 
49.701000, -112.802700, 12.546000 
51.015020, -114.026480, 30.154000 
53.481700, -113.489000, 0.332000 
51.943400, -114.736000, 2.810000 
55.814900, -119.365000, 0.810000 
54.094600, -112.306000, 0.810000 
50.704600, -110.844000, 2.740000 
50.697800, -111.531000, 8.940000 
55.129100, -119.397000, 0.870000 
53.244500, -116.238000, 0.850000 
51.444300, -114.527000, 0.690000 
50.693800, -114.330000, 1.500000 
53.470500, -116.496100, 1.330000 
51.316900, -113.390300, 0.310000 
52.355300, -115.332000, 0.340000 
52.904700, -115.324700, 1.300000 
50.577200, -111.178100, 0.374000 
53.402700, -117.599300, 0.570000 
52.308300, -113.550000, 41.134000 
56.373300, -119.922800, 0.520000 
50.671900, -110.028900, 0.353000 
52.869000, -115.101000, 1.100000 
55.086900, -110.528600, 1.103000 
57.076100, -111.918900, 0.712000 
49.801900, -113.104700, 0.500000 
53.622800, -115.869400, 0.300000 
50.040920, -110.721904, 33.500000 
54.846700, -112.567500, 0.460000 
54.926900, -111.936100, 0.330000 
50.269600, -112.893800, 4.700000 
49.789000, -112.134440, 9.100000 
51.006900, -113.192800, 2.297000 
51.024500, -114.025000, 11.460000 
57.351700, -111.522200, 9.665000 
53.529649, -113.495611, 0.033000 
51.028800, -114.044800, 0.710000 
53.519600, -113.529000, 3.019000 
55.582700, -110.888800, 1.217000 
53.091100, -111.768600, 1.200000 
53.373100, -116.086000, 0.500000 
50.847000, -113.591000, 5.540000 
53.819400, -113.141900, 2.930000 
55.069600, -110.536100, 4.761000 
53.472878, -113.616936, 0.033000 
