55.071200, -118.691200, 75.223000 
53.204500, -116.811200, 6.935000 
53.560000, -114.486200, 162.061000 
53.413300, -117.570600, 72.600000 
53.841600, -113.097900, 2300.343000 
54.923116, -112.861867, 34.700000 
49.789400, -112.126100, 21.600000 
54.144400, -115.691700, 0.158000 
53.721700, -113.191700, 53.385000 
52.322100, -113.516600, 45.986000 
52.033030, -113.938910, 38.629000 
53.541700, -113.391700, 4.017000 
57.040500, -111.619200, 1242.625000 
56.377200, -117.175600, 117.556000 
53.570000, -113.611400, 0.948000 
50.845800, -113.586700, 1488.200000 
53.571700, -113.349800, 43.500000 
50.086600, -110.716700, 1991.483000 
51.002000, -113.988200, 0.907000 
53.560800, -113.415300, 198.800000 
50.583700, -113.871100, 12.760000 
51.000700, -113.965670, 0.043000 
51.012800, -114.022000, 297.110000 
53.719000, -113.205600, 6.900000 
51.075800, -115.338300, 4.950000 
50.912700, -114.011800, 59.428000 
53.725400, -113.193000, 107.038000 
53.725000, -113.192800, 10.859000 
50.597600, -111.881800, 1.100000 
52.308800, -113.790000, 33.700000 
51.026100, -113.387800, 2.320000 
53.628800, -113.307700, 52.000000 
49.700650, -112.803288, 2.273000 
53.721800, -113.192700, 172.817000 
