57.040500, -111.619200, 0.014650 
53.529100, -113.387500, 0.012459 
54.596400, -110.395000, 0.025157 
55.071200, -118.691200, 0.004388 
53.795900, -113.099600, 0.004730 
53.508500, -114.557100, 0.064806 
53.448700, -114.449100, 0.023486 
53.560000, -114.486200, 0.006620 
53.413300, -117.570600, 0.009930 
53.344000, -114.305000, 0.018000 
54.923116, -112.861867, 0.005213 
54.775000, -115.218600, 0.000140 
54.144400, -115.691700, 0.000500 
56.377200, -117.175600, 0.005920 
51.068200, -115.136400, 0.000120 
53.581600, -113.599100, 0.000300 
53.550500, -113.358900, 0.010312 
55.248100, -114.514000, 0.000259 
50.991700, -114.064000, 0.007600 
