53.776000, -113.088600, 2.976000 
57.003300, -111.466100, 1217.300000 
53.288500, -110.018300, 5.407000 
53.560000, -114.486200, 1500.698000 
57.040500, -111.619200, 2999.094000 
53.508500, -114.557100, 3308.694000 
53.733200, -113.175000, 578.914000 
50.086600, -110.716700, 76.593000 
53.571700, -113.349800, 136.700000 
53.539700, -113.409200, 11.500000 
53.529100, -113.387500, 159.136000 
54.596400, -110.395000, 171.651000 
50.846700, -113.581170, 53.500000 
53.572500, -113.360600, 29.643000 
51.022770, -114.027660, 0.419000 
53.421300, -113.904400, 4.737000 
56.377200, -117.175600, 196.830000 
50.983000, -113.988400, 63.660000 
53.181200, -115.762500, 12.040000 
52.033030, -113.938910, 48.091000 
53.227700, -114.988900, 184.480000 
55.269500, -114.598300, 129.280000 
53.593060, -116.390300, 187.720000 
53.952700, -113.078000, 0.102000 
51.219500, -114.645400, 4.290000 
52.564700, -112.141400, 1279.000000 
54.179100, -115.806000, 4.145000 
53.795900, -113.099600, 11.696000 
54.144400, -115.691700, 287.240000 
54.194400, -116.632200, 32.700000 
53.413300, -117.570600, 739.326000 
53.804200, -113.082400, 19.903000 
54.923116, -112.861867, 265.300000 
49.789400, -112.126100, 150.300000 
55.071200, -118.691200, 193.260000 
52.496000, -114.988000, 5.350000 
54.007100, -119.104000, 703.000000 
51.531700, -111.786100, 850.000000 
50.747700, -114.494700, 2.641000 
53.448700, -114.449100, 1370.291000 
53.541700, -113.391700, 488.090000 
51.965500, -114.753600, 14.070000 
49.305200, -114.000300, 14.011000 
52.385800, -113.595000, 139.600000 
56.380600, -116.795000, 26.433000 
53.048100, -113.921000, 8.540000 
53.204500, -116.811200, 20.676000 
53.089200, -116.805900, 53.330000 
53.841600, -113.097900, 300.924000 
53.721700, -113.191700, 85.140000 
52.308300, -113.550000, 73.863000 
50.845800, -113.586700, 86.589000 
53.344000, -114.305000, 1055.630000 
53.354600, -113.715000, 1.835000 
52.940400, -114.832300, 13.470000 
53.250200, -115.555500, 0.448000 
57.218000, -111.027000, 21.000000 
58.194700, -116.350400, 26.630000 
51.052000, -114.010500, 0.126000 
53.529649, -113.495611, 0.033000 
51.015020, -114.026480, 46.782000 
51.024500, -114.025000, 43.700000 
53.066500, -117.404800, 179.700000 
55.268600, -114.584700, 39.750000 
49.725300, -112.790000, 0.060000 
51.154200, -114.187700, 27.728000 
53.582200, -113.544400, 0.131000 
51.056600, -115.164300, 112.891000 
51.007900, -114.051300, 5.140000 
53.725400, -113.193000, 17.959000 
53.576280, -113.317500, 18.003000 
54.587200, -112.803100, 27.500000 
50.583700, -113.871100, 36.704000 
53.565150, -113.364550, 28.238000 
53.559040, -113.693580, 218.173000 
53.651700, -113.265800, 129.369000 
54.238200, -115.379700, 71.400000 
53.132300, -115.981700, 62.966000 
53.862700, -110.639000, 25.000000 
53.472878, -113.616936, 0.033000 
53.550500, -113.358900, 419.384000 
53.721800, -113.192700, 22.470000 
52.228400, -114.397700, 16.550000 
52.766100, -114.285600, 1.433000 
53.943200, -113.596900, 117.000000 
57.351700, -111.522200, 9.665000 
54.772900, -110.579000, 97.587000 
53.581900, -113.590000, 0.003000 
51.020210, -114.019246, 32.734000 
53.550100, -113.775600, 38.310000 
51.034100, -114.035900, 0.010000 
53.501040, -113.489732, 23.880000 
51.031900, -114.022100, 0.010000 
55.736900, -117.185800, 55.900000 
49.758379, -112.452561, 36.000000 
55.757600, -118.696700, 63.050000 
50.026580, -110.665700, 20.019000 
54.926900, -111.936100, 0.340000 
51.058900, -115.174500, 503.000000 
52.308300, -113.550000, 41.134000 
54.846700, -112.567500, 0.480000 
55.432500, -116.486000, 333.703000 
51.068200, -115.136400, 262.310000 
51.004210, -113.989400, 7.700000 
52.095600, -114.799300, 4.084000 
53.908300, -118.816700, 83.680000 
51.065300, -115.221100, 32.480000 
55.029800, -118.744000, 649.748000 
50.040920, -110.721904, 33.500000 
53.581600, -113.599100, 74.736000 
50.058200, -110.728200, 745.000000 
53.723500, -113.173800, 33.621000 
