54.007100, -119.104000, 0.005586 
53.560000, -114.486200, 0.153267 
53.448700, -114.449100, 0.107618 
52.564700, -112.141400, 0.107729 
53.344000, -114.305000, 0.083000 
51.531700, -111.786100, 0.077192 
53.795900, -113.099600, 0.000568 
53.541700, -113.391700, 0.005240 
53.529100, -113.387500, 0.010762 
53.508500, -114.557100, 0.275209 
57.003300, -111.466100, 0.004460 
57.040500, -111.619200, 0.020694 
53.745000, -110.810800, 0.000075 
53.550500, -113.358900, 0.003913 
50.543800, -111.795000, 0.000122 
53.170200, -114.975000, 0.000379 
52.510900, -110.969600, 0.000005 
53.616600, -115.711100, 0.000344 
52.172000, -114.599000, 0.000083 
55.116300, -118.813600, 0.000139 
51.058900, -115.174500, 0.010060 
53.581600, -113.599100, 0.012030 
