50.994100, -113.958300, 10.000000 
54.194400, -116.632200, 0.002000 
57.003300, -111.466100, 57.770000 
53.652000, -116.099200, 0.088000 
53.570000, -113.611400, 0.067000 
52.553700, -111.694000, 0.010000 
51.570800, -114.851700, 0.103000 
54.524700, -116.794300, 0.973000 
55.335900, -119.223000, 0.748000 
57.040500, -111.619200, 69.206000 
51.005800, -113.987500, 0.002000 
53.421300, -113.904400, 0.010000 
52.758100, -114.111600, 0.847000 
52.776100, -115.660700, 0.970000 
49.720100, -112.781900, 4.090000 
52.226300, -115.177000, 0.377000 
53.541700, -113.391700, 2.379000 
55.725100, -119.399900, 0.006000 
55.358300, -114.617200, 0.020000 
51.965500, -114.753600, 0.246000 
53.245000, -115.674300, 0.058000 
52.959300, -115.893800, 1.003000 
51.191300, -113.940900, 1.799000 
53.804200, -113.082400, 6.095000 
53.795900, -113.099600, 1.147000 
53.288500, -110.018300, 0.260000 
52.146300, -115.330000, 0.850000 
51.400100, -114.034300, 0.015000 
53.550690, -113.349600, 7.800000 
55.710600, -116.897000, 0.006000 
53.340200, -113.538100, 0.002000 
55.993500, -113.480500, 0.022000 
57.546300, -119.112600, 0.332000 
57.351700, -111.522200, 4.816000 
53.670500, -115.762200, 0.403000 
55.199400, -116.221900, 1.243000 
50.959200, -113.981200, 0.187000 
52.869000, -115.101000, 0.099000 
53.498700, -113.383100, 0.068000 
55.116300, -118.813600, 0.077000 
50.963600, -113.976680, 0.265000 
54.185400, -116.210400, 0.465000 
53.557500, -116.547200, 0.016000 
53.616600, -115.711100, 0.090000 
59.063100, -118.875700, 0.164000 
53.527200, -113.354800, 0.410000 
55.489100, -119.750800, 0.002000 
54.427200, -116.884300, 0.840000 
49.476100, -112.652500, 0.100000 
53.550500, -113.358900, 3.838000 
49.628100, -114.571900, 0.095000 
53.170200, -114.975000, 0.218000 
55.069600, -110.536100, 0.056000 
51.696900, -114.475000, 0.384000 
51.984500, -114.743800, 0.046000 
53.530040, -113.402010, 0.290000 
53.740700, -113.023100, 1.121000 
53.902300, -115.189300, 0.563000 
