53.570000, -113.611400, 0.004000 
50.747700, -114.494700, 0.170000 
51.965500, -114.753600, 0.003000 
51.191300, -113.940900, 0.100000 
51.570800, -114.851700, 0.016000 
53.048100, -113.921000, 0.147000 
53.733200, -113.175000, 0.177000 
52.385800, -113.595000, 134.200000 
53.952700, -113.078000, 0.011000 
53.541700, -113.391700, 0.600000 
54.524700, -116.794300, 5.740000 
54.596400, -110.395000, 0.029000 
53.795900, -113.099600, 0.890000 
55.725100, -119.399900, 0.100000 
50.982200, -113.974200, 0.001000 
53.287100, -113.541400, 0.001000 
54.952700, -119.195300, 0.100000 
53.804200, -113.082400, 0.904000 
53.250200, -115.555500, 0.011000 
54.407700, -110.277800, 0.410000 
51.526000, -113.880000, 0.100000 
53.027300, -112.806300, 0.100000 
58.555500, -118.915900, 0.100000 
54.284800, -115.698000, 0.100000 
53.550500, -113.358900, 0.312000 
49.476100, -112.652500, 0.011000 
