53.159500, -114.902800, 0.628000 
56.215000, -110.968100, 0.210000 
57.590100, -117.531700, 0.363000 
51.048600, -114.071900, 0.017000 
50.994100, -113.958300, 205.400000 
52.308300, -113.550000, 0.806000 
53.804200, -113.082400, 1.331000 
53.541700, -113.391700, 11.068000 
55.725100, -119.399900, 0.506000 
57.040500, -111.619200, 208.705000 
57.003300, -111.466100, 194.652000 
53.795900, -113.099600, 7.237000 
51.570800, -114.851700, 0.694000 
50.982200, -113.974200, 0.402000 
53.570000, -113.611400, 0.050000 
49.305200, -114.000300, 1.594000 
51.191300, -113.940900, 1.624000 
53.287100, -113.541400, 0.076000 
53.652000, -116.099200, 0.849000 
51.965500, -114.753600, 1.716000 
56.380600, -116.795000, 0.743000 
54.572300, -115.522900, 2.829000 
54.596400, -110.395000, 2.175000 
54.524700, -116.794300, 1.341000 
55.335900, -119.223000, 0.674000 
52.553700, -111.694000, 0.100000 
53.421300, -113.904400, 0.204000 
53.952700, -113.078000, 0.213000 
53.546800, -113.734800, 2.334000 
54.833300, -118.646700, 0.995000 
50.647500, -113.772000, 0.430000 
54.194400, -116.632200, 4.706000 
54.952700, -119.195300, 8.832000 
53.733200, -113.175000, 0.408000 
53.288500, -110.018300, 1.090000 
55.996700, -118.533600, 0.190000 
52.146300, -115.330000, 2.450000 
50.747700, -114.494700, 0.243000 
53.354600, -113.715000, 0.804000 
53.204500, -116.811200, 1.784000 
53.048100, -113.921000, 2.427000 
52.959300, -115.893800, 1.444000 
52.226300, -115.177000, 2.130000 
52.496000, -114.988000, 1.061000 
53.181200, -115.762500, 1.055000 
52.758100, -114.111600, 1.698000 
51.637200, -112.866000, 1.061000 
55.358300, -114.617200, 0.046000 
53.245000, -115.674300, 0.253000 
51.534800, -114.203700, 0.837000 
53.746900, -113.164500, 0.515000 
52.776100, -115.660700, 1.872000 
53.718500, -113.183000, 0.002000 
53.543100, -117.797900, 0.234000 
53.550690, -113.349600, 12.172000 
49.628100, -114.571900, 0.112000 
54.588800, -115.862500, 0.109000 
53.527200, -113.354800, 1.684000 
54.772900, -110.579000, 0.985000 
55.393100, -110.738300, 0.005000 
57.054200, -111.917200, 0.136000 
57.351700, -111.522200, 44.003000 
51.926500, -114.542700, 0.462000 
57.546300, -119.112600, 2.402000 
52.588100, -111.206100, 0.043000 
50.959200, -113.981200, 1.273000 
53.817200, -113.133600, 0.111000 
55.086900, -110.528600, 0.160000 
53.571290, -113.355400, 1.834000 
52.869000, -115.101000, 1.861000 
52.035300, -115.137700, 2.995000 
50.269600, -112.893800, 0.708000 
53.550500, -113.358900, 19.716000 
51.696900, -114.475000, 1.898000 
50.963600, -113.976680, 4.066000 
59.063100, -118.875700, 3.300000 
51.910600, -114.668100, 1.380000 
58.555500, -118.915900, 0.385000 
53.530040, -113.402010, 3.274000 
53.286400, -110.017800, 0.002000 
53.557500, -116.547200, 2.758000 
55.069600, -110.536100, 0.999000 
51.000700, -113.965670, 1.080000 
53.498700, -113.383100, 2.550000 
54.185400, -116.210400, 0.640000 
53.373100, -116.086000, 2.246000 
52.674300, -111.311600, 0.068000 
53.250200, -115.555500, 0.031000 
55.040000, -115.475800, 0.206000 
52.904700, -115.324700, 3.128000 
54.427200, -116.884300, 1.535000 
53.581600, -113.599100, 0.560000 
51.058900, -115.174500, 1.390000 
55.489100, -119.750800, 0.046000 
53.170200, -114.975000, 0.554000 
53.504000, -113.450200, 2.306000 
51.526000, -113.880000, 0.564000 
55.913200, -115.150400, 0.029000 
53.132300, -115.981700, 0.651000 
55.074200, -117.274200, 0.181000 
51.984500, -114.743800, 1.209000 
51.376000, -113.949200, 1.200000 
51.915300, -113.578100, 3.399000 
55.116300, -118.813600, 0.196000 
55.199400, -116.221900, 1.200000 
53.740700, -113.023100, 9.289000 
53.319300, -113.518000, 2.986000 
54.284800, -115.698000, 4.117000 
56.981400, -111.475800, 0.181000 
53.616600, -115.711100, 0.227000 
50.967800, -113.969900, 0.200000 
49.476100, -112.652500, 0.124000 
53.544400, -113.366200, 0.100000 
53.902300, -115.189300, 0.793000 
55.481900, -119.059200, 0.054000 
55.041500, -119.631000, 3.430000 
53.670500, -115.762200, 1.044000 
55.710600, -116.897000, 0.067000 
