52.926700, -113.998900, 0.220000 
53.159500, -114.902800, 1.142000 
51.048600, -114.071900, 0.065000 
57.590100, -117.531700, 0.015000 
53.352200, -118.020400, 0.005000 
54.194400, -116.632200, 0.744000 
53.652000, -116.099200, 0.927000 
53.746900, -113.164500, 1.416000 
52.553700, -111.694000, 0.180000 
51.534800, -114.203700, 0.315000 
52.959300, -115.893800, 1.096000 
53.421300, -113.904400, 0.234000 
55.725100, -119.399900, 0.707000 
53.354600, -113.715000, 1.212000 
52.226300, -115.177000, 2.084000 
53.288500, -110.018300, 1.120000 
54.423300, -117.760400, 1.466000 
55.996700, -118.533600, 0.397000 
51.570800, -114.851700, 0.278000 
52.758100, -114.111600, 1.997000 
54.952700, -119.195300, 1.726000 
51.191300, -113.940900, 0.515000 
53.541700, -113.391700, 1.329000 
50.647500, -113.772000, 0.229000 
56.380600, -116.795000, 0.001000 
53.048100, -113.921000, 1.932000 
51.965500, -114.753600, 0.780000 
52.776100, -115.660700, 0.677000 
52.146300, -115.330000, 0.990000 
57.040500, -111.619200, 56.043000 
50.747700, -114.494700, 0.147000 
50.805300, -110.034900, 1.392000 
51.637200, -112.866000, 2.320000 
53.245000, -115.674300, 0.446000 
49.305200, -114.000300, 1.802000 
55.335900, -119.223000, 1.150000 
54.524700, -116.794300, 1.162000 
54.596400, -110.395000, 2.156000 
55.358300, -114.617200, 0.024000 
53.795900, -113.099600, 0.177000 
53.546800, -113.734800, 1.476000 
57.003300, -111.466100, 53.329000 
54.833300, -118.646700, 1.026000 
54.772900, -110.579000, 0.327000 
59.063100, -118.875700, 1.600000 
53.670500, -115.762200, 1.975000 
51.696900, -114.475000, 0.542000 
53.550690, -113.349600, 3.100000 
53.616600, -115.711100, 0.181000 
52.035300, -115.137700, 1.100000 
54.427200, -116.884300, 0.789000 
53.498700, -113.383100, 0.714000 
53.817200, -113.133600, 0.268000 
55.199400, -116.221900, 0.243000 
52.674300, -111.311600, 0.036000 
53.902300, -115.189300, 0.698000 
50.269600, -112.893800, 0.598000 
55.074200, -117.274200, 0.186000 
53.170200, -114.975000, 0.440000 
55.116300, -118.813600, 0.155000 
53.132300, -115.981700, 0.059000 
53.530040, -113.402010, 0.870000 
51.915300, -113.578100, 0.732000 
55.993500, -113.480500, 0.127000 
54.284800, -115.698000, 0.237000 
53.740700, -113.023100, 2.473000 
52.228400, -114.397700, 0.270000 
55.041500, -119.631000, 2.536000 
53.091100, -111.768600, 1.972000 
53.544400, -113.366200, 0.200000 
51.526000, -113.880000, 0.200000 
52.869000, -115.101000, 3.163000 
52.904700, -115.324700, 4.265000 
54.510900, -115.511700, 0.563000 
57.351700, -111.522200, 6.942000 
57.546300, -119.112600, 0.439000 
53.373100, -116.086000, 2.875000 
54.185400, -116.210400, 0.348000 
52.656700, -111.311900, 0.023000 
51.984500, -114.743800, 0.464000 
53.286400, -110.017800, 0.070000 
51.078650, -114.017660, 2.660000 
54.420500, -110.213100, 0.010000 
53.550500, -113.358900, 1.851000 
51.910600, -114.668100, 0.753000 
58.555500, -118.915900, 0.079000 
53.557500, -116.547200, 1.235000 
