56.215000, -110.968100, 4.908000 
52.926700, -113.998900, 3.367000 
55.309200, -119.205800, 0.003000 
53.866900, -110.644900, 0.476000 
52.370000, -114.375800, 13.072000 
52.696100, -114.863800, 23.383000 
52.963700, -111.364700, 0.200000 
50.994100, -113.958300, 11.400000 
53.892900, -116.880400, 0.080000 
51.570800, -114.851700, 0.284000 
53.048100, -113.921000, 17.206000 
53.795900, -113.099600, 5.694000 
53.733200, -113.175000, 0.626000 
52.226300, -115.177000, 11.370000 
55.996700, -118.533600, 3.840000 
51.534800, -114.203700, 3.591000 
52.758100, -114.111600, 18.406000 
52.146300, -115.330000, 1.020000 
55.725100, -119.399900, 5.230000 
53.288500, -110.018300, 4.330000 
55.335900, -119.223000, 7.008000 
54.596400, -110.395000, 69.153000 
52.496000, -114.988000, 5.308000 
57.003300, -111.466100, 115.300000 
57.040500, -111.619200, 111.149000 
51.191300, -113.940900, 3.095000 
53.546800, -113.734800, 4.913000 
53.652000, -116.099200, 1.362000 
56.380600, -116.795000, 0.003000 
53.245000, -115.674300, 2.280000 
51.965500, -114.753600, 3.303000 
53.718500, -113.183000, 0.003000 
54.194400, -116.632200, 2.474000 
54.423300, -117.760400, 1.221000 
55.358300, -114.617200, 0.926000 
53.746900, -113.164500, 10.908000 
53.354600, -113.715000, 9.973000 
49.713599, -112.796397, 0.314000 
54.572300, -115.522900, 16.792000 
51.637200, -112.866000, 8.306000 
50.747700, -114.494700, 1.418000 
52.308300, -113.550000, 4.538000 
53.952700, -113.078000, 0.269000 
52.959300, -115.893800, 7.252000 
52.776100, -115.660700, 4.348000 
54.952700, -119.195300, 3.064000 
50.982200, -113.974200, 0.154000 
53.421300, -113.904400, 0.391000 
50.805300, -110.034900, 4.701000 
53.181200, -115.762500, 1.206000 
54.833300, -118.646700, 3.097000 
54.130900, -115.546700, 1.575000 
54.524700, -116.794300, 14.068000 
53.541700, -113.391700, 11.182000 
52.553700, -111.694000, 0.790000 
55.913200, -115.150400, 0.517000 
50.269600, -112.893800, 5.698000 
52.869000, -115.101000, 11.409000 
53.286400, -110.017800, 0.045000 
53.530040, -113.402010, 6.919000 
53.557500, -116.547200, 1.591000 
51.696900, -114.475000, 13.007000 
52.656700, -111.311900, 0.019000 
53.550500, -113.358900, 17.141000 
54.510900, -115.511700, 2.537000 
59.063100, -118.875700, 5.300000 
50.963600, -113.976680, 9.451000 
53.616600, -115.711100, 0.638000 
53.283800, -110.031900, 80.617000 
55.199400, -116.221900, 1.080000 
53.817200, -113.133600, 2.153000 
53.170200, -114.975000, 1.555000 
55.116300, -118.813600, 0.549000 
51.222500, -114.495600, 2.049000 
54.427200, -116.884300, 3.853000 
54.420500, -110.213100, 0.006000 
58.555500, -118.915900, 3.750000 
55.993500, -113.480500, 3.019000 
52.035300, -115.137700, 0.437000 
54.588800, -115.862500, 4.677000 
53.319300, -113.518000, 1.031000 
50.959200, -113.981200, 2.053000 
53.670500, -115.762200, 5.475000 
55.710600, -116.897000, 0.151000 
53.740700, -113.023100, 23.812000 
55.040000, -115.475800, 1.044000 
54.185400, -116.210400, 2.514000 
56.981400, -111.475800, 7.959000 
51.078650, -114.017660, 0.281000 
54.284800, -115.698000, 4.693000 
51.915300, -113.578100, 4.589000 
52.588100, -111.206100, 1.983000 
53.373100, -116.086000, 8.955000 
57.351700, -111.522200, 64.574000 
57.054200, -111.917200, 5.842000 
57.546300, -119.112600, 2.676000 
55.041500, -119.631000, 4.217000 
51.526000, -113.880000, 3.250000 
52.228400, -114.397700, 3.080000 
51.010160, -113.964210, 1.339000 
55.393100, -110.738300, 0.147000 
49.628100, -114.571900, 0.922000 
53.091100, -111.768600, 4.546000 
54.772900, -110.579000, 14.101000 
53.543100, -117.797900, 8.222000 
52.674300, -111.311600, 0.321000 
53.728270, -113.235520, 50.706000 
53.544400, -113.366200, 1.900000 
55.489100, -119.750800, 0.008000 
52.904700, -115.324700, 8.527000 
55.074200, -117.274200, 3.319000 
51.984500, -114.743800, 0.085000 
53.902300, -115.189300, 3.207000 
53.527200, -113.354800, 2.352000 
53.250200, -115.555500, 0.204000 
53.498700, -113.383100, 0.604000 
49.701943, -112.803037, 233.012000 
53.550690, -113.349600, 16.260000 
