54.003300, -118.246500, 135.100000 
53.197300, -114.098200, 46.563000 
54.988000, -118.780000, 48.530000 
54.807200, -118.591100, 39.431000 
54.944400, -118.828100, 201.295000 
52.493600, -115.935000, 99.770000 
51.129700, -114.767900, 150.470000 
53.635900, -116.931800, 192.700000 
52.517600, -114.346500, 61.447000 
52.319200, -115.580000, 71.900000 
54.829200, -118.654700, 225.768000 
55.146800, -114.517100, 108.300000 
54.348900, -116.624000, 108.700000 
50.860700, -111.126500, 54.250000 
52.777600, -114.234300, 239.440000 
55.269300, -114.608900, 174.000000 
50.682300, -111.554800, 75.700000 
52.792000, -114.204100, 22.980000 
54.541800, -117.884100, 23.100000 
54.350500, -116.766800, 67.700000 
49.569200, -112.149200, 371.200000 
50.711900, -111.057400, 225.410000 
52.784800, -114.137400, 92.210000 
54.896300, -118.487000, 74.201000 
55.902200, -119.412500, 40.914000 
50.889500, -111.184200, 227.710000 
54.436100, -118.743800, 21.200000 
55.265600, -114.601400, 223.300000 
52.759300, -114.161600, 21.130000 
54.037600, -116.698500, 32.400000 
53.388600, -115.315800, 132.000000 
49.936700, -111.406500, 105.800000 
55.993100, -119.771100, 104.274000 
55.196500, -112.570400, 62.000000 
51.971600, -112.630300, 63.754000 
51.315900, -113.428500, 38.840000 
53.706600, -117.241000, 106.762000 
52.202900, -112.677300, 68.755000 
52.613900, -112.805800, 129.831000 
52.646500, -112.752900, 48.302000 
52.912000, -113.987700, 56.300000 
54.196200, -111.658400, 31.874000 
51.159000, -112.785100, 21.170000 
50.485900, -111.702200, 228.389000 
54.348900, -116.578900, 55.070000 
52.559300, -114.515200, 42.800000 
54.206700, -116.766700, 48.999000 
56.280700, -116.119100, 81.400000 
54.159000, -116.757000, 46.102000 
51.715300, -111.702200, 27.973000 
51.850100, -114.074900, 21.300000 
52.504700, -110.321700, 22.900000 
51.281700, -113.428000, 49.239000 
54.172900, -113.556600, 36.700000 
51.225200, -113.612600, 142.351000 
50.976900, -114.889200, 35.400000 
52.513800, -114.898000, 24.600000 
52.653900, -116.181400, 126.400000 
52.806700, -116.210000, 100.300000 
50.675000, -113.087500, 165.700000 
52.544700, -112.902200, 65.347000 
50.616800, -112.845300, 151.900000 
52.708400, -114.446600, 414.220000 
51.340600, -113.381400, 24.810000 
50.427600, -112.462300, 278.500000 
52.435700, -111.682000, 33.400000 
54.199800, -110.348600, 34.400000 
54.909300, -112.975400, 30.100000 
51.777300, -113.195400, 79.990000 
51.151500, -112.703700, 20.460000 
50.165800, -110.841900, 251.740000 
54.920000, -113.382500, 82.100000 
51.239000, -111.560600, 83.740000 
55.087300, -113.141000, 187.700000 
51.883700, -112.828700, 23.800000 
54.494500, -111.047000, 85.300000 
54.560100, -113.841100, 112.690000 
51.737300, -112.561700, 117.870000 
52.439300, -110.316400, 159.100000 
54.349000, -113.551600, 55.740000 
50.569500, -113.640200, 64.302000 
50.496700, -113.403600, 29.793000 
50.443500, -113.952200, 190.118000 
50.165800, -111.052800, 208.240000 
50.397600, -113.925500, 110.084000 
50.677900, -113.715700, 29.793000 
52.304800, -114.206800, 89.200000 
52.086500, -112.951800, 35.000000 
54.789300, -114.042500, 30.720000 
51.271400, -112.829200, 130.200000 
51.635400, -112.792600, 206.800000 
53.664100, -116.201800, 24.207000 
52.304700, -116.206100, 92.347000 
50.165800, -111.189800, 43.380000 
53.706600, -115.976300, 87.988000 
53.843400, -112.979700, 71.300000 
50.693100, -113.510000, 48.530000 
52.017300, -113.148800, 225.200000 
53.655600, -115.933200, 54.967000 
52.598500, -114.400200, 89.927000 
51.962900, -113.734300, 61.300000 
52.475700, -111.441400, 90.200000 
50.553600, -113.553000, 84.760000 
50.957700, -113.714500, 144.518000 
51.751800, -113.864600, 233.500000 
50.187500, -111.052800, 251.740000 
50.936300, -113.783200, 129.783000 
51.871800, -112.887600, 113.730000 
52.522800, -116.380000, 88.100000 
50.493100, -113.673600, 64.054000 
58.550400, -117.426700, 22.200000 
58.343200, -117.867500, 93.100000 
55.774800, -113.774700, 168.480000 
52.912000, -114.064600, 223.050000 
58.088400, -117.954200, 63.300000 
51.060700, -112.412000, 252.200000 
56.196800, -114.149700, 124.300000 
55.676700, -118.158900, 229.840000 
56.098700, -111.824500, 95.900000 
55.785900, -112.982900, 123.000000 
58.128400, -118.382100, 216.500000 
54.520000, -116.810900, 27.200000 
54.607200, -116.810900, 72.200000 
49.521900, -112.139500, 170.400000 
50.907900, -111.514200, 116.700000 
52.807000, -114.258600, 199.410000 
49.684600, -112.814600, 159.560000 
55.698000, -118.137100, 26.530000 
51.151500, -112.207800, 20.210000 
52.268500, -112.871100, 72.860000 
55.596700, -118.275600, 148.800000 
55.385700, -113.001600, 347.400000 
50.006500, -114.146000, 175.315000 
50.096700, -111.110000, 32.820000 
51.042300, -112.254500, 290.610000 
58.110400, -118.115600, 310.200000 
55.651200, -113.865500, 63.740000 
50.758400, -113.665400, 24.207000 
54.352600, -110.517800, 103.100000 
50.314700, -113.668800, 47.852000 
50.635800, -113.633400, 29.793000 
50.609400, -113.706700, 174.449000 
50.416300, -113.751900, 25.503000 
55.585700, -112.963500, 236.000000 
55.542000, -113.430800, 257.400000 
55.293900, -112.897500, 121.100000 
56.233200, -113.896400, 105.900000 
56.517000, -115.698400, 45.753000 
56.513900, -115.606000, 70.150000 
50.973000, -113.852900, 44.689000 
50.544700, -113.991300, 35.006000 
55.605300, -113.690600, 37.410000 
55.887600, -112.125700, 106.100000 
55.305700, -113.715500, 56.580000 
53.213700, -114.714000, 33.600000 
56.098700, -113.350300, 38.872000 
54.702500, -112.900400, 419.676000 
52.797900, -112.371400, 44.953000 
54.209200, -113.773700, 235.144000 
54.818100, -118.584700, 24.386000 
53.946900, -110.794600, 165.930000 
55.538400, -113.988900, 24.300000 
52.042900, -114.588800, 314.400000 
49.816400, -112.070100, 37.811000 
53.974300, -114.923900, 25.000000 
53.583000, -116.842000, 154.295000 
56.956900, -112.850800, 223.569000 
54.352500, -111.150000, 207.972000 
52.759300, -115.531900, 204.700000 
52.439300, -114.304600, 99.200000 
53.901500, -115.191100, 95.300000 
57.059400, -112.842800, 463.671000 
53.817900, -115.041900, 19.000000 
51.439000, -112.888700, 197.380000 
53.026900, -114.766400, 21.400000 
52.944800, -110.088600, 73.191000 
54.760400, -113.959500, 104.425000 
52.079300, -111.012200, 317.878000 
55.847900, -111.359500, 314.240000 
50.299100, -112.185400, 41.263000 
53.523200, -114.879200, 49.800000 
50.707900, -110.813900, 424.198000 
52.941900, -114.043400, 102.408000 
55.125000, -111.690600, 72.111000 
52.588400, -113.949900, 48.260000 
53.392300, -115.310800, 102.600000 
56.913500, -112.765900, 214.273000 
53.959800, -113.055400, 50.888000 
53.392300, -115.316900, 51.000000 
55.968000, -113.369300, 94.283000 
54.832800, -118.584700, 21.776000 
51.706400, -112.386200, 72.907000 
56.560600, -119.031700, 35.400000 
51.406200, -112.347600, 129.490000 
53.897900, -116.067500, 87.958000 
50.693100, -111.322200, 110.042000 
50.627800, -111.287500, 77.159000 
51.424300, -112.994500, 20.460000 
50.760700, -113.820700, 213.307000 
52.548400, -113.961800, 103.235000 
50.223900, -113.513800, 87.963000 
55.891800, -111.717900, 89.094000 
53.010400, -114.185700, 97.130000 
50.567300, -111.213500, 101.300000 
52.155600, -113.529700, 293.205000 
52.821100, -112.440600, 22.740000 
54.741800, -114.117800, 103.217000 
53.727000, -115.607500, 168.303000 
55.265700, -113.670500, 31.599000 
52.624800, -114.431000, 173.083000 
55.265600, -114.607800, 170.856000 
51.264300, -111.951500, 31.599000 
54.494500, -112.267100, 79.375000 
52.584630, -114.366953, 106.754000 
53.788700, -115.564200, 30.994000 
54.960000, -119.802500, 22.420000 
53.607000, -116.469400, 108.219000 
54.494400, -118.198900, 26.663000 
55.822600, -113.525900, 258.250000 
56.844200, -113.311100, 30.945000 
50.693200, -113.672900, 109.360000 
51.377000, -113.041600, 20.460000 
49.761900, -113.394800, 18.502000 
49.791100, -112.557000, 18.321000 
52.522900, -111.634000, 29.250000 
52.155700, -113.387700, 153.792000 
54.510600, -117.501800, 109.103000 
52.148200, -114.660400, 31.910000 
51.665300, -112.323200, 90.244000 
53.810700, -114.190400, 100.200000 
51.013400, -112.907600, 23.570000 
55.032800, -113.720300, 91.135000 
57.404500, -113.830500, 56.777000 
55.324600, -113.284900, 80.194000 
51.388100, -110.772500, 37.200000 
50.897000, -110.478000, 48.700000 
54.974500, -112.140200, 31.599000 
51.209800, -113.141000, 37.000000 
55.935100, -113.455300, 27.864000 
53.418900, -110.297400, 123.721000 
53.868700, -110.202400, 137.913000 
53.561500, -116.577900, 41.722000 
52.362900, -113.534900, 37.100000 
51.496900, -112.570600, 31.259000 
51.460600, -112.652800, 27.178000 
57.240900, -112.620700, 37.590000 
52.286500, -114.970800, 212.414000 
50.103900, -110.864700, 87.849000 
57.295400, -112.477900, 34.540000 
51.468800, -112.609800, 32.580000 
51.355400, -112.595100, 32.010000 
50.777100, -113.397000, 56.830000 
54.294400, -111.306700, 102.470000 
50.191900, -111.301800, 226.161000 
55.432900, -111.219800, 44.378000 
54.745300, -112.126900, 69.863000 
56.313200, -111.636200, 54.400000 
53.714300, -110.747300, 277.457000 
51.322600, -112.918100, 20.460000 
51.468100, -112.688100, 31.259000 
57.251800, -112.498500, 174.170000 
50.897000, -111.693700, 184.109000 
50.009200, -110.847500, 128.448000 
53.265100, -115.520000, 43.106000 
50.289400, -111.617800, 86.750000 
50.740700, -112.324500, 176.980000 
53.246800, -115.391700, 43.106000 
52.610400, -114.821800, 389.501000 
52.410000, -112.757800, 21.130000 
50.689500, -111.554800, 139.776000 
54.387000, -116.966700, 23.490000 
52.588400, -113.956000, 36.600000 
57.542900, -112.226600, 303.580000 
54.156100, -112.008600, 59.375000 
51.322600, -112.542000, 20.460000 
49.030800, -111.052700, 54.730000 
51.304300, -112.970900, 54.020000 
50.522300, -111.652300, 225.123000 
55.309200, -119.205800, 27.290000 
51.409800, -113.094600, 184.350000 
54.105300, -117.512800, 195.181000 
49.652800, -111.231900, 45.865000 
56.040300, -114.140600, 133.181000 
52.111800, -112.731200, 31.736000 
52.024500, -112.778700, 28.210000 
49.098600, -111.476400, 148.353000 
56.302200, -112.309400, 192.380000 
51.529900, -112.136700, 37.970000 
55.093800, -113.623700, 89.460000 
50.047200, -113.556900, 148.960000 
50.675000, -113.452200, 51.397000 
55.996800, -113.468300, 54.718000 
57.266800, -114.892000, 208.670000 
51.380700, -112.900600, 20.460000 
55.152800, -112.974700, 76.728000 
56.986100, -113.032800, 31.319000 
54.560000, -116.172300, 31.599000 
54.832800, -119.012000, 176.266000 
54.949200, -112.304700, 107.623000 
56.199000, -110.675100, 32.258000 
54.541800, -110.408400, 31.340000 
54.528700, -117.464200, 273.821000 
53.916400, -114.707900, 54.350000 
53.741500, -117.142600, 41.464000 
52.875700, -110.458600, 23.063000 
52.958300, -111.238400, 83.003000 
54.161300, -117.665100, 86.654000 
50.511400, -111.289400, 366.790000 
56.087800, -118.495600, 20.260000 
51.336900, -112.911400, 20.210000 
50.707900, -113.435700, 20.260000 
50.624300, -113.482100, 20.260000 
56.622700, -119.946500, 613.505000 
50.653200, -113.482100, 20.260000 
55.123700, -114.158600, 82.126000 
55.823000, -110.792300, 177.776000 
51.319000, -112.965100, 20.460000 
57.226200, -112.464600, 35.020000 
57.877200, -119.740900, 146.425000 
56.083300, -112.515100, 103.088000 
51.733100, -111.640300, 96.562000 
49.448100, -111.396900, 192.392000 
52.675900, -110.515800, 45.871000 
52.242900, -113.536800, 22.442000 
54.268900, -111.143600, 94.993000 
56.433300, -118.427500, 45.165000 
54.163400, -112.235200, 51.854000 
56.098700, -113.566400, 23.605000 
52.222500, -115.247400, 36.721000 
55.240100, -112.950200, 59.422000 
51.766200, -111.963700, 174.282000 
55.429200, -113.618100, 299.415000 
54.033400, -117.756900, 31.689000 
50.755100, -112.162300, 57.963000 
52.111800, -112.307300, 151.238000 
50.784300, -113.667400, 32.487000 
55.444000, -113.825000, 66.600000 
52.581200, -115.393600, 27.400000 
53.277000, -110.481000, 95.271000 
52.574000, -115.411700, 44.120000 
56.560700, -113.725800, 28.589000 
57.374300, -119.234900, 70.057000 
50.922300, -112.003700, 186.691000 
57.303800, -114.973000, 95.732000 
51.020700, -112.948400, 480.170000 
57.204500, -116.791600, 39.405000 
52.020900, -112.402800, 58.075000 
52.574000, -115.393600, 43.810000 
53.756800, -110.101300, 62.839000 
51.915400, -111.744500, 169.022000 
55.769300, -118.567800, 198.543000 
51.980900, -113.679200, 70.657000 
56.360600, -118.612500, 56.820000 
55.985800, -119.425600, 45.105000 
56.025800, -118.580800, 54.422000 
55.953100, -118.423600, 35.907000 
51.006200, -113.176000, 112.670000 
55.982200, -117.671300, 64.995000 
50.254700, -110.603200, 60.379000 
50.165300, -110.666200, 30.430000 
50.653300, -111.166100, 252.100000 
55.954200, -117.710800, 98.409000 
56.767900, -115.478400, 27.319000 
54.512600, -110.010200, 33.714000 
56.957000, -114.576700, 20.357000 
54.965100, -119.306800, 70.407000 
55.938700, -113.939700, 33.938000 
55.749400, -119.438600, 73.941000 
56.091600, -111.039700, 74.530000 
52.766800, -115.362200, 138.120000 
56.473400, -113.929400, 37.805000 
52.140800, -112.157200, 144.475000 
52.701200, -115.392500, 25.260000 
51.239700, -115.564600, 192.950000 
56.347100, -119.190500, 30.237000 
56.913400, -114.576700, 22.716000 
50.325800, -110.255600, 87.337000 
54.552500, -111.305300, 175.331000 
55.418300, -119.773300, 76.690000 
56.455500, -113.485500, 118.023000 
56.369360, -117.824655, 58.849000 
50.078300, -110.419700, 101.069000 
50.289400, -112.007500, 232.050000 
56.731500, -115.611500, 38.894000 
52.465000, -114.385100, 35.444000 
52.279300, -112.581700, 70.327000 
53.941338, -118.745430, 43.144000 
55.975000, -118.476100, 181.226000 
56.149400, -117.933300, 51.414000 
52.370000, -115.061700, 70.091000 
50.591500, -111.780300, 330.741000 
51.522600, -113.018200, 99.120000 
55.917500, -119.835200, 65.209000 
55.480400, -110.711500, 93.390000 
53.385100, -110.034700, 22.402000 
52.221100, -112.418700, 160.738000 
52.133700, -112.229800, 21.923000 
55.887500, -117.766000, 30.974000 
53.188700, -115.642200, 150.000000 
53.210800, -110.201900, 32.110000 
55.771500, -119.828100, 32.661000 
51.439000, -112.054500, 172.040000 
55.935100, -110.136900, 36.561000 
53.403100, -110.403600, 46.790000 
52.399300, -115.020500, 284.136000 
54.407300, -110.912600, 32.114000 
55.731200, -110.977600, 36.358000 
55.498300, -119.516700, 19.566000 
49.445600, -111.970900, 24.075000 
54.945600, -119.470800, 154.834000 
55.471000, -110.720700, 24.700000 
55.472800, -119.127200, 68.200000 
52.238900, -112.399300, 21.777000 
55.556700, -117.391900, 30.285000 
57.418900, -119.675000, 64.998000 
55.619600, -119.503300, 73.143000 
51.479000, -114.186000, 39.391000 
50.278300, -111.468400, 179.440000 
54.858100, -119.235000, 27.249000 
54.378200, -110.843700, 22.414000 
55.192900, -113.040200, 57.847000 
52.908400, -114.088800, 42.099000 
53.884000, -110.206800, 72.338000 
55.586800, -119.433800, 23.744000 
54.974400, -119.235000, 39.620000 
55.819300, -118.998300, 57.491000 
54.348900, -119.463300, 95.053000 
52.188200, -114.344100, 47.402000 
54.436200, -110.072200, 29.124000 
56.313200, -113.387800, 108.192000 
52.934000, -114.022100, 31.479000 
55.862200, -119.589200, 132.500000 
51.122600, -113.164300, 45.670000 
55.862200, -119.720300, 29.700000 
55.960400, -119.661700, 20.500000 
56.098600, -119.288100, 70.000000 
56.095100, -113.448600, 415.620000 
51.115100, -112.960100, 98.420000 
55.945800, -119.805300, 33.600000 
55.425700, -113.516100, 37.540000 
53.391400, -111.213900, 92.179000 
56.178700, -112.786300, 155.870000 
52.544700, -111.121700, 37.734000 
51.657300, -113.213200, 30.340000 
55.189200, -118.950000, 57.620000 
51.217000, -112.977600, 23.570000 
52.719200, -111.500600, 54.604000 
52.755700, -113.939100, 370.940000 
52.090700, -112.766700, 320.700000 
50.536900, -112.031500, 34.540000 
51.118700, -112.960100, 42.370000 
50.995000, -112.801700, 123.510000 
50.314700, -111.968400, 53.800000 
51.042300, -113.001000, 110.200000 
50.965900, -113.030200, 315.750000 
51.037000, -113.196300, 23.570000 
50.700700, -111.022200, 242.080000 
50.980700, -113.216800, 26.570000 
50.631500, -111.022200, 58.580000 
55.943900, -119.923100, 53.500000 
52.268400, -113.351800, 31.500000 
50.918700, -112.967000, 56.160000 
50.955100, -112.697800, 23.570000 
51.013400, -113.152700, 26.580000 
50.969800, -112.855100, 23.570000 
55.596700, -118.277000, 35.590000 
51.002300, -112.884200, 42.370000 
50.336700, -110.135000, 81.932000 
53.767000, -112.117000, 31.987000 
50.202700, -110.661300, 356.430000 
54.132200, -113.159900, 43.409000 
55.280000, -119.098100, 112.590000 
54.203300, -116.501500, 66.193000 
53.199500, -112.999300, 100.651000 
51.217000, -113.977700, 95.700000 
54.223000, -113.478600, 58.763000 
50.294200, -110.593500, 310.485000 
50.191100, -110.259400, 73.177000 
50.707600, -110.485200, 59.663000 
53.054000, -110.787500, 46.051000 
53.064800, -110.608900, 20.726000 
51.495900, -114.210100, 145.186000 
50.191100, -110.665000, 33.043000 
51.391800, -114.203500, 85.048000 
53.254000, -113.048200, 174.478000 
53.239500, -112.981000, 52.366000 
50.187500, -110.705000, 87.976000 
54.189000, -117.294500, 21.020000 
53.763400, -114.770000, 53.450000 
53.178600, -112.537000, 174.645000 
53.562800, -112.328500, 91.528000 
52.217300, -112.307300, 30.780000 
53.036000, -111.665600, 90.797000 
52.599300, -113.083800, 119.444000 
53.414200, -111.334200, 34.045000 
52.639300, -115.489700, 33.040000 
53.967600, -112.269100, 70.800000 
52.606500, -115.014400, 34.758000 
53.923400, -116.626800, 79.389000 
54.794400, -116.747600, 25.826000 
53.075900, -112.064000, 44.557000 
53.017500, -112.191400, 57.766000 
53.999800, -116.670400, 99.453000 
52.464700, -110.664400, 63.864000 
53.337800, -111.243900, 402.589000 
52.224500, -115.131900, 23.712000 
52.457600, -113.576800, 60.261000 
52.010000, -113.601400, 59.200000 
53.052300, -113.692600, 40.990000 
51.137900, -111.577600, 136.900000 
51.507100, -111.886500, 52.200000 
52.727800, -113.270100, 131.050000 
52.851400, -114.046900, 63.800000 
52.486500, -114.322700, 29.600000 
50.656900, -112.607200, 112.200000 
55.433300, -116.483200, 100.440000 
50.656800, -111.410100, 210.020000 
55.781200, -114.307200, 109.100000 
52.265500, -114.517800, 62.100000 
51.319000, -111.684200, 113.300000 
52.657600, -113.191800, 29.060000 
50.998700, -112.464500, 129.340000 
51.552600, -111.632500, 109.300000 
52.743400, -114.113400, 79.900000 
52.337200, -115.123200, 20.900000 
50.671500, -111.695300, 166.880000 
50.398600, -110.503300, 611.730000 
51.493300, -111.201400, 147.000000 
51.479200, -114.186100, 51.817000 
51.697300, -114.536800, 27.808000 
51.577000, -112.919100, 25.800000 
51.733700, -114.369100, 21.034000 
51.693700, -113.219100, 24.000000 
53.170300, -116.265800, 787.800000 
52.777500, -116.659400, 262.800000 
51.726200, -114.436000, 85.772000 
50.485900, -112.014200, 23.870000 
51.711800, -114.317700, 33.402000 
49.590900, -114.523800, 48.300000 
52.881700, -115.733200, 134.200000 
53.825400, -115.557900, 52.300000 
50.700700, -110.478000, 510.130000 
51.708200, -114.388800, 528.305000 
53.825000, -115.556700, 301.200000 
52.193500, -112.771900, 92.200000 
52.435700, -113.390400, 621.880000 
52.197100, -114.367700, 29.000000 
55.574700, -118.815800, 111.338000 
50.536800, -112.031500, 157.480000 
52.464800, -114.328800, 78.100000 
52.707000, -114.137500, 50.300000 
54.509700, -110.909900, 67.612000 
50.573100, -111.177500, 394.110000 
51.609800, -112.700600, 47.700000 
52.640400, -113.252100, 79.300000 
50.191100, -111.252600, 43.380000 
50.576700, -112.630300, 104.600000 
50.758700, -112.498100, 206.300000 
50.111100, -113.482400, 111.300000 
50.653200, -111.167000, 134.400000 
50.223900, -110.761900, 142.220000 
50.656800, -112.608100, 44.800000 
53.825100, -116.396900, 272.800000 
50.711500, -111.062700, 67.700000 
52.657600, -114.635400, 76.500000 
50.158300, -112.136500, 32.900000 
50.704200, -111.160300, 127.700000 
50.187600, -111.167000, 180.740000 
50.521800, -113.913200, 110.084000 
50.770500, -111.098100, 20.100000 
51.402400, -112.918100, 499.540000 
50.784300, -110.936900, 70.500000 
51.093400, -112.820100, 449.280000 
52.588400, -114.593500, 76.700000 
51.366200, -112.771200, 133.900000 
51.424300, -112.747800, 79.100000 
50.801900, -111.007800, 123.200000 
50.103900, -112.239000, 147.600000 
50.188000, -112.225300, 23.100000 
50.989600, -112.067900, 117.286000 
54.439700, -119.085300, 86.900000 
51.176900, -112.055300, 573.800000 
50.223900, -110.899700, 755.130000 
52.410000, -114.405800, 209.800000 
51.915100, -113.373700, 30.400000 
50.840800, -110.931200, 22.100000 
51.126200, -112.359500, 285.830000 
56.062200, -118.482500, 179.400000 
52.358000, -114.324100, 101.000000 
50.224000, -110.037500, 507.090000 
52.930400, -113.999900, 83.800000 
52.091000, -112.761500, 64.300000 
51.930000, -116.538900, 256.700000 
51.684400, -111.851300, 134.800000 
51.637100, -112.865800, 190.400000 
51.275400, -112.906500, 93.500000 
50.559400, -112.613000, 35.800000 
52.926700, -113.998900, 170.700000 
52.486400, -114.490000, 170.900000 
52.359300, -114.785700, 104.700000 
51.024500, -111.642800, 56.900000 
51.552500, -111.490600, 127.300000 
55.945800, -118.888600, 61.600000 
51.304300, -112.653700, 244.560000 
50.274700, -111.847600, 29.120000 
50.835100, -112.799000, 151.450000 
55.767500, -118.126400, 160.246000 
55.767500, -117.528200, 69.226000 
50.707900, -113.221600, 100.500000 
49.729200, -114.427200, 37.499000 
54.661700, -119.034700, 20.278000 
55.669900, -117.904200, 87.341000 
50.817000, -113.100200, 400.110000 
55.443900, -119.522500, 74.750000 
53.363200, -114.456300, 21.530000 
53.668700, -115.766700, 101.500000 
51.035000, -112.268600, 48.770000 
56.930900, -115.252200, 134.788000 
51.046200, -112.044500, 20.730000 
50.947900, -111.578100, 76.370000 
55.640300, -117.132400, 59.744000 
55.425600, -118.988600, 92.650000 
51.038600, -111.864000, 91.320000 
50.980700, -111.473100, 86.990000 
55.883900, -117.462000, 29.987000 
51.122600, -112.149500, 33.440000 
50.278300, -111.543100, 123.240000 
54.665300, -119.129700, 109.821000 
56.775400, -115.291500, 27.120000 
55.378300, -119.760600, 176.000000 
51.531300, -113.276300, 272.150000 
51.784500, -113.402700, 115.170000 
54.738100, -119.837500, 28.647000 
50.220300, -111.549000, 39.560000 
51.529700, -112.136700, 87.680000 
54.069000, -117.795900, 26.237000 
55.640300, -118.502800, 46.179000 
54.967500, -119.131600, 20.900000 
52.275700, -114.218800, 61.300000 
53.193400, -110.863100, 25.701000 
55.742300, -114.146900, 106.629000 
56.091500, -111.038700, 36.112000 
54.956400, -119.139500, 27.643000 
53.374300, -114.527900, 103.390000 
56.527800, -114.070000, 42.337000 
55.022000, -112.522700, 53.930000 
54.388400, -110.949300, 126.500000 
52.774000, -114.452700, 103.115000 
56.455000, -118.414200, 99.466000 
55.145600, -114.118900, 47.446000 
51.642600, -113.337700, 204.670000 
56.033100, -118.620000, 86.179000 
50.296700, -111.566200, 257.720000 
53.228700, -115.104400, 344.279000 
50.413200, -111.755900, 39.810000 
50.700600, -110.772500, 225.360000 
55.487500, -119.275000, 20.500000 
56.880600, -114.757200, 23.700000 
55.519900, -119.349500, 181.400000 
53.981500, -116.999800, 30.257000 
54.029000, -117.124000, 30.913000 
53.956200, -110.159100, 22.229000 
53.967700, -110.122400, 61.211000 
51.359000, -112.360100, 253.140000 
54.319800, -115.790300, 26.460000 
54.287000, -115.715300, 22.206000 
54.247000, -115.690000, 33.395000 
54.276200, -115.690000, 25.896000 
53.268600, -117.115600, 28.000000 
54.323400, -115.677500, 123.298000 
55.245100, -119.689000, 31.700000 
54.772300, -116.680400, 233.000000 
57.295300, -115.546100, 190.800000 
50.485900, -111.451200, 383.360000 
58.434000, -118.998400, 81.798000 
52.083000, -114.649300, 107.900000 
49.958300, -111.030000, 40.850000 
50.755100, -110.310200, 264.580000 
54.967500, -119.131600, 31.206000 
50.565900, -110.210200, 133.150000 
55.432800, -118.041700, 33.649000 
50.456800, -110.181600, 139.210000 
50.201900, -112.391700, 61.211000 
50.322300, -111.721200, 57.140000 
51.009800, -111.391500, 61.810000 
52.988300, -110.670000, 30.558000 
51.042300, -111.298100, 58.140000 
52.829600, -113.910900, 153.738000 
53.216900, -116.358700, 28.500000 
53.937900, -116.900400, 35.136000 
50.438700, -111.284800, 510.090000 
55.066600, -117.283300, 212.700000 
55.639400, -118.984300, 30.771000 
52.366300, -114.963000, 311.054000 
52.872800, -110.032400, 32.275000 
53.585100, -117.209300, 32.165000 
55.666900, -117.761600, 37.448000 
55.363900, -119.760600, 119.950000 
55.651800, -111.084400, 350.488000 
52.260500, -113.816600, 120.000000 
54.829200, -119.668600, 44.824000 
58.164800, -117.427500, 156.130000 
50.307500, -110.502500, 457.977000 
54.956400, -119.445600, 35.090000 
50.271200, -110.376900, 74.732000 
54.876400, -119.286100, 20.179000 
55.494700, -119.412800, 35.037000 
50.453200, -110.204700, 88.816000 
50.395000, -110.353900, 75.860000 
50.507600, -110.325200, 91.166000 
54.607200, -119.332000, 221.706000 
54.720000, -119.110600, 224.694000 
50.282400, -110.468900, 388.098000 
50.867900, -111.936700, 178.870000 
50.362200, -110.509100, 34.999000 
54.803600, -119.796400, 24.142000 
52.544800, -114.545200, 252.100000 
52.708400, -115.428900, 160.700000 
52.696000, -111.198200, 138.030000 
53.101200, -114.761900, 246.200000 
50.765900, -111.948400, 38.870000 
51.649800, -114.501300, 37.200000 
57.320900, -118.063600, 102.620000 
53.257600, -115.507800, 64.200000 
58.248400, -117.455300, 209.030000 
54.099600, -117.535500, 248.600000 
57.851600, -119.158100, 129.630000 
50.784300, -112.324500, 119.160000 
58.601200, -118.641800, 79.850000 
52.184500, -114.737900, 37.100000 
58.081200, -117.635600, 282.600000 
53.103200, -115.363400, 38.500000 
52.140800, -115.060200, 43.100000 
57.888400, -118.608700, 100.250000 
53.159500, -114.205700, 133.500000 
52.814000, -114.786000, 142.100000 
52.923200, -115.156100, 79.600000 
52.570100, -114.533200, 25.470000 
55.509300, -114.146900, 63.135000 
57.840900, -117.867800, 50.450000 
55.640400, -114.536400, 20.852000 
53.064700, -116.436900, 121.562000 
55.585600, -117.891600, 904.507000 
52.850300, -116.465800, 121.339000 
52.461400, -114.346900, 222.536000 
52.166400, -115.179600, 25.723000 
52.526400, -115.916900, 48.810000 
54.800000, -119.775600, 23.948000 
53.163100, -117.017800, 177.323000 
56.011400, -119.759500, 117.700000 
54.436200, -111.205100, 329.374000 
52.901100, -116.678000, 38.642000 
55.694100, -113.599400, 104.782000 
55.520400, -113.781100, 317.419000 
53.039400, -116.406400, 111.763000 
50.864300, -112.353400, 213.290000 
54.447300, -111.318700, 24.555000 
50.340400, -111.302000, 25.834000 
52.515700, -115.327200, 44.173000 
50.267600, -111.330600, 275.385000 
54.836400, -119.145800, 79.172000 
50.245900, -111.273100, 64.799000 
54.810800, -119.649700, 35.702000 
54.647200, -119.332000, 129.105000 
50.860700, -112.035100, 125.600000 
54.872800, -119.361100, 33.219000 
57.931900, -117.835000, 684.530000 
50.318700, -111.261700, 113.562000 
54.829200, -119.490000, 141.655000 
53.123200, -115.880800, 42.831000 
52.464700, -115.007500, 58.962000 
52.512000, -115.044700, 103.233000 
53.159500, -114.902800, 70.541000 
52.439300, -115.044700, 22.375000 
52.541200, -115.170800, 53.699000 
53.148700, -115.746100, 192.786000 
53.134000, -115.678900, 189.162000 
53.152300, -115.874700, 95.292000 
53.148700, -115.691100, 192.060000 
52.864800, -111.052700, 25.120000 
55.043600, -119.955600, 30.700000 
55.061900, -119.388100, 30.800000 
53.534300, -115.810000, 22.760000 
55.058300, -119.872800, 31.500000 
52.646500, -111.092500, 84.790000 
55.061900, -119.337000, 31.000000 
56.458600, -119.914300, 170.830000 
55.076400, -119.821700, 31.100000 
55.032800, -119.745000, 29.700000 
54.687500, -111.944600, 35.570000 
57.186200, -118.003300, 146.890000 
53.777900, -115.974200, 21.300000 
53.777900, -115.769200, 52.400000 
54.130700, -115.765300, 95.200000 
53.428700, -115.125800, 164.510000 
54.887200, -119.828100, 45.700000 
57.742220, -119.995050, 107.600000 
55.032800, -119.853600, 20.400000 
54.883700, -110.418400, 24.830000 
55.094700, -119.891700, 19.600000 
50.707900, -112.353400, 41.500000 
54.985600, -119.828100, 42.400000 
54.901900, -119.891700, 148.000000 
57.724400, -119.980900, 134.000000 
56.036700, -119.641700, 28.100000 
53.315900, -114.982200, 547.630000 
54.854500, -111.802000, 191.420000 
59.601800, -117.409700, 310.520000 
53.024700, -116.015300, 43.510000 
55.018300, -119.413600, 30.800000 
53.432300, -115.113600, 55.040000 
55.047200, -119.828100, 30.300000 
55.032800, -119.699200, 26.400000 
54.658500, -111.622300, 132.790000 
55.192700, -119.998300, 30.300000 
55.032800, -119.623900, 31.000000 
55.010800, -119.865000, 77.300000 
53.170400, -114.884200, 117.180000 
53.909800, -115.787800, 69.700000 
58.030100, -118.399800, 20.460000 
50.809500, -111.693700, 173.880000 
53.159500, -110.853300, 76.110000 
53.828700, -115.943000, 230.000000 
54.450800, -117.228100, 114.100000 
53.366700, -116.022500, 87.600000 
51.762600, -110.139700, 246.750000 
53.326800, -116.168000, 86.800000 
53.534300, -116.333900, 66.100000 
58.683300, -118.670000, 115.860000 
53.190400, -114.552300, 83.770000 
58.441200, -117.244700, 155.320000 
54.025400, -117.018400, 20.500000 
57.808400, -118.093900, 43.650000 
53.610600, -117.695900, 60.700000 
56.404200, -119.868200, 28.960000 
51.865400, -110.585600, 62.960000 
53.625000, -117.782300, 179.800000 
58.305400, -118.888000, 127.370000 
49.958300, -113.556600, 28.900000 
49.725600, -113.397600, 32.000000 
54.567300, -111.976300, 219.020000 
52.836500, -110.790500, 63.960000 
53.079500, -112.436700, 41.900000 
58.073200, -118.762000, 124.320000 
52.937600, -111.186100, 30.000000 
53.163200, -115.416100, 131.600000 
50.711500, -112.394000, 259.030000 
53.076000, -111.299800, 133.900000 
52.446500, -114.671600, 170.620000 
49.616400, -112.472000, 24.700000 
58.783200, -118.605600, 95.720000 
49.791100, -112.743700, 51.100000 
53.479400, -115.130800, 201.170000 
49.889200, -112.917600, 73.800000 
54.356200, -111.301200, 74.382000 
49.794700, -111.198100, 19.500000 
50.755100, -111.786200, 20.750000 
49.580000, -112.743700, 22.000000 
56.222300, -112.706800, 55.490000 
51.254200, -110.402700, 47.964000 
50.802300, -113.210200, 33.030000 
55.862200, -117.049400, 28.750000 
49.758300, -110.479100, 44.910000 
53.159700, -114.205700, 22.020000 
55.767500, -117.041600, 100.180000 
50.682300, -113.256300, 27.580000 
50.220300, -112.444200, 106.196000 
53.225100, -114.034600, 184.720000 
49.521900, -112.859000, 115.413000 
50.522200, -113.376000, 29.490000 
51.937300, -111.099200, 24.396000 
49.358100, -111.375000, 24.230000 
52.119200, -115.215400, 54.610000 
54.265400, -110.254400, 39.002000 
51.413400, -111.766500, 43.513000 
50.736800, -113.325700, 104.790000 
51.213400, -113.257700, 101.630000 
56.069400, -118.247000, 30.690000 
50.984300, -113.444300, 202.410000 
51.118600, -113.507500, 50.230000 
51.897200, -115.040200, 476.232000 
51.075100, -113.409300, 264.620000 
52.093600, -115.143800, 355.961000 
52.104400, -115.161600, 153.914000 
51.581600, -113.840400, 145.980000 
52.082800, -115.183500, 235.271000 
51.777200, -114.897900, 38.718000 
50.744300, -113.401000, 29.700000 
51.402600, -113.247400, 242.070000 
53.374300, -114.232100, 26.731000 
51.504500, -114.068500, 157.020000 
50.583900, -113.302700, 79.830000 
50.660400, -113.331600, 29.490000 
56.011500, -117.010200, 43.870000 
51.078700, -113.537700, 279.450000 
51.904500, -114.554600, 59.759000 
52.068200, -114.546800, 68.434000 
51.919000, -114.394600, 109.894000 
51.177000, -113.438500, 36.610000 
54.610800, -116.235600, 97.300000 
49.154400, -110.902200, 21.380000 
52.479300, -114.178200, 76.572000 
49.347200, -112.814200, 20.110000 
52.843100, -115.604700, 256.221000 
50.987900, -111.741500, 42.640000 
56.836900, -118.278100, 33.797000 
54.087500, -115.770200, 20.000000 
49.038100, -111.158900, 49.200000 
51.933600, -114.963200, 29.790000 
51.962900, -114.732100, 112.170000 
51.425100, -110.513800, 45.597000 
51.264300, -113.281000, 65.660000 
54.323400, -115.539700, 20.200000 
56.982800, -118.305800, 143.274000 
50.103900, -112.700900, 133.080000 
52.628400, -114.882100, 37.086000 
50.169400, -112.684000, 39.239000 
51.773700, -114.222900, 53.950000 
52.846700, -115.647200, 30.312000 
50.296700, -112.433700, 47.821000 
52.260900, -114.946900, 358.286000 
51.235400, -113.088500, 32.601000 
51.351800, -111.196500, 56.454000 
51.340700, -113.217900, 24.300000 
51.319000, -113.511800, 21.380000 
51.264300, -113.403500, 67.090000 
49.300000, -110.806400, 27.460000 
55.603900, -119.347800, 54.330000 
56.069400, -119.877200, 51.180000 
56.506100, -117.982800, 76.416000 
54.258200, -114.580800, 119.030000 
56.727900, -116.305700, 135.352000 
52.028200, -114.809600, 54.970000 
51.359000, -113.352900, 43.080000 
49.172800, -111.086400, 24.220000 
49.150800, -111.465800, 69.960000 
49.576400, -112.919200, 127.379000 
54.370800, -116.874800, 93.570000 
54.043400, -110.619200, 39.220000 
49.205300, -111.037700, 348.900000 
56.691400, -118.771700, 41.772000 
57.338900, -118.460000, 438.028000 
52.366500, -115.170800, 38.161000 
52.166400, -115.274900, 23.775000 
57.502800, -118.745700, 177.584000 
57.415300, -118.493900, 58.341000 
53.628700, -113.085700, 33.085000 
53.395900, -112.759100, 56.083000 
53.577900, -113.017900, 60.233000 
50.977000, -112.242800, 178.730000 
51.791800, -110.808900, 50.103000 
51.878900, -115.093200, 36.374000 
49.467200, -112.842300, 31.677000 
52.402900, -114.593500, 74.309000 
52.042900, -113.680200, 138.987000 
52.657600, -115.309200, 70.030000 
51.984500, -114.302100, 74.251000 
51.824000, -110.948800, 83.368000 
57.338900, -118.473600, 42.275000 
57.418900, -118.942600, 136.979000 
52.704800, -115.441100, 212.537000 
57.042500, -111.905000, 19.680000 
55.396500, -110.737300, 301.111000 
52.712000, -114.573800, 73.014000 
52.661400, -114.635500, 25.117000 
50.835100, -112.538700, 135.650000 
55.691200, -111.275900, 1025.446000 
52.806800, -114.640400, 39.793000 
51.464400, -114.961600, 152.393000 
51.377000, -114.814600, 350.768000 
55.713800, -111.263100, 73.108000 
55.676800, -111.113700, 36.587000 
55.720400, -111.347300, 140.666000 
54.381800, -111.238700, 48.486000 
55.451200, -110.853100, 80.928000 
51.806100, -114.998500, 22.740000 
51.838900, -114.980700, 87.596000 
55.352900, -110.627800, 800.485000 
50.940700, -112.371200, 20.670000 
56.280700, -116.053000, 20.850000 
54.029000, -116.769800, 25.356000 
54.047000, -116.887900, 20.758000 
50.311200, -110.296600, 102.900000 
54.319700, -116.718100, 31.304000 
55.916800, -116.813500, 52.740000 
54.287000, -117.069000, 117.392000 
55.840400, -116.767700, 79.720000 
55.905900, -116.820200, 301.670000 
54.301700, -116.843400, 68.749000 
54.207000, -117.169300, 62.133000 
49.500000, -112.746700, 56.232000 
55.905900, -116.623800, 53.350000 
49.874700, -111.594800, 42.740000 
50.114700, -111.674500, 25.060000 
55.713100, -119.672200, 65.460000 
51.850000, -115.105200, 37.380000 
50.784300, -111.543100, 29.200000 
51.791700, -114.915700, 33.772000 
53.035800, -115.965300, 102.058000 
51.380700, -113.229600, 142.170000 
50.758700, -111.641500, 122.060000 
53.912600, -116.745100, 142.880000 
49.500000, -111.009700, 40.510000 
49.914900, -112.361400, 44.212000 
51.264300, -113.205200, 251.800000 
53.752300, -117.099300, 132.516000 
57.193700, -118.199700, 287.136000 
52.260900, -110.009700, 34.470000 
50.929800, -112.458700, 20.110000 
57.120900, -118.139200, 87.786000 
49.874700, -112.387300, 41.237000 
49.289200, -112.797300, 44.983000 
49.492800, -112.892800, 24.224000 
49.492800, -112.830900, 41.889000 
57.113400, -118.058600, 136.718000 
56.153200, -115.936000, 45.000000 
54.385300, -116.975100, 248.175000 
54.345300, -116.880900, 75.548000 
57.066200, -118.031700, 281.900000 
53.275900, -113.989600, 43.800000 
54.185300, -116.768100, 31.304000 
57.338900, -119.657100, 944.073000 
57.349400, -118.670600, 144.667000 
50.889400, -113.406800, 122.970000 
49.118100, -113.637100, 222.000000 
54.350500, -116.766800, 184.715000 
50.893400, -112.174000, 206.780000 
55.232900, -114.505800, 49.626000 
54.476100, -119.173900, 97.370000 
50.867800, -111.796900, 119.020000 
53.415200, -110.857100, 67.810000 
56.033200, -113.843900, 63.541000 
54.538100, -119.066400, 98.310000 
55.843900, -111.090000, 476.974000 
57.004500, -113.047100, 64.915000 
57.134500, -113.765100, 28.164000 
54.243400, -112.924600, 84.216000 
54.855000, -118.521900, 60.838000 
52.235800, -113.377700, 49.374000 
54.419600, -117.293100, 192.468000 
54.447400, -117.523700, 311.185000 
55.102000, -110.507600, 116.840000 
51.639000, -112.407800, 39.958000 
51.289800, -114.656000, 264.666000 
56.091500, -113.579400, 31.599000 
53.523200, -113.393800, 28.275000 
52.224500, -114.743800, 23.849000 
50.940600, -111.880600, 327.351000 
54.454400, -119.091700, 81.950000 
51.217000, -111.922300, 34.221000 
54.708900, -113.448100, 80.134000 
55.581900, -112.320000, 143.619000 
56.891000, -112.671500, 399.147000 
54.548100, -117.411400, 231.400000 
52.250100, -115.042200, 25.310000 
55.174700, -114.241100, 173.340000 
55.262000, -113.484200, 132.777000 
52.559300, -115.213000, 100.590000 
54.127300, -110.890400, 117.194000 
55.240100, -114.042800, 296.190000 
51.943400, -112.077500, 74.497000 
52.697500, -116.005000, 56.630000 
51.609700, -112.623300, 118.468000 
50.795100, -112.017800, 437.490000 
54.127000, -114.655800, 45.870000 
53.385100, -115.168900, 35.760000 
51.275400, -111.325900, 20.666000 
54.170700, -112.391800, 80.331000 
56.265800, -117.823100, 25.069000 
53.512300, -115.611900, 61.680000 
54.185400, -114.210700, 162.081000 
54.536100, -117.111400, 132.132000 
55.364000, -111.097600, 167.458000 
54.560100, -112.399900, 119.748000 
55.996800, -110.822600, 46.387000 
51.300800, -112.041700, 62.811000 
56.957000, -112.596000, 20.872000 
53.847000, -110.196400, 41.261000 
55.418300, -111.411700, 151.168000 
54.472500, -117.460800, 30.570000 
55.997300, -111.352400, 69.806000 
55.804000, -111.217600, 31.364000 
54.669000, -110.275600, 54.808000 
50.842300, -112.463400, 215.840000 
55.047200, -119.898100, 28.400000 
55.186400, -111.439100, 97.433000 
59.641800, -118.307800, 521.614000 
50.223900, -110.963000, 29.154000 
54.763600, -114.302800, 48.284000 
51.635300, -112.531400, 37.698000 
52.334100, -113.674200, 59.531000 
54.505300, -116.450600, 40.630000 
57.485900, -113.793100, 388.064000 
54.487200, -116.570600, 108.597000 
54.428900, -116.798100, 33.766000 
54.516100, -116.886800, 27.661000 
56.884300, -112.912400, 49.088000 
50.863600, -111.847200, 122.554000 
56.033200, -113.481400, 76.431000 
51.449700, -111.571700, 198.469000 
57.124500, -112.892400, 23.498000 
52.806100, -112.442400, 145.682000 
54.375200, -110.402100, 48.768000 
56.033100, -119.489400, 48.650000 
57.168200, -112.845200, 46.724000 
54.651100, -114.528900, 69.200000 
54.825800, -113.307300, 93.169000 
57.106200, -112.252700, 21.523000 
55.680400, -111.522600, 44.237000 
56.902600, -112.972900, 126.572000 
56.833400, -113.112100, 220.410000 
57.084500, -112.919300, 69.292000 
55.727500, -112.099200, 22.692000 
57.200900, -112.905700, 696.310000 
50.314800, -111.468400, 130.333000 
54.257200, -112.373600, 249.793000 
54.345300, -112.905000, 65.569000 
56.498700, -112.481600, 124.166000 
57.200900, -112.845200, 39.446000 
53.968000, -110.969200, 131.251000 
55.338400, -111.264800, 123.749000 
54.640100, -110.964800, 35.991000 
49.994700, -113.579300, 70.805000 
57.677300, -110.024700, 23.573000 
54.798600, -114.203400, 152.824000 
55.847500, -111.358600, 103.454000 
52.734200, -113.162900, 20.866000 
54.479800, -111.021700, 120.378000 
54.978300, -117.708800, 27.920000 
56.149400, -112.314700, 152.132000 
52.424800, -114.340700, 29.490000 
50.828700, -111.791400, 75.432000 
52.344800, -114.262400, 36.870000 
53.621500, -111.686500, 32.589000 
55.631500, -112.189600, 319.093000 
52.395600, -114.521300, 81.110000 
54.814400, -113.605600, 76.870000 
58.692300, -118.796500, 104.790000 
54.627100, -118.513200, 40.932000 
54.627000, -117.464200, 192.370000 
55.309300, -110.480100, 45.660000 
55.935100, -113.441900, 59.463000 
55.687800, -113.748600, 31.599000 
58.670400, -119.559800, 96.670000 
58.685100, -118.669200, 163.480000 
55.688200, -113.897000, 98.464000 
50.101700, -111.307800, 254.873000 
52.326500, -114.515200, 228.910000 
55.862600, -119.715000, 236.512000 
56.276930, -119.875770, 31.540000 
55.949600, -110.624000, 130.496000 
55.294800, -110.795100, 238.260000 
57.208100, -118.623100, 36.020000 
54.452400, -116.966400, 27.097000 
52.130100, -110.099100, 27.574000 
52.130100, -110.116900, 55.313000 
55.687600, -111.912000, 47.566000 
55.876800, -113.317800, 53.484000 
53.607000, -116.703700, 20.669000 
55.876700, -110.880600, 44.987000 
57.273600, -115.892500, 64.745000 
54.159800, -112.398200, 65.251000 
55.294800, -114.145800, 80.356000 
54.786400, -112.744200, 29.089000 
53.912600, -110.712200, 31.712000 
54.610700, -112.540200, 62.881000 
54.960100, -113.179300, 24.816000 
54.963600, -117.670700, 326.800000 
55.833200, -110.907600, 32.215000 
55.136500, -113.794500, 97.253000 
51.570600, -111.357100, 68.238000 
55.935100, -113.356900, 31.599000 
50.802300, -111.902000, 258.840000 
50.085700, -110.117500, 59.686000 
55.382000, -111.213100, 178.963000 
53.997000, -111.569200, 272.016000 
50.165900, -110.089100, 276.463000 
50.698800, -111.458000, 74.733000 
50.136800, -110.197500, 58.101000 
50.522300, -111.359500, 31.599000 
54.816000, -118.715600, 146.638000 
52.599200, -113.973100, 46.230000 
52.781200, -115.386400, 21.530000 
57.677300, -114.004400, 23.388000 
56.018600, -119.340300, 29.306000 
53.836200, -111.321500, 114.830000 
55.509200, -111.690300, 25.953000 
55.643900, -111.924200, 34.608000 
55.597300, -111.770600, 219.595000 
49.485000, -111.218200, 27.499000 
51.961400, -112.370000, 88.367000 
56.407900, -110.929200, 107.630000 
55.121400, -114.159100, 59.602000 
54.985700, -111.789200, 63.541000 
55.993200, -112.603800, 22.562000 
54.859700, -118.569200, 110.796000 
54.858200, -110.444000, 124.004000 
54.698200, -110.692800, 120.156000 
55.218400, -111.316200, 192.040000 
54.523500, -113.846300, 188.269000 
50.889600, -113.406800, 32.470000 
51.555400, -110.009400, 21.427000 
53.215900, -116.497000, 238.356000 
55.334800, -114.267800, 24.300000 
50.675000, -111.762200, 121.070000 
54.102500, -112.310200, 250.640000 
54.612500, -118.214300, 594.471000 
55.216800, -112.002900, 22.765000 
54.989300, -111.483100, 40.223000 
54.989300, -111.636200, 33.608000 
55.232900, -110.698700, 45.660000 
54.130600, -115.231400, 113.180000 
50.201900, -111.439700, 79.962000 
55.629400, -112.105800, 35.011000 
52.966800, -111.131600, 69.910000 
51.264200, -112.381900, 85.536000 
55.905800, -110.821700, 432.762000 
54.685600, -117.414400, 160.987000 
53.032300, -111.293600, 21.210000 
53.963400, -114.836900, 72.438000 
52.903500, -114.698900, 119.300000 
55.927500, -119.857800, 69.170000 
53.564700, -116.719200, 199.800000 
55.651200, -116.386000, 138.160000 
55.843900, -119.294500, 38.058000 
50.031100, -112.638300, 22.977000 
51.027000, -114.018600, 41.492000 
53.192300, -115.293900, 116.750000 
52.122900, -113.847000, 63.190000 
52.017300, -114.200700, 22.492000 
52.064400, -114.271400, 294.890000 
52.020800, -110.891900, 42.173000 
52.257300, -114.284300, 23.268000 
52.279300, -114.206800, 24.320000 
52.300800, -114.211700, 25.906000 
53.439500, -115.187500, 20.367000 
53.090400, -115.245000, 196.150000 
52.297300, -114.218800, 34.780000 
52.300900, -114.236600, 31.000000 
52.300900, -114.254600, 23.822000 
52.253600, -114.295300, 61.587000 
51.868200, -110.139700, 230.750000 
55.710300, -116.604200, 130.800000 
56.036800, -113.121000, 31.599000 
54.152600, -110.931500, 94.104000 
56.088100, -119.934800, 130.580000 
55.040100, -113.396400, 91.742000 
56.538600, -119.950600, 181.539000 
56.975500, -113.309600, 130.978000 
58.081200, -117.828800, 42.010000 
51.213300, -111.355600, 164.729000 
54.880400, -113.491800, 53.665000 
52.013600, -112.986700, 137.974000 
54.894400, -111.813900, 170.903000 
54.472500, -115.652800, 50.496000 
54.130600, -119.218900, 77.600000 
54.836400, -118.686700, 57.613000 
52.755600, -111.282200, 107.041000 
52.999100, -112.971000, 21.450000 
54.439300, -119.655000, 21.660000 
54.459900, -119.717000, 37.690000 
51.970000, -110.629400, 70.760000 
54.970900, -110.750100, 40.090000 
50.642300, -112.301500, 62.720000 
57.604400, -118.999800, 136.650000 
53.021200, -114.859700, 91.900000 
51.784500, -110.056900, 48.480000 
57.560800, -119.521200, 303.000000 
57.753600, -119.768200, 52.400000 
57.346400, -119.099000, 238.500000 
56.185900, -112.151800, 30.510000 
51.065100, -114.130500, 45.963000 
50.678700, -112.272300, 61.460000 
55.830300, -116.673400, 48.680000 
51.180450, -113.937280, 131.739000 
52.715600, -110.621400, 20.080000 
50.700700, -112.110300, 239.740000 
57.448200, -115.377300, 96.300000 
55.167200, -118.930800, 52.800000 
53.054000, -114.933300, 268.860000 
55.979700, -119.426100, 69.000000 
57.399800, -119.513100, 40.700000 
57.418900, -119.561200, 157.000000 
52.941600, -114.418200, 191.870000 
57.571700, -119.775100, 243.500000 
57.480800, -119.160100, 103.800000 
50.901600, -110.480800, 143.007000 
52.763200, -114.337400, 56.176000 
56.112800, -119.529000, 104.165000 
53.919700, -114.717800, 144.675000 
53.181200, -114.486800, 311.800000 
54.378200, -114.745800, 23.794000 
50.885900, -110.524400, 143.007000 
51.500600, -113.804400, 83.864000 
53.254000, -114.437900, 124.400000 
50.805800, -111.507500, 249.740000 
53.279500, -114.774200, 66.460000 
54.883700, -111.719200, 37.480000 
55.683900, -119.393300, 115.470000 
50.675000, -112.288900, 37.660000 
52.933900, -116.173600, 27.973000 
53.013900, -116.258600, 99.080000 
52.639300, -114.557400, 24.298000 
52.747000, -115.255600, 214.248000 
54.949300, -110.622600, 194.180000 
53.035900, -110.994100, 85.670000 
52.703800, -114.572500, 606.623000 
52.848900, -114.620300, 35.410000 
52.890400, -114.865000, 131.230000 
53.872500, -116.085000, 100.220000 
50.718600, -111.322200, 200.061000 
57.702900, -114.066100, 70.087000 
55.026700, -112.185100, 41.957000 
50.627900, -111.965600, 190.560000 
54.418100, -116.362000, 37.165000 
54.232500, -116.611500, 185.572000 
55.069400, -113.313900, 281.617000 
54.967700, -113.936500, 88.911000 
54.363300, -116.624000, 164.333000 
56.917300, -112.960700, 20.492000 
54.152500, -111.588600, 30.693000 
54.520000, -116.810900, 521.166000 
57.586500, -113.970500, 27.618000 
51.813600, -112.454200, 91.594000 
58.728700, -118.005300, 136.487000 
54.556100, -116.577000, 27.389000 
54.923600, -114.111400, 44.611000 
54.498100, -116.905600, 21.582000 
54.279700, -116.762000, 26.868000 
54.527200, -112.926100, 45.988000 
50.915100, -112.451700, 734.790000 
54.821800, -112.554600, 28.655000 
54.487200, -118.213000, 95.204000 
51.620800, -112.069400, 129.243000 
53.440800, -111.000500, 20.904000 
54.792900, -115.521700, 317.380000 
51.082500, -111.915600, 126.888000 
57.004500, -113.188600, 700.196000 
53.497900, -116.666800, 381.151000 
53.828700, -115.943300, 98.115000 
55.069300, -110.545900, 25.770000 
54.734400, -112.638900, 78.379000 
53.499300, -116.805300, 285.378000 
50.635100, -112.237600, 35.140000 
53.861500, -112.209000, 35.338000 
53.934300, -110.631400, 30.693000 
55.782200, -112.034400, 45.178000 
54.647300, -115.495800, 125.040000 
58.568700, -118.515600, 26.742000 
55.047300, -110.577800, 292.810000 
57.499300, -113.878300, 22.119000 
53.745000, -116.818300, 31.599000 
53.686900, -116.776400, 91.995000 
54.458200, -115.641400, 146.570000 
52.177300, -114.296300, 110.610000 
56.051400, -119.589200, 40.330000 
53.170400, -115.177800, 91.141000 
54.272600, -113.294300, 39.547000 
52.213700, -114.308200, 285.860000 
51.737300, -113.124300, 62.100000 
55.763900, -119.581400, 122.340000 
53.970700, -115.744200, 26.193000 
52.210100, -114.302100, 40.300000 
54.796400, -119.082000, 53.300000 
54.229000, -115.295300, 114.480000 
54.352600, -111.821500, 33.922000 
50.431200, -111.589200, 221.418000 
53.104800, -114.871900, 37.080000 
55.538400, -112.262400, 117.730000 
54.199800, -113.212900, 116.108000 
53.305100, -114.841400, 44.870000 
54.465400, -113.221600, 141.645000 
53.272300, -114.725300, 36.050000 
54.461800, -111.780100, 124.400000 
53.484800, -115.607600, 119.770000 
53.279500, -111.587000, 285.848000 
52.180900, -113.083200, 69.240000 
53.363200, -111.879500, 165.908000 
53.385100, -115.612800, 211.710000 
55.749400, -119.562000, 20.050000 
53.195900, -111.911200, 128.636000 
52.621200, -112.211500, 126.963000 
50.860700, -110.229100, 52.250000 
51.359000, -112.418700, 137.830000 
55.736000, -119.076000, 29.135000 
53.792300, -114.482500, 26.438000 
53.847000, -114.619400, 64.972000 
51.271500, -111.772300, 90.300000 
54.265300, -116.342000, 35.670000 
50.013100, -112.611500, 304.070000 
50.073300, -112.673700, 145.100000 
54.454400, -116.090400, 23.140000 
50.311700, -112.515100, 32.090000 
53.563400, -116.728500, 46.970000 
54.130700, -115.552200, 159.520000 
53.690700, -115.717500, 93.380000 
55.338100, -118.536700, 97.170000 
54.119800, -116.273100, 69.080000 
54.392600, -114.474200, 37.500000 
51.993000, -114.889600, 23.190000 
55.504200, -118.945300, 100.330000 
54.101800, -115.665000, 54.590000 
50.168300, -112.299800, 75.460000 
54.090700, -115.501900, 47.270000 
53.655600, -114.616000, 49.670000 
53.727000, -114.631700, 35.970000 
54.224660, -110.514600, 29.495000 
52.042800, -114.958800, 115.180000 
52.031800, -112.629500, 318.707000 
54.359700, -118.756300, 151.300000 
59.103300, -119.918400, 20.340000 
53.969410, -110.454161, 166.704000 
55.070800, -118.695000, 199.730000 
56.429800, -116.363500, 52.730000 
50.160800, -112.957000, 142.340000 
50.214700, -112.367800, 38.760000 
56.851800, -115.208100, 21.300000 
50.302500, -112.390600, 49.070000 
50.060300, -112.299800, 190.980000 
51.464500, -114.467900, 77.960000 
53.588700, -114.244300, 65.950000 
51.431700, -113.757500, 54.800000 
53.887000, -116.396900, 210.515000 
53.381500, -114.188800, 28.450000 
52.788400, -112.489800, 131.341000 
52.541400, -115.170800, 57.740000 
52.792000, -112.562700, 250.700000 
53.916200, -116.732600, 33.175000 
55.378300, -118.499700, 59.990000 
55.458400, -116.165600, 30.791000 
54.485300, -118.778300, 86.650000 
55.491170, -116.186500, 198.443000 
55.460400, -112.213500, 22.910000 
55.901100, -117.749900, 22.510000 
54.359700, -119.138900, 100.280000 
56.047800, -119.563100, 24.270000 
54.556200, -113.822200, 37.480000 
53.712300, -116.148900, 38.081000 
53.621500, -116.087200, 20.731000 
55.120000, -111.688300, 44.830000 
54.476300, -119.173900, 65.680000 
55.058700, -111.895500, 433.410000 
52.766700, -116.393000, 638.384000 
55.382000, -111.760100, 259.040000 
54.171500, -112.197600, 52.450000 
55.458300, -119.573900, 72.080000 
54.909200, -119.643100, 34.420000 
54.778200, -113.963900, 168.156000 
55.611700, -112.611600, 43.100000 
54.883700, -113.498300, 84.078000 
54.367200, -110.503100, 29.495000 
54.159800, -112.203800, 93.250000 
56.560600, -118.544700, 63.811000 
55.174800, -112.281000, 81.111000 
56.120300, -119.497500, 34.980000 
56.095100, -118.758700, 78.200000 
54.348990, -110.766800, 132.123000 
54.359800, -110.285900, 29.495000 
55.800300, -118.225300, 73.410000 
55.640300, -119.627000, 34.384000 
54.512600, -113.139300, 38.300000 
55.411100, -118.885600, 29.940000 
53.355900, -114.896400, 52.352000 
53.792300, -114.613000, 61.760000 
54.527300, -112.930700, 34.680000 
52.360997, -113.974786, 53.689000 
52.562900, -112.530200, 37.241000 
55.432800, -119.606100, 33.000000 
52.701200, -112.259500, 54.372000 
52.591900, -112.192500, 29.793000 
53.734200, -118.395600, 36.079000 
50.700700, -112.654200, 90.350000 
53.941500, -116.720100, 36.994000 
54.421700, -117.784300, 102.145000 
56.440600, -119.775700, 22.500000 
53.566900, -118.022600, 84.165000 
58.234000, -118.787900, 169.654000 
54.034500, -117.180900, 32.390000 
54.385300, -118.624900, 211.717000 
54.137600, -116.392000, 39.230000 
57.895700, -118.780100, 50.407000 
52.958200, -114.679900, 37.960000 
52.206500, -113.465200, 5.000000 
49.467200, -110.779100, 7.000000 
53.778100, -117.552900, 90.520000 
56.223300, -119.570800, 96.960000 
57.971400, -118.584100, 33.546000 
52.989300, -114.157900, 89.300000 
52.938100, -116.431900, 55.470000 
53.799800, -116.092200, 163.260000 
53.225100, -111.550300, 12.000000 
54.091200, -117.516500, 30.670000 
58.059200, -118.287500, 144.111000 
53.854300, -117.391200, 266.590000 
53.022200, -116.520800, 122.120000 
54.003600, -111.818700, 24.609000 
51.563500, -110.569800, 79.923000 
53.297900, -110.089400, 26.690000 
51.118600, -114.732700, 30.000000 
53.067000, -115.439900, 31.000000 
50.002300, -112.873400, 100.300000 
53.002000, -110.993900, 41.510000 
53.918400, -117.297000, 127.960000 
49.229200, -114.029100, 517.969000 
52.752000, -114.404100, 7.000000 
53.923400, -116.775900, 47.070000 
52.730400, -114.525400, 7.000000 
50.889400, -114.761800, 253.000000 
49.088900, -112.414800, 12.000000 
54.341400, -116.301500, 31.190000 
53.239500, -111.532000, 12.000000 
51.198900, -114.820200, 30.000000 
52.774000, -114.501000, 106.000000 
52.766800, -114.489100, 38.000000 
52.969200, -116.692500, 159.040000 
55.491100, -118.082400, 61.375000 
52.714500, -114.317100, 32.700000 
55.738300, -119.841100, 142.302000 
52.830300, -116.272200, 268.220000 
52.608500, -114.186200, 135.398000 
54.672900, -114.212800, 12.000000 
55.571800, -112.549600, 23.220000 
54.763700, -113.938300, 19.000000 
55.349000, -112.184100, 40.320000 
54.079700, -118.342700, 32.930000 
54.654500, -114.092500, 12.000000 
52.730400, -114.112900, 97.873000 
52.919400, -113.835000, 121.441000 
54.760100, -113.815800, 195.000000 
52.890400, -113.878500, 73.116000 
56.135000, -119.622000, 70.931000 
53.283200, -115.324400, 3.000000 
55.789500, -112.281800, 37.020000 
52.874300, -110.428000, 55.620000 
53.323600, -116.995400, 70.160000 
58.255700, -119.187300, 29.248000 
53.607000, -116.537300, 27.410000 
58.303200, -118.858400, 74.522000 
58.448400, -119.033400, 26.385000 
52.395700, -114.472900, 67.826000 
52.864800, -114.046300, 24.488000 
53.006700, -116.852800, 53.860000 
53.097500, -113.193900, 29.822000 
58.368300, -118.990000, 509.722000 
58.350400, -119.082600, 87.673000 
55.320300, -118.762000, 76.274000 
52.452000, -114.392900, 25.370000 
51.815100, -115.296600, 139.036000 
52.874300, -110.162700, 32.000000 
52.088200, -115.689400, 89.394000 
54.317700, -116.573000, 54.807000 
54.221800, -116.197900, 52.450000 
53.528800, -111.964900, 121.920000 
50.013100, -112.393100, 50.654000 
53.330700, -113.719400, 38.000000 
54.416100, -119.347500, 57.740000 
55.305000, -118.914200, 36.320000 
51.635300, -115.139200, 238.389000 
53.577900, -116.599000, 60.600000 
53.858600, -112.279100, 24.050000 
53.241400, -113.838700, 71.605000 
49.903900, -111.332300, 196.800000 
53.427000, -112.075100, 131.480000 
53.419700, -111.977100, 39.930000 
55.266800, -112.567900, 85.420000 
51.600900, -111.231500, 181.950000 
55.548100, -118.995000, 53.010000 
53.266900, -111.912400, 72.750000 
53.441500, -111.903700, 39.930000 
56.364200, -119.934300, 169.300000 
51.599900, -115.356900, 132.769000 
53.325100, -111.681700, 61.310000 
53.463300, -111.903700, 24.050000 
54.178700, -117.328400, 648.890000 
55.117900, -112.737900, 33.910000 
53.485200, -111.928200, 56.360000 
55.028400, -112.266100, 27.440000 
54.189000, -112.109800, 189.940000 
54.233700, -117.030600, 23.570000 
51.135900, -114.144900, 51.286000 
53.753700, -114.443000, 20.730000 
53.117300, -110.803900, 40.230000 
53.477900, -111.936300, 268.300000 
52.545700, -114.106000, 150.686000 
49.488900, -113.955100, 656.131000 
51.668100, -115.170400, 21.860000 
55.341700, -118.914200, 54.700000 
54.516700, -119.292000, 40.360000 
51.606100, -115.131800, 22.631000 
51.719000, -112.390100, 164.698000 
50.423900, -112.313100, 46.409000 
54.162360, -115.733900, 226.528000 
54.635300, -119.318300, 52.670000 
54.174300, -116.141400, 96.230000 
53.711900, -117.052500, 43.130000 
52.301100, -114.212700, 27.578000 
55.835100, -112.252100, 21.210000 
55.500600, -119.570000, 21.450000 
54.033400, -117.162900, 25.400000 
53.707700, -116.435600, 83.550000 
55.862200, -119.418900, 20.000000 
49.433900, -111.549000, 68.390000 
53.593060, -116.390300, 66.457000 
54.141900, -115.704200, 0.736000 
50.675600, -110.025000, 59.263000 
57.040500, -111.619200, 11488.000000 
54.952700, -119.195300, 633.715000 
53.572500, -113.360600, 975.471000 
56.380600, -116.795000, 222.695000 
50.647500, -113.772000, 22.980000 
54.179100, -115.806000, 59.136000 
52.758100, -114.111600, 294.100000 
53.245000, -115.674300, 177.000000 
52.553700, -111.694000, 148.480000 
55.335900, -119.223000, 58.100000 
53.546800, -113.734800, 4.900000 
50.086600, -110.716700, 1730.404000 
52.308300, -113.550000, 2173.897000 
53.448700, -114.449100, 11911.000000 
52.496000, -114.988000, 155.986000 
51.086700, -114.008800, 41.820000 
54.833300, -118.646700, 267.674000 
50.845800, -113.586700, 1226.862000 
54.144400, -115.691700, 47.471000 
53.354600, -113.715000, 163.894000 
54.423300, -117.760400, 778.173000 
51.039600, -114.559000, 346.000000 
55.269500, -114.598300, 79.910000 
52.940400, -114.832300, 471.942000 
53.721700, -113.191700, 2759.692000 
53.204500, -116.811200, 121.857000 
52.146300, -115.330000, 336.610000 
54.130900, -115.546700, 162.477000 
51.637200, -112.866000, 712.200000 
53.804200, -113.082400, 783.868000 
53.344000, -114.305000, 12557.213000 
53.718500, -113.183000, 0.090000 
54.572300, -115.522900, 436.110000 
52.564700, -112.141400, 10799.000000 
55.996700, -118.533600, 648.211000 
49.789400, -112.126100, 72.000000 
53.539700, -113.409200, 428.000000 
51.570800, -114.851700, 31.986000 
50.846700, -113.581170, 307.300000 
52.385800, -113.595000, 193.920000 
54.596400, -110.395000, 5264.940000 
53.733200, -113.175000, 2325.575000 
53.048100, -113.921000, 3362.550000 
50.989700, -113.993800, 10.160000 
50.805300, -110.034900, 1006.300000 
52.226300, -115.177000, 710.900000 
53.288500, -110.018300, 151.000000 
53.833100, -113.108900, 17.707000 
51.219500, -114.645400, 457.408000 
51.181625, -114.472100, 1.068000 
53.541700, -113.391700, 1976.447000 
52.033030, -113.938910, 48.310000 
51.534800, -114.203700, 134.286000 
51.022770, -114.027660, 45.206000 
53.421300, -113.904400, 375.904000 
56.377200, -117.175600, 578.400000 
55.358300, -114.617200, 242.700000 
53.089200, -116.805900, 58.500000 
57.003300, -111.466100, 9011.410000 
52.959300, -115.893800, 318.900000 
53.560000, -114.486200, 7069.720000 
53.587300, -113.363000, 80.286000 
50.983000, -113.988400, 3059.000000 
53.181200, -115.762500, 397.810000 
52.776100, -115.660700, 373.800000 
53.795900, -113.099600, 844.000000 
53.841600, -113.097900, 717.540000 
54.007100, -119.104000, 2191.000000 
53.652000, -116.099200, 40.891000 
53.776000, -113.088600, 20.486000 
53.952700, -113.078000, 308.423000 
49.305200, -114.000300, 513.905000 
58.500000, -119.416700, 52.650000 
51.191300, -113.940900, 885.056000 
53.746900, -113.164500, 50.800000 
52.322100, -113.516600, 37.686000 
54.775000, -115.218600, 25.471000 
55.071200, -118.691200, 906.300000 
51.531700, -111.786100, 11427.000000 
53.508500, -114.557100, 23974.000000 
55.725100, -119.399900, 270.867000 
53.227700, -114.988900, 117.940000 
51.965500, -114.753600, 176.940000 
54.524700, -116.794300, 902.930000 
53.571700, -113.349800, 331.800000 
53.413300, -117.570600, 819.000000 
49.713599, -112.796397, 17.456000 
50.747700, -114.494700, 395.176000 
53.529100, -113.387500, 203.364000 
53.722900, -113.174000, 1.588000 
53.733200, -113.486200, 1.433000 
52.463000, -114.346500, 363.900000 
54.923116, -112.861867, 950.450000 
54.194400, -116.632200, 397.341000 
51.742300, -114.134500, 178.100000 
53.767000, -116.751200, 40.368000 
53.170400, -115.770500, 36.500000 
53.937900, -116.660900, 45.397000 
51.407800, -113.668300, 259.400000 
50.817600, -110.448000, 62.470000 
53.472200, -115.100000, 79.500000 
53.740300, -116.622700, 77.152000 
51.099300, -112.639000, 225.170000 
53.006800, -110.995000, 152.596000 
51.882600, -114.498200, 20.300000 
53.560800, -117.239600, 14.800000 
51.813700, -114.536800, 61.411000 
51.878900, -114.666100, 30.095000 
55.480300, -118.952000, 21.900000 
52.983100, -112.189800, 83.240000 
52.046500, -114.588800, 146.464000 
51.935300, -112.079200, 107.800000 
52.031800, -114.612700, 54.797000 
54.284800, -115.698000, 643.552000 
51.890100, -114.495200, 74.546000 
57.879100, -118.418300, 49.420000 
52.119300, -114.684100, 74.524000 
52.058000, -114.908000, 246.330000 
52.126500, -114.650500, 74.543000 
52.581200, -113.971000, 162.419000 
54.402000, -112.553000, 30.550000 
54.288500, -116.978000, 64.200000 
52.450100, -113.682100, 38.997000 
52.453700, -113.634100, 37.918000 
55.125900, -117.838000, 194.050000 
53.902300, -115.189300, 137.600000 
52.122900, -114.403800, 23.888000 
54.829600, -118.647000, 250.710000 
52.002900, -114.597700, 74.472000 
51.984500, -114.743800, 227.369000 
53.757500, -113.149900, 112.166000 
50.693800, -114.330000, 162.950000 
54.560100, -111.770600, 137.250000 
53.470500, -116.496100, 96.800000 
51.575300, -110.007360, 26.620000 
52.843200, -111.722800, 300.990000 
54.961900, -117.297700, 24.510000 
52.512000, -115.044700, 28.284000 
54.094600, -112.306000, 40.600000 
50.716700, -112.983300, 132.897000 
55.141900, -118.464400, 30.984000 
52.824800, -113.824100, 20.170000 
52.257300, -113.745700, 25.549000 
51.400100, -114.034300, 1122.260000 
52.355300, -115.332000, 43.600000 
53.635900, -112.019200, 127.430000 
53.244500, -116.238000, 161.490000 
51.068200, -115.136400, 799.954000 
55.931200, -112.047000, 163.450000 
53.862700, -110.639000, 30.084000 
52.970400, -111.689500, 42.600000 
53.607000, -112.592700, 29.950000 
51.444300, -114.527000, 41.940000 
52.755200, -110.747000, 89.700000 
53.537900, -111.785100, 222.044000 
55.450900, -113.923000, 48.770000 
50.205800, -110.476900, 158.247000 
53.999800, -114.445300, 40.500000 
52.719000, -115.708000, 25.430000 
57.188000, -118.248900, 70.700000 
52.246500, -112.444500, 44.203000 
50.751500, -113.079900, 51.427000 
53.960200, -116.460000, 164.070000 
50.194700, -110.479700, 715.077000 
50.187500, -110.476900, 120.350000 
53.099500, -115.364200, 21.430000 
54.483500, -118.100000, 56.440000 
53.057500, -111.097200, 69.899000 
55.814900, -119.365000, 74.680000 
51.943400, -114.736000, 432.410000 
53.152300, -111.076600, 50.543000 
52.010000, -115.084100, 21.678000 
53.439500, -112.589600, 258.751000 
53.221500, -110.859400, 24.265000 
50.697800, -111.531000, 317.930000 
53.601900, -111.628700, 35.774000 
50.704600, -110.844000, 322.870000 
53.537900, -117.085900, 50.396000 
53.177600, -110.969700, 24.395000 
50.040920, -110.721904, 776.000000 
53.091100, -111.768600, 401.400000 
49.797800, -113.043600, 34.600000 
53.345800, -111.251900, 17.500000 
57.076100, -111.918900, 89.017000 
52.904700, -115.324700, 157.100000 
49.677359, -112.862698, 3.883000 
49.801900, -113.104700, 34.800000 
55.582700, -110.888800, 21.500000 
55.069600, -110.536100, 283.370000 
55.866700, -119.596700, 72.388000 
53.039700, -111.220000, 87.777000 
54.185400, -116.210400, 475.753000 
54.140000, -115.553900, 22.449000 
51.052000, -114.010500, 1.627000 
54.839400, -118.658900, 72.076000 
54.285600, -115.711100, 56.422000 
52.966900, -111.253100, 8.200000 
57.298900, -111.503300, 310.224000 
58.460300, -115.238300, 101.323000 
55.706400, -118.772800, 43.400000 
58.447100, -119.238300, 387.573000 
54.846700, -112.567500, 107.851000 
53.402700, -117.599300, 52.197000 
52.308300, -113.550000, 639.950000 
52.375200, -114.921600, 30.057000 
54.926900, -111.936100, 77.680000 
54.938200, -114.342200, 191.560000 
53.472878, -113.616936, 1.718000 
53.550500, -113.358900, 1547.900000 
52.869000, -115.101000, 324.300000 
53.826700, -113.603300, 100.541000 
50.269600, -112.893800, 829.900000 
51.065300, -115.221100, 3.450000 
53.652200, -113.716400, 16.500000 
50.577200, -111.178100, 264.660000 
55.086900, -110.528600, 33.230000 
54.427200, -116.884300, 907.249000 
51.056600, -115.164300, 210.093000 
50.701100, -111.095600, 176.200000 
55.964900, -117.593500, 67.000000 
51.316900, -113.390300, 54.470000 
56.968100, -118.280600, 39.002000 
54.512600, -111.824500, 29.400000 
53.284200, -110.012400, 29.200000 
53.373100, -116.086000, 564.600000 
52.228400, -114.397700, 500.410000 
56.373300, -119.922800, 36.760000 
52.212400, -113.843700, 70.406000 
51.915300, -113.578100, 255.042000 
53.691700, -113.614400, 33.600000 
50.963300, -112.288300, 212.810000 
53.109200, -114.981300, 19.600000 
56.031400, -117.976100, 36.610000 
54.618200, -112.665200, 22.500000 
54.319800, -111.263700, 22.200000 
52.752900, -114.445400, 40.700000 
49.975700, -114.130000, 77.400000 
55.969400, -117.575600, 299.100000 
53.637800, -112.028400, 34.550000 
50.676800, -110.018000, 154.170000 
54.043500, -117.420000, 260.980000 
53.740700, -113.023100, 796.500000 
57.351700, -111.522200, 344.925000 
49.725300, -112.790000, 0.799000 
53.819400, -113.141900, 108.890000 
53.529649, -113.495611, 1.862000 
51.926500, -114.542700, 483.608000 
50.671900, -113.459400, 38.400000 
51.006900, -113.192800, 178.980000 
54.293100, -116.188300, 206.941000 
53.593600, -113.335600, 130.200000 
50.847000, -113.591000, 182.380000 
52.766100, -114.285600, 12.923000 
51.189400, -113.937800, 188.487000 
53.582200, -113.544400, 1.419000 
51.024500, -114.025000, 32.800000 
52.315900, -113.850000, 32.760000 
53.519600, -113.529000, 181.162000 
54.772900, -110.579000, 258.978000 
53.863100, -113.393900, 51.700000 
53.066500, -117.404800, 39.440000 
57.364000, -119.763000, 362.026000 
57.382500, -119.778400, 70.779000 
59.095900, -118.576100, 242.213000 
59.219800, -119.268700, 243.154000 
53.868700, -113.254300, 20.807000 
52.588400, -113.161800, 27.948000 
53.250200, -115.555500, 168.995000 
52.746800, -112.988000, 58.340000 
55.489100, -119.750800, 148.200000 
52.632000, -112.945400, 55.001000 
57.318100, -119.860100, 35.481000 
59.005100, -119.033200, 265.656000 
58.943200, -118.916800, 81.423000 
55.876700, -119.301100, 150.400000 
52.850300, -115.665500, 48.591000 
52.479300, -114.876000, 52.257000 
51.222500, -114.495600, 749.772000 
52.544800, -110.713600, 44.792000 
58.997900, -118.797500, 289.046000 
59.165100, -118.725800, 489.745000 
53.581600, -113.599100, 887.660000 
59.117900, -118.654500, 195.742000 
52.144400, -115.535000, 59.722000 
52.319300, -111.477600, 178.420000 
52.544800, -114.641600, 232.726000 
52.199300, -114.564900, 30.761000 
55.040000, -115.475800, 379.955000 
52.326500, -111.128600, 89.865000 
52.344800, -112.205300, 13.300000 
52.220900, -111.937300, 60.721000 
54.588800, -115.862500, 36.305000 
52.235700, -111.788100, 131.490000 
51.955400, -111.845300, 57.624000 
52.549700, -112.579400, 108.370000 
52.198500, -112.638000, 35.750000 
50.583700, -113.871100, 31.528000 
52.180900, -112.647600, 103.761000 
52.392000, -112.229500, 55.094000 
52.180900, -110.505000, 80.998000 
53.908900, -113.172500, 183.155000 
52.166400, -112.658600, 26.812000 
50.597600, -111.881800, 32.800000 
52.480900, -114.870200, 51.546000 
52.449900, -112.566500, 23.401000 
51.893700, -114.400400, 78.180000 
52.395700, -115.188900, 67.244000 
52.402900, -114.707700, 193.349000 
50.100300, -111.988100, 41.873000 
51.696900, -114.475000, 1185.670000 
53.796100, -111.941900, 221.967000 
53.956700, -111.172600, 171.074000 
51.540900, -114.103800, 277.221000 
59.063100, -118.875700, 571.500000 
50.129400, -111.908400, 253.971000 
53.766900, -112.203100, 186.533000 
52.808800, -114.257600, 57.980000 
53.635900, -116.401700, 100.399000 
54.203300, -116.848300, 93.346000 
54.392500, -117.069000, 36.591000 
55.483900, -118.970000, 78.692000 
55.396400, -119.599700, 406.961000 
55.713100, -119.600800, 112.764000 
55.728600, -119.775000, 40.149000 
55.713100, -119.419200, 69.949000 
50.198300, -112.119200, 37.751000 
53.862200, -111.637100, 181.474000 
50.253700, -112.498700, 71.683000 
53.643300, -111.426700, 195.612000 
55.887600, -116.459900, 24.241000 
53.850600, -112.190600, 55.760000 
53.515900, -116.441700, 44.729000 
52.790700, -114.130700, 157.515000 
55.641700, -119.635000, 25.538000 
53.557500, -116.547200, 861.130000 
54.403300, -112.528900, 63.775000 
54.221700, -112.905000, 74.818000 
54.078900, -113.346000, 42.282000 
54.443600, -112.583200, 166.079000 
55.913200, -114.482200, 29.575000 
54.062600, -110.292200, 53.790000 
54.338200, -114.060400, 96.772000 
54.650900, -114.528900, 50.640000 
54.545300, -112.670600, 56.381000 
53.736200, -113.833900, 22.132000 
54.206900, -112.409700, 40.229000 
54.068900, -112.184200, 33.029000 
53.952600, -112.390400, 52.779000 
54.530800, -112.920000, 53.275000 
52.621200, -114.827900, 174.651000 
53.977100, -117.285100, 361.096000 
55.647500, -119.548900, 71.561000 
54.003900, -111.817000, 30.759000 
52.244400, -114.735500, 49.807000 
53.854300, -111.365100, 29.025000 
52.399300, -111.465300, 29.190000 
54.494400, -115.957600, 325.103000 
58.555500, -118.915900, 73.092000 
55.720300, -119.406100, 141.776000 
53.927000, -114.376900, 33.284000 
55.432500, -116.486000, 227.978000 
52.366500, -112.734900, 78.413000 
50.061200, -110.723000, 28.566000 
52.722900, -112.841600, 37.241000 
57.157300, -115.122000, 89.378000 
51.504500, -112.677300, 33.215000 
59.623400, -117.727200, 154.784000 
56.964500, -117.007100, 208.578000 
52.268400, -112.790700, 24.688000 
52.355700, -112.831000, 30.367000 
53.949000, -113.285400, 46.774000 
53.179500, -111.779500, 53.100000 
55.305700, -115.046100, 25.190000 
57.346400, -119.099000, 104.754000 
53.137600, -113.794100, 36.830000 
53.941500, -113.664600, 138.690000 
53.894300, -113.416000, 42.455000 
56.731500, -115.478100, 44.689000 
53.821500, -113.490400, 116.843000 
55.481900, -119.059200, 23.250000 
57.189700, -119.054800, 216.036000 
51.213400, -111.030000, 41.228000 
51.959000, -110.767500, 96.597000 
55.698300, -118.783300, 66.857000 
54.510900, -115.511700, 1160.895000 
54.127000, -110.486500, 61.206000 
56.818900, -118.570000, 24.751000 
51.333400, -110.667500, 59.834000 
54.334500, -110.310900, 106.903000 
51.977300, -110.988300, 21.751000 
56.532000, -117.993000, 22.859000 
55.714100, -118.830400, 63.865000 
53.529577, -113.499847, 15.602000 
54.269000, -110.310800, 39.002000 
56.931800, -118.152800, 46.335000 
56.582500, -118.118100, 21.227000 
53.861500, -114.756100, 104.467000 
56.058600, -118.161700, 32.938000 
54.238200, -115.379700, 251.000000 
53.283800, -110.031900, 40.512000 
57.153300, -118.334500, 126.479000 
56.717000, -113.378900, 25.871000 
49.689200, -112.942000, 98.252000 
51.533400, -114.327100, 33.871000 
51.607100, -110.282400, 47.586000 
51.591800, -110.750000, 68.373000 
50.838700, -111.520100, 148.480000 
52.264500, -110.570500, 64.125000 
51.977300, -110.486900, 112.850000 
52.028200, -110.564700, 94.783000 
49.628100, -114.571900, 51.928000 
53.416800, -113.917700, 108.114000 
54.162500, -112.841800, 49.720000 
50.031100, -112.638100, 34.370000 
50.704300, -111.155300, 200.970000 
52.515700, -113.173800, 566.734000 
52.104400, -110.695000, 436.007000 
57.546300, -119.112600, 367.600000 
51.977300, -111.173400, 299.891000 
52.366500, -113.191800, 203.365000 
49.871100, -112.913700, 58.767000 
52.450100, -113.167900, 21.089000 
51.748200, -113.592100, 47.865000 
52.490000, -113.034400, 35.898000 
51.890100, -114.359100, 124.800000 
53.725400, -113.193000, 624.180000 
54.290800, -116.918700, 79.220000 
55.029800, -118.744000, 407.808000 
55.494700, -119.289500, 64.430000 
53.104800, -111.556500, 115.610000 
51.488700, -113.153900, 641.767000 
53.719800, -113.596300, 39.840000 
50.922300, -111.391500, 73.450000 
57.299000, -118.228900, 61.670000 
51.300700, -112.042600, 38.800000 
51.526000, -113.880000, 233.771000 
50.977000, -111.683100, 57.730000 
52.457600, -114.419100, 201.350000 
54.785300, -117.658000, 206.510000 
52.286500, -114.123200, 83.240000 
52.166500, -113.256300, 241.140000 
54.796400, -117.658000, 74.180000 
55.041500, -119.631000, 713.800000 
54.229000, -110.348600, 46.680000 
54.345400, -110.025800, 30.950000 
56.091500, -111.817800, 68.900000 
56.055900, -111.830900, 24.380000 
54.174300, -110.298300, 41.540000 
56.204300, -111.715600, 133.180000 
55.991165, -112.032320, 52.740000 
54.116200, -114.856400, 138.280000 
55.869500, -112.001200, 46.730000 
52.955900, -112.429200, 49.450000 
53.072300, -112.400100, 35.390000 
54.210700, -110.241900, 76.150000 
54.432500, -110.306400, 35.580000 
54.298200, -112.824300, 45.300000 
52.366800, -112.136500, 48.540000 
55.225700, -114.493000, 155.150000 
58.194700, -116.350400, 22.750000 
55.756800, -110.529800, 135.420000 
54.101800, -114.292500, 265.000000 
55.247500, -116.641600, 375.590000 
54.472500, -114.812200, 70.860000 
55.640400, -110.627000, 294.120000 
55.556800, -110.717800, 40.810000 
54.359600, -116.152900, 178.730000 
55.924000, -111.896500, 170.520000 
53.670500, -115.762200, 439.900000 
55.268600, -114.584700, 59.100000 
55.203600, -116.615600, 74.850000 
55.913200, -115.150400, 202.383000 
55.873200, -112.145400, 128.040000 
54.479800, -110.332600, 28.440000 
50.904300, -113.308500, 276.020000 
54.105400, -113.442700, 23.710000 
53.277900, -110.034300, 53.890000 
53.908300, -118.816700, 70.356000 
57.218000, -111.027000, 24.930000 
50.242200, -113.617100, 104.360000 
50.058200, -110.728200, 720.919000 
50.227500, -113.548200, 201.620000 
53.821500, -110.035000, 173.300000 
50.937000, -113.292700, 131.140000 
53.883400, -110.041100, 371.850000 
54.221800, -110.584200, 30.840000 
54.133300, -115.366600, 37.300000 
52.912000, -110.682700, 20.510000 
52.908400, -112.435300, 194.280000 
54.056020, -110.357560, 38.990000 
54.141800, -110.925300, 174.660000 
53.155900, -112.326700, 274.230000 
55.074200, -117.274200, 318.100000 
54.243400, -110.762300, 31.560000 
54.025400, -110.681200, 108.450000 
50.231100, -113.519600, 245.500000 
50.151100, -113.562100, 89.390000 
54.113300, -110.564600, 43.430000 
53.723500, -113.173800, 205.300000 
49.088900, -112.582300, 114.890000 
52.373700, -114.076000, 41.300000 
51.058900, -115.174500, 3077.000000 
51.649800, -110.187200, 210.830000 
54.587200, -112.803100, 24.750000 
58.568700, -119.201500, 209.190000 
52.322800, -114.020800, 41.290000 
52.104500, -113.077400, 98.700000 
53.799100, -113.080700, 253.029000 
54.218200, -110.712000, 70.760000 
51.770100, -111.422000, 121.060000 
52.592000, -113.967900, 50.280000 
52.322800, -114.020800, 220.950000 
53.132300, -115.981700, 70.476000 
52.926800, -111.889500, 164.100000 
53.817200, -113.133600, 24.839000 
52.479300, -115.206900, 174.956000 
50.059200, -112.039500, 50.791000 
51.209800, -110.161100, 100.510000 
54.658200, -111.622300, 152.420000 
54.687300, -111.944600, 79.030000 
53.890700, -117.354000, 469.399000 
58.501200, -117.145600, 208.488000 
55.985900, -119.955800, 98.600000 
54.079800, -111.407800, 25.890000 
52.308200, -114.096500, 41.300000 
51.213400, -110.336100, 170.990000 
51.282600, -110.297500, 108.080000 
55.767500, -119.588100, 29.097000 
54.138100, -111.908300, 331.108000 
52.861200, -113.539100, 39.300000 
52.774000, -113.520700, 160.000000 
52.719300, -113.617900, 29.000000 
55.644000, -114.659700, 338.770000 
52.402900, -111.736200, 361.980000 
53.345100, -114.743600, 110.540000 
55.858700, -113.841400, 99.180000 
52.327100, -112.718300, 1417.500000 
54.897200, -117.708800, 157.810000 
52.923200, -115.107500, 287.200000 
55.199400, -116.221900, 203.900000 
52.779800, -113.629900, 65.200000 
55.513100, -113.475000, 124.560000 
52.857600, -113.320700, 27.900000 
52.734000, -113.162900, 22.120000 
51.791700, -111.536400, 22.200000 
52.555700, -111.805300, 68.070000 
52.872000, -113.629900, 72.640000 
52.868400, -113.666300, 54.440000 
55.993500, -113.480500, 88.122000 
56.036800, -113.782500, 183.050000 
53.531993, -113.364925, 419.600000 
55.248100, -114.514000, 47.720000 
53.581900, -113.590000, 0.190000 
52.035300, -115.137700, 163.710000 
52.402900, -111.844500, 32.100000 
