53.159500, -114.902800, 0.268000 
57.590100, -117.531700, 0.356000 
56.215000, -110.968100, 0.056000 
55.309200, -119.205800, 0.002000 
53.866900, -110.644900, 0.274000 
52.696100, -114.863800, 13.481000 
49.305200, -114.000300, 1.807000 
54.572300, -115.522900, 3.482000 
57.040500, -111.619200, 475.911000 
53.048100, -113.921000, 2.526000 
51.965500, -114.753600, 2.155000 
53.354600, -113.715000, 0.609000 
54.596400, -110.395000, 1.559000 
53.541700, -113.391700, 12.985000 
53.181200, -115.762500, 1.280000 
52.959300, -115.893800, 0.319000 
54.524700, -116.794300, 1.783000 
49.720100, -112.781900, 13.160000 
51.005800, -113.987500, 0.053000 
52.553700, -111.694000, 0.070000 
53.559400, -113.597500, 3.928000 
53.952700, -113.078000, 0.247000 
52.308300, -113.550000, 1.624000 
53.421300, -113.904400, 0.441000 
50.747700, -114.494700, 0.248000 
54.952700, -119.195300, 3.943000 
55.996700, -118.533600, 0.044000 
53.718500, -113.183000, 0.003000 
51.570800, -114.851700, 1.664000 
53.245000, -115.674300, 0.016000 
55.358300, -114.617200, 0.051000 
54.194400, -116.632200, 2.198000 
52.226300, -115.177000, 0.660000 
51.534800, -114.203700, 0.360000 
53.746900, -113.164500, 0.154000 
53.652000, -116.099200, 0.962000 
53.795900, -113.099600, 7.979000 
53.570000, -113.611400, 0.036000 
50.983000, -113.988400, 30.200000 
57.003300, -111.466100, 300.190000 
50.982200, -113.974200, 0.036000 
54.833300, -118.646700, 0.466000 
55.335900, -119.223000, 0.050000 
50.647500, -113.772000, 0.701000 
53.288500, -110.018300, 1.240000 
51.191300, -113.940900, 1.589000 
56.380600, -116.795000, 0.473000 
55.725100, -119.399900, 0.296000 
52.146300, -115.330000, 3.330000 
53.804200, -113.082400, 0.064000 
53.498700, -113.383100, 0.879000 
51.000700, -113.965670, 2.210000 
55.993500, -113.480500, 0.072000 
58.555500, -118.915900, 0.318000 
52.674300, -111.311600, 0.104000 
53.574600, -113.314600, 0.013000 
53.616600, -115.711100, 0.367000 
54.510900, -115.511700, 0.406000 
54.427200, -116.884300, 1.319000 
53.817200, -113.133600, 0.028000 
49.476100, -112.652500, 0.014000 
53.557500, -116.547200, 6.464000 
53.170200, -114.975000, 0.897000 
53.286400, -110.017800, 0.002000 
52.035300, -115.137700, 1.343000 
51.910600, -114.668100, 1.142000 
53.132300, -115.981700, 0.651000 
53.340200, -113.538100, 0.025000 
55.069600, -110.536100, 0.112000 
53.527200, -113.354800, 0.470000 
53.902300, -115.189300, 0.150000 
49.628100, -114.571900, 0.049000 
51.005290, -114.058570, 7.100000 
54.588800, -115.862500, 0.157000 
55.040000, -115.475800, 0.243000 
51.915300, -113.578100, 1.532000 
53.740700, -113.023100, 2.002000 
53.373100, -116.086000, 1.235000 
50.959200, -113.981200, 0.356000 
51.376000, -113.949200, 2.200000 
53.550690, -113.349600, 5.580000 
52.869000, -115.101000, 1.015000 
51.984500, -114.743800, 0.497000 
54.284800, -115.698000, 1.019000 
55.199400, -116.221900, 0.235000 
57.351700, -111.522200, 7.488000 
55.116300, -118.813600, 0.316000 
53.091100, -111.768600, 0.646000 
53.250200, -115.555500, 0.015000 
55.489100, -119.750800, 0.007000 
52.904700, -115.324700, 1.231000 
55.041500, -119.631000, 1.438000 
54.185400, -116.210400, 0.258000 
53.550500, -113.358900, 17.830000 
56.981400, -111.475800, 0.067000 
53.543100, -117.797900, 0.168000 
51.696900, -114.475000, 0.697000 
50.963600, -113.976680, 1.114000 
51.526000, -113.880000, 0.288000 
55.393100, -110.738300, 0.002000 
57.054200, -111.917200, 0.051000 
55.710600, -116.897000, 0.022000 
54.772900, -110.579000, 0.301000 
52.588100, -111.206100, 0.016000 
53.544400, -113.366200, 0.070000 
53.221200, -114.993900, 0.003000 
53.530040, -113.402010, 0.983000 
53.531993, -113.364925, 0.206000 
