50.982200, -113.974200, 0.001000 
50.845800, -113.586700, 0.800000 
53.718500, -113.183000, 0.002000 
53.582300, -113.588600, 3.829000 
54.923116, -112.861867, 10.860000 
53.804200, -113.082400, 0.626000 
51.191300, -113.940900, 4.250000 
55.269500, -114.598300, 18.500000 
53.593060, -116.390300, 40.744000 
53.571700, -113.349800, 17.718000 
50.086600, -110.716700, 7.192000 
53.572500, -113.360600, 0.345000 
53.733200, -113.175000, 0.056000 
51.696900, -114.475000, 10.360000 
51.488700, -113.153900, 7.254000 
53.332300, -113.524100, 0.011000 
55.029800, -118.744000, 208.686000 
57.351700, -111.522200, 7.368000 
54.238200, -115.379700, 10.000000 
58.501200, -117.145600, 1.150000 
59.063100, -118.875700, 10.100000 
