51.264300, -113.403500, 57.310000 
51.377000, -113.041600, 31.640000 
50.915100, -112.451700, 718.900000 
50.296700, -111.566200, 172.730000 
50.675000, -111.762200, 194.740000 
51.217000, -112.977600, 36.450000 
50.700700, -112.110300, 55.350000 
50.835100, -112.538700, 29.690000 
50.842300, -112.463400, 151.390000 
50.860700, -112.035100, 83.360000 
51.213400, -113.257700, 78.130000 
51.013400, -112.301200, 20.780000 
50.322300, -111.721200, 88.350000 
51.075100, -112.231200, 29.920000 
51.159000, -112.785100, 32.740000 
50.693200, -112.312800, 28.030000 
50.707900, -112.353400, 64.170000 
50.238300, -111.939500, 27.870000 
51.042300, -113.001000, 25.870000 
51.177600, -112.785100, 24.160000 
51.424300, -112.994500, 31.640000 
51.013400, -113.152700, 41.090000 
51.359000, -113.352900, 66.610000 
51.042300, -112.254500, 28.480000 
50.438700, -111.284800, 405.460000 
51.340700, -113.217900, 37.570000 
51.402400, -112.918100, 90.580000 
50.274700, -111.847600, 45.030000 
51.322600, -112.542000, 31.640000 
50.859000, -112.255100, 25.080000 
51.420600, -113.052500, 29.740000 
51.300700, -112.524500, 25.450000 
50.485900, -112.014200, 36.900000 
50.627900, -111.965600, 121.830000 
51.129700, -114.767900, 47.470000 
51.118700, -112.505300, 29.740000 
51.006200, -113.176000, 75.040000 
50.809500, -111.693700, 130.840000 
51.217000, -113.977700, 62.910000 
50.649500, -112.347600, 20.010000 
50.998700, -112.464500, 87.820000 
50.977000, -112.242800, 125.930000 
51.020700, -112.948400, 232.170000 
51.380700, -112.900600, 31.640000 
51.380700, -113.229600, 94.430000 
50.671500, -111.695300, 110.750000 
50.278300, -111.468400, 65.420000 
50.889400, -113.406800, 189.110000 
50.635100, -112.237600, 54.340000 
50.795100, -112.017800, 213.020000 
50.536800, -112.031500, 32.080000 
50.765900, -111.948400, 60.100000 
50.929800, -112.458700, 31.100000 
50.751500, -112.237600, 20.160000 
51.319000, -112.965100, 31.640000 
50.656800, -111.410100, 139.370000 
51.402600, -113.247400, 158.490000 
51.147800, -112.621100, 25.450000 
51.336900, -112.911400, 31.240000 
50.893400, -112.174000, 198.130000 
51.151500, -112.207800, 31.240000 
50.940700, -112.371200, 24.530000 
56.968100, -118.280600, 60.307000 
51.307900, -112.712600, 25.450000 
50.413200, -111.755900, 26.170000 
51.304300, -112.653700, 101.360000 
51.355400, -112.595100, 41.180000 
51.275400, -112.906500, 71.120000 
50.711500, -112.394000, 263.360000 
50.220300, -111.549000, 26.010000 
50.867900, -111.936700, 117.090000 
50.755100, -111.786200, 32.080000 
51.239000, -113.164300, 20.870000 
51.177000, -113.438500, 56.610000 
50.485900, -111.451200, 349.940000 
51.322600, -112.918100, 31.640000 
50.984300, -113.444300, 150.570000 
51.075100, -113.409300, 175.610000 
50.289400, -112.007500, 256.720000 
51.279000, -113.065200, 26.910000 
51.406200, -112.347600, 40.110000 
50.802300, -111.902000, 164.380000 
51.151500, -112.703700, 31.640000 
51.078700, -113.537700, 21.710000 
51.126200, -112.359500, 98.390000 
54.459900, -119.717000, 60.870000 
54.439300, -119.655000, 33.490000 
54.130600, -119.218900, 95.080000 
52.122900, -113.847000, 97.360000 
56.975500, -113.309600, 200.714000 
52.064400, -114.271400, 23.892000 
52.703800, -114.572500, 47.424000 
52.999100, -112.971000, 29.410000 
54.923600, -114.111400, 48.900000 
53.440800, -111.000500, 29.908000 
53.861500, -112.209000, 53.249000 
51.082500, -111.915600, 50.957000 
54.821800, -112.554600, 30.371000 
56.917300, -112.960700, 33.520000 
53.499300, -116.805300, 75.906000 
53.497900, -116.666800, 25.933000 
55.069400, -113.313900, 50.195000 
50.718600, -111.322200, 311.921000 
49.794700, -111.198100, 34.300000 
49.725600, -113.397600, 55.500000 
53.072300, -111.593100, 23.200000 
53.079500, -112.436700, 28.700000 
49.580000, -112.743700, 38.700000 
53.076000, -111.299800, 24.200000 
49.616400, -112.472000, 43.600000 
49.438100, -112.448700, 19.800000 
53.909800, -115.787800, 25.400000 
51.065100, -114.130500, 27.563000 
57.560800, -119.521200, 20.800000 
55.167200, -118.930800, 50.100000 
53.163200, -115.416100, 213.500000 
51.180450, -113.937280, 213.207000 
54.985600, -119.828100, 25.300000 
55.094700, -119.891700, 19.700000 
55.032800, -119.853600, 20.500000 
53.035900, -111.403600, 31.600000 
56.036700, -119.641700, 43.100000 
55.862600, -119.715000, 23.172000 
54.494400, -118.198900, 47.160000 
55.935100, -113.402800, 25.813000 
55.891800, -111.717900, 32.075000 
55.949600, -110.624000, 21.651000 
54.159800, -112.398200, 70.930000 
55.631500, -112.189600, 21.769000 
55.688200, -113.897000, 34.530000 
54.627000, -117.464200, 29.104000 
57.004500, -113.188600, 57.413000 
53.583000, -116.842000, 164.744000 
55.125000, -111.690600, 22.513000 
54.760400, -113.959500, 43.203000 
53.215900, -116.497000, 26.627000 
53.770600, -117.601400, 26.103000 
54.702500, -112.900400, 25.429000 
56.098700, -113.350300, 42.550000 
57.059400, -112.842800, 41.628000 
54.352500, -111.150000, 73.470000 
52.155600, -113.529700, 24.579000 
56.069400, -119.648100, 22.802000 
50.940600, -111.880600, 23.982000 
56.135000, -113.028300, 30.897000 
55.843900, -111.090000, 37.019000 
54.883600, -118.833300, 25.175000 
54.447400, -117.523700, 22.568000 
55.364000, -111.097600, 33.796000 
54.257200, -112.373600, 27.778000 
55.884400, -113.291000, 35.119000 
53.847000, -110.196400, 62.838000 
54.612500, -118.214300, 100.307000 
54.523500, -113.846300, 27.991000 
54.698200, -110.692800, 48.067000 
55.905800, -110.821700, 29.983000 
50.201900, -111.439700, 123.629000 
54.130600, -115.231400, 82.793000 
54.989300, -111.483100, 43.387000 
54.816000, -118.715600, 40.616000 
53.997000, -111.569200, 213.113000 
55.581900, -112.320000, 26.957000 
56.891000, -112.671500, 29.604000 
56.338600, -110.829200, 27.798000 
54.989300, -111.636200, 36.026000 
53.385100, -114.324300, 31.812000 
53.374300, -114.232100, 44.994000 
52.465000, -114.385100, 24.753000 
49.521900, -112.859000, 179.013000 
50.220300, -112.444200, 155.536000 
55.887500, -119.098100, 31.337000 
51.254200, -110.402700, 74.191000 
51.413400, -111.766500, 67.271000 
54.265400, -110.254400, 60.307000 
56.069400, -118.247000, 47.217000 
51.878900, -115.093200, 62.935000 
52.064400, -115.131800, 30.075000 
52.090000, -115.161600, 30.592000 
52.093600, -115.143800, 23.007000 
51.948100, -115.081600, 26.584000 
51.897200, -115.040200, 60.640000 
51.911800, -114.512900, 26.973000 
51.937300, -111.099200, 37.076000 
50.987900, -111.741500, 66.447000 
56.691400, -118.771700, 64.434000 
51.002300, -112.394500, 28.507000 
51.425100, -110.513800, 70.358000 
49.576400, -112.919200, 197.370000 
56.836900, -118.278100, 52.126000 
51.235400, -113.088500, 50.416000 
56.982800, -118.305800, 220.185000 
49.303600, -110.576900, 30.454000 
51.828100, -114.980700, 28.882000 
56.506100, -117.982800, 117.887000 
56.069400, -119.877200, 53.002000 
56.727900, -116.305700, 214.998000 
56.622500, -118.558100, 26.711000 
51.351800, -111.196500, 87.187000 
54.043400, -110.619200, 60.649000 
54.800000, -119.775600, 35.189000 
55.509300, -114.146900, 51.701000 
54.829200, -119.668600, 38.436000 
54.720000, -119.110600, 251.772000 
54.796400, -119.719700, 20.125000 
54.607200, -119.332000, 54.700000 
54.829200, -119.490000, 110.098000 
54.796400, -119.439200, 21.932000 
55.585600, -117.891600, 862.296000 
54.025400, -117.018400, 36.700000 
53.614300, -116.956500, 32.200000 
54.099600, -117.535500, 31.800000 
53.101200, -114.761900, 17.700000 
52.872000, -115.362200, 21.100000 
53.103200, -115.363400, 67.900000 
57.193700, -118.199700, 553.916000 
57.346400, -118.350000, 22.628000 
57.349400, -118.670600, 221.300000 
57.502800, -118.745700, 55.856000 
57.338900, -119.657100, 939.496000 
54.301700, -116.843400, 47.595000 
53.912600, -116.745100, 32.686000 
53.112300, -115.703300, 24.409000 
54.528700, -117.464200, 20.235000 
55.520400, -113.781100, 26.426000 
54.436200, -111.205100, 85.849000 
55.691200, -111.275900, 60.180000 
55.378400, -110.576500, 27.529000 
55.352900, -110.627800, 401.709000 
57.338900, -118.460000, 132.598000 
57.393600, -118.555300, 25.577000 
55.396500, -110.737300, 119.200000 
49.729200, -114.427200, 64.076000 
55.883900, -117.462000, 51.851000 
56.930900, -115.252200, 169.091000 
52.829600, -113.910900, 56.710000 
54.661700, -119.034700, 35.868000 
55.651800, -111.084400, 494.851000 
52.366300, -114.963000, 155.849000 
55.066600, -117.283300, 28.460000 
56.455500, -113.485500, 77.831000 
52.465000, -114.385100, 54.801000 
55.640300, -118.502800, 61.443000 
53.193400, -110.863100, 45.459000 
55.942200, -118.364700, 24.775000 
55.145600, -114.118900, 20.996000 
56.527800, -114.070000, 53.702000 
55.742300, -114.146900, 22.358000 
55.800300, -117.813800, 28.010000 
55.487500, -119.275000, 34.500000 
52.486500, -114.322700, 45.700000 
52.260500, -113.816600, 190.000000 
52.197100, -114.367700, 49.300000 
52.515700, -114.449100, 29.800000 
51.693700, -113.219100, 40.400000 
52.743400, -114.113400, 19.500000 
52.370000, -115.061700, 37.540000 
57.066100, -114.777500, 32.800000 
55.519900, -119.349500, 37.600000 
54.772300, -116.680400, 23.600000 
53.668700, -115.766700, 28.200000 
53.825400, -115.557900, 40.900000 
49.590900, -114.523800, 83.400000 
53.825000, -115.556700, 68.200000 
52.777500, -116.659400, 240.000000 
53.170300, -116.265800, 545.600000 
57.295300, -115.546100, 44.100000 
50.336700, -110.135000, 26.527000 
55.945800, -119.805300, 36.600000 
56.098600, -119.288100, 35.600000 
55.862200, -119.589200, 223.100000 
52.090700, -112.766700, 539.800000 
55.943900, -119.923100, 30.300000 
53.337800, -111.243900, 41.296000 
50.294200, -110.593500, 38.354000 
50.995000, -112.801700, 85.580000 
50.980700, -113.216800, 41.080000 
51.037000, -113.196300, 36.450000 
50.965900, -113.030200, 50.640000 
50.969800, -112.855100, 36.450000 
50.955100, -112.697800, 36.450000 
52.268400, -113.351800, 20.700000 
55.429200, -113.618100, 94.962000 
57.303800, -114.973000, 91.362000 
53.277000, -110.481000, 30.508000 
52.238900, -112.399300, 22.762000 
55.471000, -110.720700, 34.013000 
52.399300, -115.020500, 43.574000 
54.348900, -119.463300, 31.274000 
50.736800, -114.362700, 26.346000 
50.202700, -110.661300, 35.530000 
51.391800, -114.203500, 126.867000 
51.495900, -114.210100, 222.795000 
50.165300, -110.666200, 23.560000 
52.279300, -112.581700, 109.231000 
55.895000, -118.317500, 24.817000 
56.347100, -119.190500, 50.355000 
52.140800, -112.157200, 92.764000 
51.715300, -111.702200, 46.649000 
54.196200, -111.658400, 53.651000 
54.387000, -116.966700, 119.870000 
54.348900, -116.578900, 89.817000 
56.027200, -115.328300, 28.677000 
55.258300, -114.588300, 67.050000 
52.050100, -112.728300, 83.280000 
54.974300, -117.285800, 80.180000 
54.654400, -118.314100, 28.208000 
58.601100, -118.787200, 45.250000 
54.944400, -118.828100, 338.659000 
52.501200, -114.298500, 25.074000 
53.197300, -114.098200, 77.802000 
54.829200, -118.654700, 107.245000 
52.517600, -114.346500, 103.429000 
51.225200, -113.612600, 29.206000 
51.691800, -112.224000, 23.278000 
51.315900, -113.428500, 42.162000 
53.706600, -117.241000, 174.742000 
54.159000, -116.757000, 77.674000 
54.416000, -115.636200, 82.030000 
54.410900, -112.260400, 20.635000 
53.714300, -110.747300, 25.599000 
50.191900, -111.301800, 23.600000 
51.460600, -112.652800, 28.368000 
56.622700, -119.946500, 62.750000 
50.511400, -111.289400, 27.224000 
55.823000, -110.792300, 21.476000 
56.199000, -110.675100, 57.183000 
51.013400, -112.907600, 36.450000 
52.810400, -112.453400, 26.090000 
54.156100, -112.008600, 39.905000 
53.574200, -116.646900, 47.910000 
53.024700, -115.531100, 71.070000 
55.309200, -119.205800, 148.350000 
51.665300, -112.323200, 59.517000 
55.265600, -114.601400, 26.800000 
51.468100, -112.688100, 21.823000 
51.468800, -112.609800, 22.922000 
51.496900, -112.570600, 21.823000 
50.936300, -113.783200, 33.402000 
50.840800, -110.931200, 37.200000 
50.158300, -112.136500, 55.400000 
50.656800, -112.608100, 76.000000 
50.784300, -110.936900, 117.500000 
50.653300, -111.166100, 90.800000 
50.770500, -111.098100, 30.200000 
50.521800, -113.913200, 185.295000 
53.655600, -115.933200, 92.522000 
53.706600, -115.976300, 147.343000 
55.993100, -119.771100, 175.516000 
50.801900, -111.007800, 210.000000 
51.915100, -113.373700, 53.400000 
57.073400, -112.845200, 21.366000 
51.319000, -111.684200, 20.800000 
52.930400, -113.999900, 138.500000 
52.358000, -114.324100, 26.100000 
52.926700, -113.998900, 193.600000 
52.410000, -114.405800, 353.300000 
51.176900, -112.055300, 80.300000 
51.552500, -111.490600, 211.100000 
51.024500, -111.642800, 99.400000 
53.664100, -116.201800, 40.745000 
55.698000, -118.137100, 2.420000 
55.596700, -118.275600, 12.555000 
52.268500, -112.871100, 5.710000 
55.676700, -118.158900, 19.650000 
54.607200, -116.810900, 19.000000 
55.269300, -114.608900, 21.900000 
54.348900, -116.624000, 22.500000 
53.388600, -115.315800, 24.000000 
49.684600, -112.814600, 39.648000 
50.553600, -113.553000, 142.669000 
55.715500, -119.311000, 26.954000 
50.677900, -113.715700, 50.147000 
50.397600, -113.925500, 185.295000 
50.443500, -113.952200, 32.110000 
50.493100, -113.673600, 107.817000 
51.552600, -111.632500, 26.500000 
50.609400, -113.706700, 293.373000 
50.635800, -113.633400, 50.147000 
50.416300, -113.751900, 41.836000 
50.758400, -113.665400, 40.745000 
50.544700, -113.991300, 58.923000 
50.973000, -113.852900, 75.221000 
50.496700, -113.403600, 50.147000 
51.529700, -112.136700, 147.620000 
50.318700, -111.261700, 190.872000 
51.531300, -113.276300, 381.680000 
51.784500, -113.402700, 51.070000 
50.340400, -111.302000, 43.472000 
50.245900, -111.273100, 108.868000 
58.732300, -118.831800, 23.930000 
50.707900, -113.221600, 154.380000 
50.282400, -110.468900, 284.035000 
50.817000, -113.100200, 68.880000 
51.642600, -113.337700, 341.770000 
53.363200, -114.456300, 36.250000 
50.507600, -110.325200, 152.541000 
53.374300, -114.527900, 92.770000 
50.453200, -110.204700, 149.038000 
50.267600, -111.330600, 462.934000 
52.464800, -114.346800, 56.000000 
58.768700, -118.739800, 23.930000 
50.591500, -111.780300, 318.354000 
52.861100, -114.057500, 22.593000 
50.325800, -110.255600, 146.773000 
52.908400, -114.088800, 70.829000 
52.934000, -114.022100, 52.799000 
52.461400, -114.346900, 374.384000 
52.188200, -114.344100, 54.354000 
51.624500, -113.799300, 29.980000 
50.362200, -110.509100, 58.889000 
51.439000, -112.054500, 21.470000 
53.134000, -115.678900, 45.701000 
53.148700, -115.746100, 49.539000 
51.359000, -112.360100, 31.020000 
52.541200, -115.170800, 90.359000 
50.078300, -110.419700, 169.879000 
52.439300, -115.044700, 37.709000 
53.981500, -116.999800, 114.106000 
54.029000, -117.124000, 116.107000 
53.752300, -117.273100, 22.766000 
57.106200, -112.252700, 22.006000 
53.937900, -116.900400, 132.606000 
57.134500, -113.765100, 28.819000 
54.130700, -117.000100, 52.364000 
54.323400, -115.677500, 23.478000 
52.344800, -114.262400, 62.060000 
52.424800, -114.340700, 49.650000 
58.434000, -118.998400, 61.431000 
52.696000, -111.198200, 27.210000 
52.162900, -114.576800, 26.200000 
53.228700, -115.104400, 195.811000 
54.181800, -117.257000, 49.309000 
52.395600, -114.521300, 136.530000 
54.978300, -117.708800, 46.960000 
52.279300, -114.129100, 22.630000 
56.833400, -113.112100, 32.406000 
57.888400, -118.608700, 291.950000 
51.038600, -111.864000, 153.640000 
50.271200, -110.376900, 125.479000 
50.307500, -110.502500, 208.404000 
51.122600, -112.149500, 114.010000 
50.835100, -112.799000, 126.760000 
50.395000, -110.353900, 127.357000 
52.570100, -114.533200, 42.871000 
53.585100, -117.209300, 120.125000 
58.601200, -118.641800, 232.210000 
53.876200, -117.149000, 47.840000 
50.456800, -110.181600, 24.010000 
57.851600, -119.158100, 56.000000 
49.958300, -111.030000, 34.720000 
51.042300, -111.298100, 186.250000 
50.755100, -110.310200, 37.220000 
52.606500, -115.014400, 58.630000 
52.272000, -114.290200, 31.780000 
52.224500, -115.131900, 39.868000 
53.810700, -114.706400, 30.878000 
53.792300, -110.544400, 28.630000 
53.254000, -113.048200, 294.683000 
53.752300, -117.099300, 333.254000 
54.794400, -116.747600, 43.382000 
52.701200, -113.266000, 24.699000 
52.642900, -113.191800, 31.990000 
49.118100, -113.637100, 31.000000 
52.260900, -110.009700, 58.000000 
54.203300, -116.501500, 111.419000 
53.837900, -113.933100, 23.666000 
53.130400, -112.834300, 21.049000 
54.132200, -113.159900, 73.068000 
53.999800, -116.670400, 167.404000 
53.032300, -111.293600, 35.590000 
54.223000, -113.478600, 98.912000 
52.639300, -115.489700, 55.692000 
52.599300, -113.083800, 200.714000 
55.916800, -116.846300, 22.060000 
55.916800, -116.813500, 88.770000 
55.905900, -116.623800, 89.740000 
50.311200, -110.296600, 173.010000 
55.905900, -116.820200, 507.690000 
56.280700, -116.053000, 35.100000 
50.758700, -111.641500, 205.450000 
50.631500, -111.022200, 48.220000 
50.314700, -111.968400, 82.930000 
50.784300, -111.543100, 49.140000 
52.966800, -111.131600, 117.470000 
55.425700, -113.516100, 63.210000 
56.178700, -112.786300, 63.190000 
51.657300, -113.213200, 46.760000 
55.840400, -116.767700, 134.120000 
52.755700, -113.939100, 61.200000 
53.275900, -113.989600, 73.720000 
57.004500, -117.942800, 23.820000 
57.066200, -118.031700, 447.820000 
56.131500, -115.962400, 28.520000 
55.189200, -118.950000, 96.990000 
52.020900, -112.402800, 95.903000 
51.915400, -111.744500, 83.864000 
51.766200, -111.963700, 215.414000 
53.163100, -117.017800, 298.522000 
58.703200, -118.775400, 23.930000 
53.021100, -116.363600, 23.829000 
55.619600, -119.503300, 122.538000 
55.498300, -119.516700, 32.051000 
52.442900, -114.419100, 21.082000 
53.064700, -116.436900, 83.731000 
53.039400, -116.406400, 185.367000 
50.922300, -112.003700, 117.529000 
58.732300, -118.845900, 23.930000 
58.695900, -118.782300, 23.930000 
55.985800, -119.425600, 75.922000 
50.889600, -113.406800, 54.870000 
51.806100, -114.998500, 38.086000 
51.773600, -114.874300, 25.059000 
53.054000, -110.787500, 77.313000 
53.064800, -110.608900, 31.838000 
50.591500, -111.491200, 35.526000 
57.320900, -118.063600, 33.020000 
50.784300, -113.667400, 54.592000 
49.787500, -111.979500, 28.919000 
52.806800, -114.640400, 66.980000 
51.377000, -114.814600, 30.977000 
58.739500, -118.824800, 23.930000 
57.042500, -111.905000, 311.101000 
55.938700, -113.998600, 25.077000 
50.853400, -113.464600, 22.520000 
52.610400, -114.821800, 47.437000 
53.192300, -115.293900, 24.500000 
58.568700, -119.061500, 15.800000 
53.265100, -115.520000, 66.646000 
50.689500, -111.554800, 24.841000 
53.974300, -114.923900, 22.500000 
52.903500, -114.698900, 346.900000 
52.966700, -116.362800, 27.558000 
50.522300, -111.652300, 27.514000 
53.392300, -115.310800, 28.400000 
52.886800, -111.022500, 23.520000 
55.710300, -116.604200, 300.900000 
50.897000, -111.693700, 22.545000 
50.009200, -110.847500, 15.726000 
52.042900, -114.588800, 101.300000 
50.485900, -111.702200, 27.944000 
53.090400, -115.245000, 43.740000 
52.493600, -115.935000, 142.800000 
53.817900, -115.041900, 25.000000 
50.711900, -111.057400, 31.240000 
49.936700, -111.406500, 35.200000 
53.213700, -114.714000, 51.900000 
56.280700, -116.119100, 25.300000 
52.543100, -114.280500, 20.700000 
53.254000, -114.437900, 41.340000 
53.181200, -114.486800, 33.340000 
50.427600, -112.462300, 30.600000 
50.707900, -110.813900, 29.073000 
49.652800, -111.231900, 31.010000 
51.529900, -112.136700, 25.380000 
53.872500, -116.085000, 168.700000 
49.030800, -111.052700, 111.120000 
54.330800, -116.367000, 22.797000 
52.111800, -112.731200, 20.870000 
57.877200, -119.740900, 124.968000 
53.828700, -115.943300, 164.620000 
54.268900, -111.143600, 159.662000 
54.792900, -115.521700, 38.649000 
54.749300, -115.331700, 37.240000 
58.568700, -118.515600, 29.279000 
56.215100, -116.244600, 34.361000 
56.225900, -116.244600, 34.834000 
53.561500, -116.577900, 5429.740000 
54.541800, -110.408400, 30.980000 
54.520000, -116.810900, 121.634000 
52.675900, -110.515800, 77.008000 
52.222500, -115.247400, 61.810000 
56.815400, -117.599500, 18.500000 
56.560600, -119.031700, 86.200000 
58.081200, -117.828800, 76.570000 
56.313200, -111.636200, 40.260000 
50.777100, -113.397000, 95.628000 
55.432900, -111.219800, 38.829000 
53.392300, -115.316900, 33.600000 
52.286500, -114.970800, 28.314000 
50.103900, -110.864700, 10.751000 
54.161300, -117.665100, 145.632000 
56.087800, -118.495600, 34.102000 
50.707900, -113.435700, 34.102000 
50.624300, -113.482100, 34.102000 
50.653200, -113.482100, 34.102000 
52.079300, -111.012200, 22.125000 
50.675000, -113.452200, 87.918000 
52.875700, -110.458600, 38.614000 
56.255000, -119.517800, 25.150000 
57.200900, -112.905700, 125.235000 
50.889500, -111.184200, 24.230000 
52.446500, -114.671600, 20.470000 
52.326500, -114.515200, 385.330000 
53.727000, -115.607500, 24.891000 
58.073200, -118.762000, 57.740000 
55.997300, -111.352400, 42.769000 
50.758700, -112.498100, 140.400000 
58.305400, -118.888000, 372.380000 
55.945800, -118.888600, 105.300000 
52.359300, -114.785700, 62.800000 
51.762600, -110.139700, 35.670000 
53.825100, -116.396900, 169.900000 
51.682500, -114.454700, 53.125000 
52.657600, -113.191800, 48.660000 
52.435700, -113.390400, 52.053000 
54.509700, -110.909900, 23.272000 
51.766700, -114.416700, 58.779000 
51.726200, -114.436000, 38.234000 
51.479200, -114.186100, 34.919000 
56.498700, -112.481600, 34.897000 
51.708200, -114.388800, 298.958000 
50.565900, -110.210200, 22.450000 
51.697300, -114.536800, 46.721000 
52.224500, -110.349700, 25.070000 
54.963600, -117.670700, 550.590000 
52.727800, -113.270100, 57.200000 
55.847500, -111.358600, 42.566000 
55.433300, -116.483200, 194.400000 
51.209800, -113.141000, 65.200000 
55.542000, -113.430800, 20.800000 
53.315900, -114.982200, 40.420000 
53.054000, -114.933300, 44.010000 
56.196800, -114.149700, 31.800000 
58.110400, -118.115600, 31.700000 
54.505300, -116.450600, 58.222000 
59.601800, -117.409700, 67.960000 
51.093400, -112.820100, 43.000000 
52.904700, -116.647800, 27.752000 
50.693200, -113.672900, 170.130000 
49.569200, -112.149200, 39.900000 
59.641800, -118.307800, 108.833000 
52.941600, -114.418200, 23.760000 
55.385700, -113.001600, 30.300000 
58.550400, -117.426700, 269.800000 
51.388100, -110.772500, 65.300000 
52.017300, -113.148800, 25.240000 
53.010400, -114.185700, 7.640000 
54.960000, -119.802500, 1.990000 
50.760700, -113.820700, 152.864000 
52.584630, -114.366953, 32.060000 
58.683300, -118.670000, 24.320000 
56.335100, -113.592500, 26.400000 
57.186200, -118.003300, 101.720000 
53.170400, -114.884200, 22.050000 
53.810700, -114.190400, 8.030000 
52.439300, -110.316400, 20.600000 
55.996800, -110.822600, 46.196000 
56.458600, -119.914300, 24.370000 
52.148200, -114.660400, 2.480000 
53.010400, -110.731400, 25.000000 
57.226200, -112.464600, 54.150000 
57.931900, -117.835000, 199.850000 
57.240900, -112.620700, 58.120000 
57.251800, -112.498500, 269.510000 
55.767500, -117.041600, 168.550000 
52.574000, -115.393600, 69.050000 
53.159700, -114.205700, 37.220000 
58.164800, -117.427500, 69.950000 
52.712000, -114.076600, 21.820000 
55.472800, -119.127200, 114.800000 
52.588400, -113.956000, 56.600000 
52.410000, -112.757800, 32.680000 
57.295400, -112.477900, 53.410000 
57.542900, -112.226600, 23.580000 
50.740700, -112.324500, 77.600000 
54.370800, -116.874800, 155.240000 
57.840900, -117.867800, 77.870000 
50.736800, -113.325700, 174.600000 
57.808400, -118.093900, 73.320000 
55.294800, -110.795100, 632.980000 
57.266800, -114.892000, 351.090000 
50.682300, -113.256300, 46.420000 
55.294800, -110.660100, 20.680000 
58.030100, -118.399800, 34.170000 
55.367600, -110.563700, 20.680000 
54.189000, -117.294500, 32.450000 
55.862200, -117.049400, 48.310000 
58.081200, -117.635600, 465.460000 
55.538400, -113.988900, 37.570000 
52.766800, -115.362200, 213.910000 
52.581200, -115.393600, 24.820000 
55.305700, -113.715500, 87.490000 
55.847900, -111.359500, 308.400000 
51.504500, -114.068500, 263.010000 
50.223900, -110.899700, 58.810000 
50.700600, -110.772500, 217.340000 
50.223900, -110.761900, 1058.150000 
55.363900, -119.760600, 201.900000 
50.398600, -110.503300, 1075.440000 
51.900900, -114.797400, 25.070000 
50.573100, -111.177500, 273.410000 
50.700700, -110.478000, 429.730000 
50.583900, -113.302700, 134.410000 
57.189800, -117.667000, 31.340000 
50.224000, -110.037500, 429.730000 
52.028200, -114.809600, 92.520000 
56.011500, -117.010200, 73.780000 
50.660400, -113.331600, 49.650000 
51.581600, -113.840400, 245.720000 
50.187600, -111.167000, 121.610000 
52.912000, -114.064600, 148.020000 
52.807000, -114.258600, 99.660000 
50.096700, -111.110000, 50.710000 
52.759300, -114.161600, 32.680000 
52.821200, -114.022100, 21.820000 
55.418300, -119.773300, 129.080000 
50.802300, -113.210200, 55.600000 
52.708400, -114.446600, 270.450000 
56.407900, -110.929200, 126.000000 
55.425600, -118.988600, 155.950000 
53.225100, -114.034600, 309.370000 
52.846800, -114.179600, 21.820000 
51.933600, -114.963200, 50.150000 
50.165800, -111.052800, 146.460000 
50.085700, -110.117500, 92.267000 
55.378300, -119.760600, 296.250000 
55.443900, -119.522500, 125.400000 
55.112900, -110.853100, 20.680000 
49.205300, -111.037700, 225.760000 
55.149300, -111.090900, 20.680000 
49.150800, -111.465800, 108.180000 
50.114700, -111.674500, 43.870000 
55.069300, -110.545900, 39.850000 
54.970900, -110.750100, 61.990000 
54.854500, -111.802000, 46.140000 
55.596700, -118.277000, 60.000000 
49.220000, -110.981600, 25.800000 
54.687500, -111.944600, 59.860000 
54.872900, -110.418400, 20.120000 
52.119200, -115.215400, 90.620000 
50.536900, -112.031500, 28.770000 
54.883700, -110.418400, 38.400000 
55.072900, -110.526700, 20.200000 
49.038100, -111.158900, 76.080000 
54.883700, -111.719200, 63.100000 
50.700700, -111.022200, 398.430000 
54.258200, -114.580800, 200.300000 
50.522200, -113.376000, 49.650000 
55.102000, -110.507600, 196.670000 
50.136800, -110.197500, 89.604000 
54.949300, -110.622600, 1359.830000 
49.154400, -110.902200, 33.060000 
54.956500, -110.616200, 21.910000 
55.713100, -119.672200, 109.940000 
52.217300, -112.307300, 38.300000 
49.874700, -111.594800, 71.700000 
58.783200, -118.605600, 160.970000 
49.285300, -111.054700, 22.920000 
50.744300, -113.401000, 49.820000 
55.232900, -110.698700, 70.610000 
55.309300, -110.480100, 70.610000 
49.601900, -110.445000, 27.610000 
54.163400, -117.350900, 20.450000 
49.434400, -111.352500, 20.700000 
55.603900, -119.347800, 533.830000 
55.280000, -119.098100, 188.780000 
55.334800, -114.267800, 37.570000 
49.358100, -111.375000, 37.460000 
50.165900, -110.089100, 426.163000 
54.985700, -110.737300, 21.910000 
56.095100, -113.448600, 645.870000 
55.047300, -110.577800, 1471.170000 
49.500000, -111.009700, 67.940000 
54.567300, -111.976300, 338.660000 
56.222300, -112.706800, 85.810000 
55.240100, -114.042800, 318.430000 
50.071100, -111.668700, 25.410000 
49.300000, -110.806400, 42.460000 
54.079700, -118.342700, 50.850000 
53.097500, -113.193900, 50.379000 
54.654500, -114.092500, 1.000000 
54.224660, -110.514600, 49.646000 
55.458300, -119.573900, 88.970000 
53.566900, -118.022600, 40.768000 
53.272200, -111.781400, 29.760000 
54.367200, -110.503100, 49.646000 
54.672900, -114.212800, 1.000000 
54.421700, -117.784300, 170.674000 
54.760100, -113.815800, 81.000000 
55.491100, -118.082400, 102.428000 
54.233700, -117.030600, 36.450000 
55.611700, -112.611600, 28.330000 
56.440600, -119.775700, 34.730000 
53.711900, -117.052500, 28.420000 
52.545700, -114.106000, 33.450000 
53.485200, -111.928200, 94.850000 
55.633200, -115.944800, 40.720000 
54.416100, -119.347500, 89.660000 
56.560600, -118.544700, 107.299000 
53.225100, -111.550300, 1.000000 
55.382000, -111.760100, 435.180000 
54.341400, -116.301500, 48.240000 
54.476300, -119.173900, 101.560000 
51.719000, -112.390100, 23.704000 
53.239500, -111.532000, 1.000000 
49.088900, -112.414800, 1.000000 
54.034500, -117.180900, 50.080000 
54.600800, -116.039000, 20.660000 
54.359800, -110.285900, 49.646000 
54.556200, -113.822200, 62.890000 
54.385300, -118.624900, 93.953000 
55.058700, -111.895500, 39.490000 
52.766700, -116.393000, 114.703000 
53.621500, -116.087200, 35.657000 
55.378300, -118.499700, 98.780000 
54.033400, -117.162900, 39.280000 
55.491170, -116.186500, 334.335000 
54.178700, -117.328400, 955.730000 
54.162360, -115.733900, 706.242000 
54.756500, -112.545200, 21.820000 
54.635300, -119.318300, 81.690000 
53.918400, -117.297000, 197.320000 
54.359700, -119.138900, 155.320000 
55.458400, -116.165600, 59.385000 
54.516700, -119.292000, 62.410000 
56.120300, -119.497500, 54.020000 
56.314400, -119.873400, 20.450000 
52.766800, -114.489100, 1.000000 
55.556800, -115.672000, 22.120000 
53.712300, -116.148900, 57.881000 
54.159800, -112.203800, 136.680000 
54.485300, -118.778300, 115.110000 
52.774000, -114.501000, 13.000000 
55.901100, -117.749900, 34.760000 
55.120000, -111.688300, 75.340000 
55.174800, -112.281000, 136.526000 
52.711900, -116.338600, 33.579000 
52.874300, -110.428000, 84.940000 
55.548100, -118.995000, 89.230000 
50.700700, -112.654200, 150.760000 
53.607000, -116.537300, 42.380000 
54.909200, -119.643100, 53.230000 
54.091200, -117.516500, 21.050000 
54.137600, -116.392000, 60.650000 
56.095100, -118.758700, 120.620000 
53.949300, -117.279300, 20.110000 
56.223300, -119.570800, 127.740000 
55.767300, -112.339300, 21.820000 
56.006700, -118.390800, 27.280000 
52.989300, -114.157900, 138.070000 
53.941500, -116.720100, 30.099000 
52.697500, -116.320300, 25.644000 
50.013100, -112.393100, 20.144000 
56.429800, -116.363500, 76.230000 
53.002000, -110.993900, 64.180000 
54.359700, -118.756300, 234.620000 
52.002900, -114.916800, 23.820000 
52.122800, -115.084100, 23.820000 
55.194800, -111.486700, 20.170000 
59.103300, -119.918400, 22.490000 
49.229200, -114.029100, 50.500000 
55.257600, -112.759300, 21.820000 
52.042800, -114.958800, 194.430000 
52.031800, -112.629500, 24.981000 
53.067000, -115.439900, 51.700000 
53.104800, -114.871900, 62.050000 
49.488900, -113.955100, 62.913000 
53.170400, -115.177800, 63.103000 
57.971400, -118.584100, 26.382000 
53.305100, -114.878000, 28.389000 
52.682300, -114.392900, 26.740000 
54.796400, -119.082000, 89.740000 
52.213700, -114.308200, 75.840000 
52.177300, -114.296300, 80.350000 
53.272300, -114.725300, 61.870000 
52.969200, -116.692500, 295.350000 
54.352600, -111.821500, 47.569000 
54.283400, -117.000100, 20.180000 
50.431200, -111.589200, 27.256000 
54.229000, -115.295300, 197.470000 
50.889400, -114.761800, 403.000000 
57.895700, -118.780100, 36.617000 
52.958200, -114.679900, 126.700000 
54.199800, -113.212900, 112.124000 
56.051400, -119.589200, 64.320000 
53.923400, -116.775900, 72.660000 
54.465400, -113.221600, 238.309000 
53.305100, -114.841400, 75.374000 
55.305000, -118.914200, 56.160000 
53.727000, -114.631700, 60.750000 
54.265300, -116.342000, 55.150000 
54.454400, -116.090400, 38.830000 
50.073300, -112.673700, 255.300000 
54.101800, -115.665000, 90.570000 
55.341700, -118.914200, 36.420000 
55.338100, -118.536700, 157.150000 
54.189000, -115.640000, 22.060000 
55.504200, -118.945300, 161.980000 
54.174300, -116.141400, 161.860000 
54.090700, -115.501900, 79.570000 
51.157000, -114.193200, 20.722000 
53.655600, -114.616000, 83.490000 
50.168300, -112.299800, 134.940000 
54.119800, -116.273100, 106.820000 
54.392600, -114.474200, 63.120000 
52.088200, -115.689400, 150.470000 
51.599900, -115.356900, 223.180000 
54.221800, -116.197900, 81.100000 
52.874300, -110.162700, 37.040000 
50.214700, -112.367800, 65.240000 
51.464500, -114.467900, 131.700000 
55.117900, -112.737900, 52.430000 
52.337300, -115.014400, 31.090000 
53.588700, -114.244300, 110.880000 
52.792000, -112.562700, 34.007000 
50.302500, -112.390600, 75.880000 
52.541400, -115.170800, 96.830000 
53.381500, -114.188800, 47.760000 
51.431700, -113.757500, 84.240000 
54.141200, -112.958800, 25.920000 
50.211900, -112.315900, 25.100000 
53.690700, -115.717500, 64.910000 
54.130700, -115.552200, 270.610000 
50.013100, -112.611500, 543.000000 
54.189000, -112.109800, 293.700000 
52.135400, -113.872800, 23.820000 
56.364200, -119.934300, 135.160000 
52.300900, -112.886300, 22.675000 
53.117300, -110.803900, 62.200000 
53.563400, -116.728500, 72.450000 
55.266800, -112.567900, 111.440000 
54.317700, -116.573000, 96.727000 
55.789500, -112.281800, 36.870000 
53.363200, -111.879500, 279.258000 
54.527300, -112.930700, 58.080000 
53.854300, -117.391200, 239.570000 
58.350400, -119.082600, 75.150000 
52.452000, -114.392900, 38.300000 
58.368300, -118.990000, 79.172000 
52.180900, -113.083200, 114.520000 
52.562900, -112.530200, 62.684000 
54.512600, -111.717000, 30.290000 
52.024500, -112.916300, 25.074000 
53.355900, -114.896400, 87.939000 
50.566500, -111.376300, 21.438000 
53.006700, -116.852800, 90.540000 
52.395700, -114.472900, 49.832000 
58.303200, -118.858400, 63.878000 
54.512600, -113.139300, 63.570000 
55.749400, -119.562000, 22.810000 
53.385100, -115.612800, 353.910000 
53.290400, -115.831900, 22.670000 
53.195900, -111.911200, 216.392000 
53.323600, -116.995400, 118.100000 
55.411100, -118.885600, 50.020000 
54.763700, -113.938300, 1.000000 
53.283200, -115.324400, 1.000000 
55.349000, -112.184100, 26.510000 
55.640300, -119.627000, 59.730000 
55.800300, -118.225300, 113.450000 
52.714500, -114.317100, 55.040000 
52.701200, -112.259500, 91.519000 
52.591900, -112.192500, 50.147000 
55.432800, -119.606100, 21.690000 
52.830300, -116.272200, 448.880000 
53.734300, -117.360400, 29.920000 
53.810700, -114.731100, 26.460000 
52.870700, -110.268900, 22.010000 
54.109000, -117.137900, 29.150000 
52.730400, -114.112900, 59.621000 
53.792300, -114.613000, 104.570000 
53.792300, -114.482500, 44.619000 
52.621200, -112.211500, 207.150000 
53.778100, -117.552900, 127.750000 
52.938100, -116.431900, 93.320000 
55.538400, -112.262400, 132.680000 
54.461800, -111.780100, 192.360000 
53.022200, -116.520800, 205.220000 
51.737300, -113.124300, 104.180000 
52.584800, -112.500100, 28.208000 
58.059200, -118.287500, 26.403000 
51.563500, -110.569800, 24.301000 
53.879800, -113.627400, 28.481000 
51.359000, -112.418700, 231.850000 
55.736000, -119.076000, 50.184000 
49.881900, -112.735100, 32.620000 
53.484800, -115.607600, 197.120000 
53.359500, -114.878000, 29.340000 
53.799800, -116.092200, 252.650000 
53.279500, -111.587000, 480.652000 
53.560000, -114.486200, 502.334000 
54.952700, -119.195300, 139.424000 
53.718500, -113.183000, 0.075000 
54.423300, -117.760400, 112.597000 
51.570800, -114.851700, 30.680000 
54.144400, -115.691700, 39.876000 
49.789400, -112.126100, 464.400000 
55.269500, -114.598300, 229.799000 
53.727300, -113.087100, 1.100000 
55.996700, -118.533600, 54.568000 
53.539700, -113.409200, 372.710000 
54.179100, -115.806000, 27.852000 
51.965500, -114.753600, 128.427000 
54.923116, -112.861867, 1774.450000 
49.713599, -112.796397, 14.662000 
57.040500, -111.619200, 24159.712000 
53.181200, -115.762500, 611.690000 
53.413300, -117.570600, 827.450000 
50.747700, -114.494700, 1646.231000 
54.833300, -118.646700, 55.831000 
53.546800, -113.734800, 6.300000 
52.308300, -113.550000, 378.197000 
52.146300, -115.330000, 253.380000 
53.721700, -113.191700, 198.600000 
53.245000, -115.674300, 25.000000 
50.086600, -110.716700, 597.845000 
53.804200, -113.082400, 238.051000 
53.722900, -113.174000, 1.332000 
53.733200, -113.175000, 610.817000 
53.746900, -113.164500, 33.100000 
54.194400, -116.632200, 286.700000 
55.071200, -118.691200, 1089.297000 
52.463000, -114.346500, 62.500000 
53.652000, -116.099200, 69.134000 
53.204500, -116.811200, 194.497000 
53.795900, -113.099600, 474.159000 
55.358300, -114.617200, 18.300000 
53.841600, -113.097900, 359.950000 
51.534800, -114.203700, 186.552000 
51.637200, -112.866000, 91.300000 
52.226300, -115.177000, 472.200000 
50.805300, -110.034900, 427.600000 
54.141900, -115.704200, 0.598000 
55.335900, -119.223000, 26.400000 
52.496000, -114.988000, 31.855000 
50.845800, -113.586700, 255.830000 
53.344000, -114.305000, 896.357000 
50.675600, -110.025000, 30.182000 
57.003300, -111.466100, 1497.870000 
50.983000, -113.988400, 2570.000000 
51.181625, -114.472100, 2.797000 
53.833100, -113.108900, 0.528000 
53.421300, -113.904400, 46.106000 
53.508500, -114.557100, 2294.125000 
53.733200, -113.486200, 16.710000 
58.500000, -119.416700, 47.950000 
54.130900, -115.546700, 286.673000 
53.354600, -113.715000, 43.586000 
53.572500, -113.360600, 367.906000 
53.448700, -114.449100, 840.385000 
54.572300, -115.522900, 252.350000 
51.039600, -114.559000, 226.000000 
51.219500, -114.645400, 420.841000 
52.940400, -114.832300, 659.971000 
53.048100, -113.921000, 680.323000 
52.553700, -111.694000, 170.060000 
52.776100, -115.660700, 94.600000 
54.596400, -110.395000, 2675.420000 
54.524700, -116.794300, 86.908000 
53.529100, -113.387500, 339.738000 
53.541700, -113.391700, 756.842000 
52.385800, -113.595000, 249.000000 
52.033030, -113.938910, 280.028000 
53.952700, -113.078000, 24.141000 
53.227700, -114.988900, 1830.390000 
54.007100, -119.104000, 140.300000 
49.305200, -114.000300, 161.800000 
51.191300, -113.940900, 728.011000 
53.593060, -116.390300, 27.052000 
55.725100, -119.399900, 305.381000 
56.377200, -117.175600, 1066.920000 
52.959300, -115.893800, 173.000000 
52.564700, -112.141400, 746.000000 
51.022770, -114.027660, 13.561000 
50.647500, -113.772000, 28.660000 
51.531700, -111.786100, 936.850000 
52.758100, -114.111600, 812.900000 
53.288500, -110.018300, 65.500000 
53.098100, -115.245800, 16.900000 
50.577200, -111.178100, 275.820000 
51.065300, -115.221100, 30.940000 
52.446500, -111.272700, 102.927000 
52.064500, -111.298700, 26.852000 
52.774000, -113.520700, 93.300000 
50.227500, -113.548200, 338.930000 
53.863100, -113.393900, 6.400000 
52.779800, -113.629900, 109.630000 
49.871100, -112.913700, 98.919000 
54.560100, -111.770600, 215.140000 
52.512000, -112.999300, 21.855000 
50.671900, -113.459400, 153.500000 
52.327100, -112.718300, 354.300000 
50.751500, -113.079900, 38.010000 
58.447100, -119.238300, 78.934000 
53.099900, -115.316800, 247.800000 
53.177600, -110.969700, 25.183000 
55.891100, -119.798600, 27.640000 
53.601900, -111.628700, 22.081000 
55.029800, -118.744000, 1857.742000 
57.382500, -119.778400, 44.072000 
49.725300, -112.790000, 0.672000 
52.923200, -115.107500, 347.400000 
53.402700, -117.599300, 308.295000 
53.593600, -113.335600, 137.300000 
50.716700, -112.983300, 62.158000 
52.228400, -114.397700, 811.980000 
55.931200, -112.047000, 93.470000 
52.908400, -115.174200, 30.350000 
49.628100, -114.571900, 45.721000 
53.284200, -110.012400, 42.000000 
55.248100, -114.514000, 3201.480000 
53.635900, -112.019200, 214.370000 
52.872000, -113.629900, 121.820000 
52.734000, -113.162900, 37.200000 
52.212400, -113.843700, 212.321000 
52.104500, -113.077400, 165.800000 
52.592000, -113.967900, 84.570000 
58.997900, -118.797500, 22.735000 
52.104400, -110.695000, 731.511000 
52.868400, -113.666300, 91.620000 
54.687300, -111.944600, 93.690000 
53.345100, -114.743600, 185.480000 
52.719300, -113.617900, 47.900000 
52.843200, -111.722800, 201.640000 
51.575300, -110.007360, 44.730000 
53.725400, -113.193000, 237.180000 
50.058200, -110.728200, 236.386000 
57.546300, -119.112600, 142.200000 
55.556800, -110.717800, 68.700000 
55.086900, -110.528600, 54.220000 
51.056600, -115.164300, 78.900000 
52.766100, -114.285600, 10.932000 
52.079300, -110.636400, 112.422000 
54.113300, -110.564600, 73.070000 
52.632000, -112.945400, 37.037000 
53.323900, -110.262500, 43.800000 
52.857600, -113.320700, 46.950000 
53.472878, -113.616936, 1.443000 
51.189400, -113.937800, 97.462000 
53.537900, -111.785100, 374.020000 
54.025400, -110.681200, 182.470000 
52.028200, -110.564700, 156.992000 
54.772900, -110.579000, 661.808000 
55.969400, -117.575600, 47.100000 
53.691700, -113.614400, 21.700000 
53.607000, -112.592700, 50.260000 
51.977300, -110.486900, 154.048000 
52.869000, -115.101000, 186.100000 
52.166500, -113.256300, 21.800000 
52.827500, -110.859600, 0.140000 
51.915300, -113.578100, 456.395000 
54.846700, -112.567500, 166.765000 
54.294500, -114.887800, 26.210000 
49.801900, -113.104700, 139.000000 
50.737400, -112.084900, 37.080000 
53.652200, -113.716400, 18.700000 
53.155900, -112.326700, 461.220000 
55.489100, -119.750800, 221.560000 
54.427200, -116.884300, 185.508000 
56.091500, -111.817800, 76.900000 
55.041500, -119.631000, 193.600000 
59.095900, -118.576100, 21.693000 
54.298200, -112.824300, 76.200000 
55.706400, -118.772800, 173.500000 
50.664700, -113.784200, 16.400000 
53.622800, -115.869400, 105.400000 
53.608100, -111.264400, 94.300000 
50.518700, -111.910900, 34.030000 
54.203400, -110.204400, 21.410000 
49.088900, -112.582300, 190.720000 
54.319800, -111.263700, 33.500000 
57.076100, -111.918900, 34.462000 
53.723500, -113.173800, 212.467000 
53.170400, -115.770500, 25.000000 
54.162500, -112.841800, 83.540000 
54.308900, -113.324700, 27.590000 
53.472200, -115.100000, 25.200000 
54.479800, -110.332600, 47.820000 
50.542200, -112.204700, 24.670000 
53.277900, -110.034300, 90.670000 
55.465600, -118.971400, 27.400000 
50.151100, -113.562100, 150.450000 
51.376000, -113.949200, 0.001000 
50.269600, -112.893800, 220.100000 
55.480300, -118.952000, 33.800000 
53.902300, -115.189300, 56.600000 
59.005100, -119.033200, 20.796000 
50.194700, -110.479700, 225.609000 
52.375200, -114.921600, 61.937000 
52.333700, -111.357300, 31.404000 
57.298900, -111.503300, 337.570000 
55.756800, -110.529800, 79.230000 
53.740700, -113.023100, 821.000000 
52.450100, -113.167900, 35.160000 
55.978700, -112.354900, 25.190000 
51.052000, -114.010500, 1.367000 
54.472500, -114.812200, 117.780000 
54.062600, -110.292200, 90.440000 
53.439500, -112.589600, 77.357000 
53.582200, -113.544400, 1.192000 
52.752900, -114.445400, 62.600000 
53.221500, -110.859400, 25.074000 
50.187500, -110.476900, 86.284000 
52.966900, -111.253100, 10.300000 
53.581600, -113.599100, 1623.000000 
55.640400, -110.627000, 231.950000 
50.205800, -110.476900, 57.501000 
50.040920, -110.721904, 214.000000 
54.785300, -117.658000, 51.120000 
53.670500, -115.762200, 53.800000 
52.308300, -113.550000, 839.950000 
52.264500, -110.570500, 107.877000 
55.873200, -112.145400, 215.260000 
55.991165, -112.032320, 88.720000 
53.883400, -110.041100, 351.210000 
51.526000, -113.880000, 940.093000 
54.926900, -111.936100, 120.110000 
53.550500, -113.358900, 765.395000 
55.924000, -111.896500, 22.790000 
52.046500, -114.588800, 46.238000 
53.908300, -118.816700, 6873.568000 
54.105400, -113.442700, 39.890000 
53.345800, -111.251900, 17.500000 
59.165100, -118.725800, 38.326000 
52.581200, -113.971000, 92.921000 
52.515700, -113.173800, 954.152000 
50.904300, -113.308500, 464.260000 
55.978700, -112.217400, 25.190000 
57.364000, -119.763000, 449.687000 
57.218000, -111.027000, 2480.000000 
52.180900, -112.647600, 174.845000 
53.960200, -116.460000, 43.890000 
50.597600, -111.881800, 27.600000 
54.443600, -112.583200, 92.365000 
56.931800, -118.152800, 71.531000 
55.247500, -116.641600, 365.790000 
51.099300, -112.639000, 60.760000 
56.582500, -118.118100, 32.746000 
53.531993, -113.364925, 114.980000 
56.036800, -113.782500, 188.980000 
51.607100, -110.282400, 73.564000 
52.719000, -115.708000, 21.150000 
55.450900, -113.923000, 33.100000 
58.194700, -116.350400, 2406.310000 
56.957000, -115.350900, 30.088000 
55.993500, -113.480500, 124.901000 
52.480900, -114.870200, 86.784000 
53.977100, -117.285100, 96.264000 
52.402900, -111.736200, 377.520000 
57.188000, -118.248900, 37.330000 
51.591800, -110.750000, 106.209000 
51.533400, -114.327100, 52.206000 
52.180900, -110.505000, 136.181000 
55.040000, -115.475800, 630.465000 
53.250200, -115.555500, 38.220000 
52.058000, -114.908000, 64.740000 
53.635900, -116.401700, 155.228000 
53.283800, -110.031900, 33.858000 
51.984500, -114.743800, 224.426000 
57.879100, -118.418300, 21.110000 
51.540900, -114.103800, 20.563000 
51.213400, -111.030000, 63.840000 
51.407800, -113.668300, 67.830000 
59.623400, -117.727200, 22.210000 
52.199300, -114.564900, 51.675000 
51.209800, -110.161100, 169.080000 
55.125900, -117.838000, 50.960000 
55.913200, -115.150400, 32.192000 
52.144400, -115.535000, 100.410000 
53.576900, -113.570600, 26.700000 
53.557500, -116.547200, 137.530000 
54.829600, -118.647000, 65.550000 
52.395700, -115.188900, 21.148000 
54.394900, -116.809000, 1568.650000 
53.952600, -112.390400, 88.724000 
54.402000, -112.553000, 34.410000 
53.861500, -114.756100, 162.111000 
52.983100, -112.189800, 22.580000 
56.058600, -118.161700, 50.676000 
51.935300, -112.079200, 28.600000 
53.766900, -112.203100, 19.996000 
52.392000, -112.229500, 92.628000 
50.129400, -111.908400, 40.494000 
54.269000, -110.310800, 60.307000 
55.720300, -119.406100, 174.239000 
53.927000, -114.376900, 24.575000 
51.893700, -114.400400, 132.177000 
55.858700, -113.841400, 148.750000 
53.244500, -116.238000, 70.590000 
55.432500, -116.486000, 489.166000 
55.714100, -118.830400, 98.463000 
51.400100, -114.034300, 766.670000 
51.959000, -110.767500, 149.114000 
53.862700, -110.639000, 25.426000 
52.755200, -110.747000, 59.450000 
55.698300, -118.783300, 205.186000 
51.977300, -110.988300, 32.847000 
50.173100, -112.718100, 22.835000 
49.358100, -110.548900, 28.342000 
56.532000, -117.993000, 35.265000 
52.449900, -112.566500, 39.217000 
51.068200, -115.136400, 67.464000 
54.334500, -110.310900, 165.064000 
54.897200, -117.708800, 265.630000 
51.015020, -114.026480, 156.000000 
54.101800, -114.292500, 403.930000 
54.494400, -115.957600, 48.697000 
51.130700, -114.009000, 47.768000 
54.338200, -114.060400, 101.084000 
52.549700, -112.579400, 182.343000 
56.717000, -113.378900, 40.058000 
50.704600, -110.844000, 84.190000 
52.621200, -114.827900, 40.130000 
52.198500, -112.638000, 60.176000 
52.166400, -112.658600, 45.132000 
57.153300, -118.334500, 195.168000 
55.644000, -114.659700, 519.900000 
49.689200, -112.942000, 151.764000 
50.697800, -111.531000, 79.030000 
54.083400, -110.618100, 22.240000 
55.913200, -114.482200, 21.891000 
54.284800, -115.698000, 80.172000 
52.479300, -115.206900, 33.373000 
54.650900, -114.528900, 20.449000 
50.583700, -113.871100, 26.275000 
54.510900, -115.511700, 159.263000 
54.127000, -110.486500, 94.290000 
52.512000, -115.044700, 30.293000 
53.757500, -113.149900, 94.916000 
55.199400, -116.221900, 19.500000 
58.555500, -118.915900, 83.548000 
50.693800, -114.330000, 43.430000 
51.333400, -110.667500, 92.466000 
52.010000, -115.084100, 36.413000 
55.513100, -113.475000, 209.640000 
56.818900, -118.570000, 38.193000 
51.943400, -114.736000, 112.520000 
53.075900, -111.299700, 28.650000 
51.006900, -113.192800, 36.540000 
58.943200, -118.916800, 141.197000 
57.189700, -119.054800, 363.351000 
52.322800, -114.020800, 69.500000 
54.345400, -110.025800, 52.090000 
53.373100, -116.086000, 191.900000 
52.344800, -112.205300, 55.809000 
52.308200, -114.096500, 69.500000 
54.293100, -116.188300, 125.997000 
51.955400, -111.845300, 96.976000 
55.481900, -119.059200, 28.350000 
52.220900, -111.937300, 99.184000 
53.821500, -113.490400, 210.312000 
52.235700, -111.788100, 220.611000 
52.544800, -110.713600, 75.307000 
52.479300, -114.876000, 87.859000 
51.649800, -110.187200, 96.070000 
54.138100, -111.908300, 25.397000 
54.587200, -112.803100, 3245.000000 
54.229000, -110.348600, 78.560000 
55.876700, -119.301100, 144.600000 
57.351700, -111.522200, 618.928000 
54.443600, -117.569500, 26.498000 
54.588800, -115.862500, 20.112000 
51.488700, -113.153900, 507.590000 
55.582700, -110.888800, 71.170000 
53.091100, -111.768600, 573.200000 
54.243400, -110.762300, 53.090000 
53.826700, -113.603300, 61.366000 
52.904700, -115.324700, 126.600000 
51.977300, -111.173400, 23.315000 
54.290800, -116.918700, 133.350000 
55.074200, -117.274200, 46.500000 
52.322800, -114.020800, 370.520000 
51.213400, -110.336100, 24.880000 
52.399300, -111.465300, 49.133000 
52.319200, -111.350300, 24.489000 
52.035300, -115.137700, 42.591000 
52.373700, -114.076000, 69.500000 
54.432500, -110.306400, 59.500000 
55.866700, -119.596700, 22.912000 
53.416800, -113.917700, 89.900000 
58.568700, -119.201500, 42.260000 
54.185400, -116.210400, 132.885000 
53.039700, -111.220000, 53.240000 
53.906900, -115.186100, 28.810000 
51.282600, -110.297500, 181.830000 
52.746800, -112.988000, 98.092000 
54.210700, -110.241900, 66.290000 
51.058900, -115.174500, 606.000000 
54.238200, -115.379700, 49.000000 
55.069600, -110.536100, 294.830000 
50.847000, -113.591000, 71.770000 
53.581900, -113.590000, 0.159000 
53.819400, -113.141900, 35.880000 
53.515900, -116.441700, 69.155000 
54.530800, -112.920000, 46.219000 
55.938600, -117.239400, 24.447000 
50.253700, -112.498700, 28.494000 
52.366500, -112.734900, 131.812000 
53.132300, -115.981700, 36.529000 
52.722900, -112.841600, 62.684000 
55.713100, -119.419200, 108.148000 
51.770100, -111.422000, 169.330000 
52.555700, -111.805300, 114.060000 
56.031400, -117.976100, 51.830000 
59.063100, -118.875700, 90.000000 
50.963300, -112.288300, 55.570000 
49.975700, -114.130000, 71.910000 
55.203600, -116.615600, 125.960000 
50.701100, -111.095600, 45.960000 
50.096700, -112.125100, 22.989000 
54.043500, -117.420000, 103.070000 
55.396400, -119.599700, 51.369000 
50.061200, -110.723000, 19.277000 
51.696900, -114.475000, 326.557000 
50.676800, -110.018000, 39.520000 
52.083200, -112.207800, 19.990000 
51.926500, -114.542700, 263.497000 
53.890700, -117.354000, 56.671000 
53.736200, -113.833900, 37.643000 
55.268600, -114.584700, 12.567000 
53.799100, -113.080700, 81.835000 
51.222500, -114.495600, 246.659000 
52.319300, -111.477600, 299.154000 
52.926800, -111.889500, 275.750000 
53.529649, -113.495611, 1.564000 
50.059200, -112.039500, 34.010000 
53.868700, -113.254300, 34.826000 
53.817200, -113.133600, 44.352000 
52.923100, -111.882500, 22.240000 
57.157300, -115.122000, 150.442000 
53.796200, -113.857100, 23.051000 
51.028800, -114.044800, 38.000000 
51.024500, -114.025000, 28.800000 
53.894300, -113.416000, 71.460000 
53.519600, -113.529000, 133.885000 
56.731500, -115.478100, 75.221000 
53.949000, -113.285400, 78.731000 
