52.308300, -113.550000, 7.589000 
51.191300, -113.940900, 2.187000 
53.048100, -113.921000, 12.545000 
54.130900, -115.546700, 1.803000 
53.541700, -113.391700, 0.003000 
50.747700, -114.494700, 0.300000 
53.204500, -116.811200, 1.000000 
55.725100, -119.399900, 0.145000 
51.534800, -114.203700, 0.041000 
53.227700, -114.988900, 49.520000 
53.572500, -113.360600, 35.268000 
53.571700, -113.349800, 12.700000 
55.269500, -114.598300, 41.618000 
50.845800, -113.586700, 60.800000 
52.959300, -115.893800, 1.200000 
53.952700, -113.078000, 0.004000 
53.593060, -116.390300, 28.822000 
53.570000, -113.611400, 0.584000 
55.335900, -119.223000, 1.300000 
54.524700, -116.794300, 0.527000 
50.982200, -113.974200, 0.326000 
56.377200, -117.175600, 271.110000 
54.572300, -115.522900, 1.272000 
51.005800, -113.987500, 0.844000 
50.805300, -110.034900, 5.100000 
53.287100, -113.541400, 0.304000 
53.413300, -117.570600, 297.700000 
53.582300, -113.588600, 99.961000 
52.758100, -114.111600, 1.200000 
54.952700, -119.195300, 0.521000 
54.833300, -118.646700, 0.114000 
54.923116, -112.861867, 307.550000 
52.226300, -115.177000, 1.200000 
53.841600, -113.097900, 156.530000 
52.553700, -111.694000, 0.070000 
55.996700, -118.533600, 0.377000 
50.086600, -110.716700, 320.934000 
53.718500, -113.183000, 0.002000 
53.421300, -113.904400, 1.125000 
52.776100, -115.660700, 1.200000 
53.181200, -115.762500, 0.935000 
55.071200, -118.691200, 75.790000 
53.343600, -113.526900, 1.685000 
53.733200, -113.175000, 0.947000 
55.074200, -117.274200, 1.204000 
51.915300, -113.578100, 0.378000 
53.902300, -115.189300, 1.200000 
55.040000, -115.475800, 0.513000 
55.199400, -116.221900, 1.202000 
55.913200, -115.150400, 0.082000 
55.993500, -113.480500, 0.301000 
53.250200, -115.555500, 2.390000 
55.041500, -119.631000, 1.073000 
51.000700, -113.965670, 6.280000 
53.571290, -113.355400, 7.978000 
54.284800, -115.698000, 0.759000 
51.010160, -113.964210, 4.870000 
54.238200, -115.379700, 146.280000 
51.526000, -113.880000, 0.108000 
53.402700, -117.599300, 12.962000 
52.375200, -114.921600, 23.177000 
52.327100, -112.718300, 0.034000 
53.574600, -113.314600, 0.062000 
53.501040, -113.489732, 19.971000 
50.967800, -113.969900, 0.021000 
55.432500, -116.486000, 116.884000 
55.029800, -118.744000, 173.704000 
51.696900, -114.475000, 1.638000 
53.340200, -113.538100, 0.217000 
59.063100, -118.875700, 0.600000 
53.221200, -114.993900, 1.632000 
53.504000, -113.450200, 3.313000 
58.555500, -118.915900, 0.159000 
49.476100, -112.652500, 0.044000 
53.319300, -113.518000, 1.415000 
