56.407900, -110.929200, 0.042000 
53.159500, -114.902800, 0.682000 
51.048600, -114.071900, 0.016000 
52.850400, -114.543500, 0.058000 
54.952700, -119.195300, 5.015000 
55.358300, -114.617200, 0.201000 
54.194400, -116.632200, 2.878000 
52.758100, -114.111600, 1.906000 
53.746900, -113.164500, 0.724000 
50.805300, -110.034900, 1.093000 
53.546800, -113.734800, 2.863000 
52.308300, -113.550000, 6.079000 
53.245000, -115.674300, 0.321000 
51.534800, -114.203700, 1.396000 
52.226300, -115.177000, 3.135000 
55.725100, -119.399900, 0.345000 
50.647500, -113.772000, 0.555000 
53.572500, -113.360600, 2.735000 
54.596400, -110.395000, 4.060000 
53.541700, -113.391700, 3.526000 
55.335900, -119.223000, 0.535000 
53.952700, -113.078000, 0.082000 
54.524700, -116.794300, 1.677000 
53.421300, -113.904400, 0.480000 
52.553700, -111.694000, 0.160000 
52.776100, -115.660700, 2.893000 
53.354600, -113.715000, 0.725000 
52.959300, -115.893800, 2.401000 
53.652000, -116.099200, 1.142000 
55.996700, -118.533600, 0.437000 
56.380600, -116.795000, 3.824000 
51.191300, -113.940900, 1.431000 
51.570800, -114.851700, 0.430000 
53.733200, -113.175000, 2.716000 
52.146300, -115.330000, 0.790000 
53.048100, -113.921000, 2.093000 
53.795900, -113.099600, 3.631000 
51.965500, -114.753600, 0.425000 
53.288500, -110.018300, 0.460000 
53.804200, -113.082400, 10.778000 
57.040500, -111.619200, 49.960000 
57.003300, -111.466100, 14.795000 
50.747700, -114.494700, 0.149000 
53.543100, -117.797900, 0.364000 
53.250200, -115.555500, 0.081000 
56.981400, -111.475800, 0.269000 
51.926500, -114.542700, 0.993000 
57.351700, -111.522200, 39.136000 
57.054200, -111.917200, 0.208000 
54.588800, -115.862500, 0.051000 
52.588100, -111.206100, 0.068000 
55.393100, -110.738300, 0.006000 
55.040000, -115.475800, 0.288000 
53.557500, -116.547200, 2.072000 
52.228400, -114.397700, 0.528000 
53.544400, -113.366200, 0.120000 
51.984500, -114.743800, 2.077000 
54.772900, -110.579000, 0.180000 
58.555500, -118.915900, 0.205000 
55.710600, -116.897000, 0.028000 
52.674300, -111.311600, 0.026000 
53.740700, -113.023100, 8.142000 
59.063100, -118.875700, 3.000000 
53.550690, -113.349600, 10.327000 
51.696900, -114.475000, 1.681000 
51.915300, -113.578100, 4.009000 
57.546300, -119.112600, 2.436000 
55.086900, -110.528600, 0.341000 
53.550500, -113.358900, 2.062000 
53.530040, -113.402010, 1.493000 
53.670500, -115.762200, 0.906000 
53.616600, -115.711100, 0.116000 
52.869000, -115.101000, 1.370000 
51.526000, -113.880000, 0.607000 
51.910600, -114.668100, 0.753000 
53.286400, -110.017800, 0.001000 
55.116300, -118.813600, 0.099000 
53.170200, -114.975000, 0.282000 
50.963600, -113.976680, 2.026000 
55.199400, -116.221900, 0.103000 
51.058900, -115.174500, 2.400000 
55.069600, -110.536100, 1.584000 
51.376000, -113.949200, 0.400000 
53.373100, -116.086000, 1.715000 
54.185400, -116.210400, 0.869000 
52.035300, -115.137700, 6.278000 
53.757500, -113.149900, 1.062000 
52.904700, -115.324700, 1.010000 
53.498700, -113.383100, 0.388000 
55.041500, -119.631000, 2.786000 
54.427200, -116.884300, 2.170000 
54.284800, -115.698000, 6.495000 
51.400100, -114.034300, 0.822000 
53.902300, -115.189300, 0.458000 
54.510900, -115.511700, 0.926000 
55.489100, -119.750800, 0.124000 
