56.527800, -114.070000, 120.652000 
52.210100, -113.274300, 218.672000 
55.585600, -117.891600, 60.545000 
52.915800, -113.022500, 19.985000 
52.675900, -110.455200, 22.720000 
55.640300, -117.132400, 78.560000 
51.402600, -112.918100, 28.180000 
53.428700, -115.125800, 591.880000 
52.260900, -112.826600, 51.023000 
58.357600, -118.977600, 55.945000 
52.999100, -112.971000, 41.550000 
54.127300, -110.890400, 133.438000 
53.374300, -114.527900, 176.800000 
55.603900, -119.347800, 602.000000 
51.620900, -114.483500, 181.000000 
51.991800, -110.928600, 46.560000 
51.048600, -114.071900, 60.930000 
52.442900, -111.080500, 98.700000 
56.727900, -116.305700, 24.090000 
55.066600, -117.283300, 20.670000 
53.876200, -117.149000, 182.434000 
53.388600, -115.315800, 228.000000 
58.615900, -119.015700, 34.030000 
55.432800, -118.041700, 27.638000 
50.220300, -112.444200, 589.710000 
52.155700, -110.893800, 101.430000 
52.519400, -110.085200, 66.220000 
59.641800, -118.307800, 83.889000 
56.196800, -114.149700, 101.900000 
50.693200, -113.672900, 22.330000 
53.836200, -111.321500, 23.275000 
54.031100, -116.875700, 44.547000 
52.493700, -111.489400, 37.200000 
56.458600, -119.914300, 592.290000 
53.706600, -117.241000, 390.389000 
52.475700, -111.441400, 88.000000 
53.254000, -114.437900, 91.660000 
56.930900, -115.252200, 161.390000 
52.450400, -110.851900, 614.000000 
56.556900, -119.363900, 98.160000 
52.479300, -110.051900, 98.600000 
58.466800, -118.788700, 37.930000 
52.482800, -110.026900, 79.300000 
52.465000, -110.121000, 25.600000 
54.043400, -116.552300, 39.682000 
57.042500, -111.905000, 24.300000 
52.424800, -110.364700, 29.860000 
58.568700, -119.061500, 87.562000 
50.536900, -112.031500, 138.720000 
54.716400, -116.260900, 198.330000 
54.520000, -116.810900, 868.073000 
53.759700, -117.689500, 22.810000 
52.661200, -114.635400, 123.530000 
55.520300, -119.315300, 41.060000 
50.700700, -111.022200, 106.970000 
56.347100, -119.190500, 35.460000 
55.429200, -113.618100, 29.200000 
56.088100, -119.934800, 27.878000 
54.033400, -117.756900, 299.807000 
49.921900, -111.668700, 34.270000 
57.877200, -119.740900, 23.570000 
49.030800, -111.052700, 89.620000 
58.761500, -118.690400, 242.750000 
52.355700, -110.322500, 39.090000 
52.333700, -111.059400, 98.310000 
54.294400, -111.306700, 561.782000 
49.936700, -111.583100, 49.200000 
55.975100, -115.340100, 90.529000 
50.314700, -111.968400, 75.770000 
52.457600, -110.310500, 25.900000 
49.914700, -111.697300, 21.420000 
52.526800, -111.782500, 21.380000 
56.622700, -119.946500, 401.708000 
56.313200, -111.636200, 148.614000 
53.141200, -114.327900, 607.320000 
53.190300, -115.224000, 160.383000 
55.954200, -117.710800, 36.260000 
54.130600, -115.231400, 61.175000 
52.774000, -112.914300, 30.430000 
49.829600, -112.048200, 20.120000 
54.023400, -117.748700, 192.510000 
52.468400, -110.046100, 37.676000 
50.073300, -112.673700, 358.680000 
50.168300, -112.299800, 110.200000 
53.734200, -118.395600, 392.550000 
53.272300, -114.725300, 58.110000 
56.364200, -119.934300, 530.800000 
51.482600, -113.300200, 297.370000 
49.616400, -111.917300, 249.470000 
53.566900, -118.022600, 155.570000 
56.051400, -119.589200, 188.450000 
56.851800, -115.208100, 48.000000 
53.952500, -113.113900, 465.000000 
54.317700, -116.573000, 79.873000 
52.650300, -116.115300, 181.750000 
54.091200, -117.516500, 62.090000 
52.621200, -112.211500, 879.240000 
54.883700, -113.498300, 20.410000 
55.378300, -118.499700, 683.290000 
50.013100, -112.611500, 1230.660000 
55.458400, -116.165600, 33.788000 
52.776100, -115.660700, 1396.200000 
50.647500, -113.772000, 2495.350000 
53.722900, -113.174000, 166.712000 
53.721700, -113.191700, 325.897000 
55.071200, -118.691200, 1046.570000 
51.534800, -114.203700, 438.016000 
53.204500, -116.811200, 5537.190000 
55.335900, -119.223000, 68.200000 
51.531700, -111.786100, 35486.000000 
54.141900, -115.704200, 0.004000 
53.952700, -113.078000, 166.880000 
51.570800, -114.851700, 9542.095000 
53.652000, -116.099200, 1197.370000 
53.181200, -115.762500, 2717.390000 
52.226300, -115.177000, 1728.400000 
53.733200, -113.175000, 145.525000 
54.007100, -119.104000, 4069.000000 
53.288500, -110.018300, 22.000000 
54.423300, -117.760400, 616.122000 
52.758100, -114.111600, 407.000000 
53.718500, -113.183000, 0.098000 
53.833100, -113.108900, 0.342000 
52.553700, -111.694000, 716.900000 
52.146300, -115.330000, 11575.310000 
57.003300, -111.466100, 18662.870000 
52.564700, -112.141400, 22964.000000 
51.742300, -114.134500, 2390.300000 
57.040500, -111.619200, 78240.000000 
53.560000, -114.486200, 8778.770000 
52.959300, -115.893800, 502.600000 
53.841600, -113.097900, 1608.017000 
56.377200, -117.175600, 1186.500000 
51.022770, -114.027660, 0.096000 
53.541700, -113.391700, 5465.355000 
54.130900, -115.546700, 2305.200000 
53.804200, -113.082400, 2.561000 
53.413300, -117.570600, 1440.440000 
52.940400, -114.832300, 376.020000 
49.713599, -112.796397, 0.105000 
50.747700, -114.494700, 2482.000000 
51.039600, -114.559000, 7243.000000 
51.191300, -113.940900, 4587.000000 
53.344000, -114.305000, 12854.792000 
55.725100, -119.399900, 421.830000 
54.923116, -112.861867, 409.140000 
53.733200, -113.486200, 53.680000 
53.448700, -114.449100, 12602.000000 
51.219500, -114.645400, 2600.700000 
54.572300, -115.522900, 1604.200000 
49.305200, -114.000300, 12374.800000 
53.245000, -115.674300, 68.260000 
54.596400, -110.395000, 1813.405000 
54.524700, -116.794300, 855.400000 
54.833300, -118.646700, 928.620000 
51.965500, -114.753600, 3238.540000 
58.500000, -119.416700, 212.880000 
53.354600, -113.715000, 11.340000 
50.805300, -110.034900, 153.690000 
53.546800, -113.734800, 6.196000 
53.529100, -113.387500, 45.521000 
53.795900, -113.099600, 125.714000 
54.194400, -116.632200, 11423.900000 
55.358300, -114.617200, 0.832000 
53.508500, -114.557100, 28860.000000 
56.380600, -116.795000, 2123.840000 
53.746900, -113.164500, 184.460000 
52.308300, -113.550000, 39.125000 
54.538100, -115.932300, 4406.900000 
58.555500, -118.915900, 338.460000 
51.012800, -114.022000, 84.850000 
59.067000, -118.875900, 166.010000 
55.248100, -114.514000, 0.141000 
59.230700, -119.275900, 75.960000 
55.074200, -117.274200, 1020.800000 
50.471500, -111.606500, 150.670000 
55.489100, -119.750800, 758.840000 
53.581600, -113.599100, 132.017000 
59.194300, -118.604700, 111.020000 
52.327100, -112.718300, 721.500000 
57.364000, -119.763000, 121.663000 
55.913200, -115.150400, 48.060000 
59.063100, -118.875700, 1165.800000 
53.250200, -115.555500, 21.900000 
50.129400, -111.908400, 90.334000 
53.557500, -116.547200, 1805.290000 
51.696900, -114.475000, 169.090000 
51.058900, -115.174500, 2373.000000 
58.568700, -119.201500, 269.940000 
58.943200, -118.916800, 109.170000 
52.588400, -113.161800, 37.179000 
53.817200, -113.133600, 173.490000 
57.546300, -119.112600, 183.800000 
51.926500, -114.542700, 454.570000 
54.284800, -115.698000, 390.583000 
55.481900, -119.059200, 3417.500000 
49.725300, -112.790000, 0.005000 
51.540900, -112.841700, 202.800000 
54.185400, -116.210400, 3522.170000 
57.076100, -111.918900, 7.780000 
52.479300, -110.936100, 240.442000 
52.228400, -114.397700, 240.300000 
53.740700, -113.023100, 11557.300000 
52.412900, -114.407600, 78.100000 
49.628100, -114.571900, 3163.200000 
54.772900, -110.579000, 790.358000 
55.069600, -110.536100, 327.750000 
54.427200, -116.884300, 3914.750000 
53.902300, -115.189300, 7.500000 
51.400100, -114.034300, 3281.170000 
51.911800, -111.188100, 50.040000 
51.526000, -113.880000, 1524.685000 
51.962900, -111.016100, 28.860000 
55.750300, -119.684300, 147.100000 
54.846700, -112.567500, 0.028000 
55.698300, -118.783300, 52.450000 
53.821500, -113.490400, 162.224000 
55.582700, -110.888800, 228.640000 
51.915300, -113.578100, 3037.810000 
53.550500, -113.358900, 1788.013000 
52.308300, -113.550000, 1.317000 
53.529649, -113.495611, 0.010000 
52.333700, -111.357300, 170.300000 
50.269600, -112.893800, 25.600000 
54.926900, -111.936100, 0.020000 
52.122900, -110.570500, 355.001000 
55.040000, -115.475800, 43.060000 
52.079300, -110.636400, 534.600000 
52.766100, -114.285600, 83.704000 
51.682500, -111.293600, 50.540000 
53.472878, -113.616936, 0.010000 
53.560800, -113.415300, 101.000000 
52.402900, -111.736200, 32.320000 
55.993500, -113.480500, 286.036000 
53.531993, -113.364925, 4.150000 
53.582200, -113.544400, 0.009000 
51.052000, -114.010500, 0.010000 
51.649800, -110.187200, 89.462000 
52.421200, -110.388600, 55.950000 
55.969400, -117.575600, 177.600000 
51.984500, -114.743800, 74.080000 
50.061200, -110.723000, 47.700000 
55.714100, -118.830400, 464.550000 
51.056600, -115.164300, 189.107000 
52.555700, -111.805300, 1149.790000 
53.581900, -113.590000, 0.001000 
55.086900, -110.528600, 47.510000 
53.861500, -114.756100, 24.090000 
53.132300, -115.981700, 4400.640000 
52.904700, -115.324700, 9.580000 
