57.040500, -111.619200, 9.442000 
53.181200, -115.762500, 13.140000 
52.226300, -115.177000, 28.400000 
51.191300, -113.940900, 157.875000 
55.725100, -119.399900, 12.165000 
51.570800, -114.851700, 547.489000 
51.039600, -114.559000, 112.000000 
49.305200, -114.000300, 379.840000 
52.146300, -115.330000, 509.070000 
53.204500, -116.811200, 231.560000 
54.194400, -116.632200, 12.831000 
52.758100, -114.111600, 1.086000 
52.776100, -115.660700, 2.460000 
57.003300, -111.466100, 56.970000 
54.833300, -118.646700, 14.829000 
51.526000, -113.880000, 19.014000 
54.185400, -116.210400, 21.481000 
54.427200, -116.884300, 29.795000 
53.132300, -115.981700, 152.603000 
57.546300, -119.112600, 1.050000 
55.074200, -117.274200, 0.117000 
