53.413300, -117.570600, 28.880000 
51.531700, -111.786100, 48.600000 
53.344000, -114.305000, 23.954000 
53.541700, -113.391700, 16.772000 
53.508500, -114.557100, 61.419000 
53.533000, -113.411500, 0.352000 
56.377200, -117.175600, 7.871000 
53.560000, -114.486200, 18.848000 
53.727300, -113.087100, 0.048000 
54.007100, -119.104000, 65.322000 
53.448700, -114.449100, 23.598000 
53.733200, -113.175000, 9.701000 
53.570000, -113.611400, 0.121000 
52.564700, -112.141400, 125.800000 
55.070600, -118.688800, 0.034000 
54.923116, -112.861867, 8.030000 
54.775000, -115.218600, 0.017000 
53.798900, -112.898400, 0.010000 
53.550500, -113.358900, 11.691000 
