53.795900, -113.099600, 1.788000 
51.531700, -111.786100, 39.130000 
53.344000, -114.305000, 7.390000 
53.413300, -117.570600, 8.375000 
56.377200, -117.175600, 4.335000 
55.071200, -118.691200, 6.656000 
54.923116, -112.861867, 9.160000 
53.560000, -114.486200, 13.007000 
53.841600, -113.097900, 25.670000 
57.003300, -111.466100, 350.540000 
53.508500, -114.557100, 36.241000 
53.541700, -113.391700, 192.837000 
51.039600, -114.559000, 48.700000 
57.040500, -111.619200, 821.511000 
53.721700, -113.191700, 7.109000 
53.448700, -114.449100, 15.825000 
53.550500, -113.358900, 175.305000 
