53.204500, -116.811200, 9.997000 
53.652000, -116.099200, 13.701000 
51.570800, -114.851700, 81.374000 
52.146300, -115.330000, 213.050000 
55.996700, -118.533600, 3.801000 
52.226300, -115.177000, 11.163000 
54.923116, -112.861867, 12.036000 
51.191300, -113.940900, 3.601000 
55.725100, -119.399900, 9.090000 
53.541700, -113.391700, 3.251000 
49.305200, -114.000300, 46.320000 
54.833300, -118.646700, 3.897000 
53.546800, -113.734800, 0.844000 
53.245000, -115.674300, 3.254000 
50.747700, -114.494700, 10.959000 
53.413300, -117.570600, 21.610000 
58.500000, -119.416700, 5.445000 
51.039600, -114.559000, 5.700000 
51.534800, -114.203700, 0.220000 
55.071200, -118.691200, 44.200000 
54.194400, -116.632200, 27.771000 
56.380600, -116.795000, 0.141000 
53.746900, -113.164500, 0.098000 
55.358300, -114.617200, 0.260000 
53.048100, -113.921000, 1.569000 
50.805300, -110.034900, 0.082000 
53.354600, -113.715000, 0.121000 
53.795900, -113.099600, 0.973000 
51.965500, -114.753600, 516.930000 
57.040500, -111.619200, 47.351000 
52.553700, -111.694000, 17.590000 
53.421300, -113.904400, 0.084000 
55.335900, -119.223000, 4.474000 
52.776100, -115.660700, 7.781000 
50.647500, -113.772000, 0.420000 
53.181200, -115.762500, 26.676000 
53.733200, -113.175000, 0.131000 
56.377200, -117.175600, 11.040000 
52.959300, -115.893800, 17.216000 
53.952700, -113.078000, 0.593000 
51.219500, -114.645400, 2.475000 
54.524700, -116.794300, 8.436000 
54.596400, -110.395000, 5.055000 
57.003300, -111.466100, 32.106000 
53.288500, -110.018300, 0.210000 
54.572300, -115.522900, 18.009000 
52.758100, -114.111600, 4.053000 
55.074200, -117.274200, 6.993000 
53.557500, -116.547200, 0.011000 
56.981400, -111.475800, 3.907000 
57.546300, -119.112600, 0.163000 
50.583700, -113.871100, 24.167000 
52.904700, -115.324700, 2.361000 
55.040000, -115.475800, 0.397000 
55.913200, -115.150400, 0.596000 
53.721800, -113.192700, 0.001000 
58.555500, -118.915900, 1.306000 
55.993500, -113.480500, 4.806000 
53.250200, -115.555500, 0.233000 
53.132300, -115.981700, 5.586000 
59.063100, -118.875700, 7.100000 
51.984500, -114.743800, 0.178000 
55.489100, -119.750800, 18.119000 
53.740700, -113.023100, 0.024000 
51.915300, -113.578100, 10.584000 
50.269600, -112.893800, 0.577000 
55.393100, -110.738300, 0.020000 
52.095600, -114.799300, 0.895000 
55.481900, -119.059200, 26.242000 
49.628100, -114.571900, 4.990000 
57.054200, -111.917200, 1.226000 
51.696900, -114.475000, 2.109000 
54.185400, -116.210400, 18.795000 
51.526000, -113.880000, 32.670000 
53.550500, -113.358900, 2.111000 
53.543100, -117.797900, 0.688000 
51.400100, -114.034300, 4.924000 
54.284800, -115.698000, 2.939000 
53.902300, -115.189300, 0.628000 
54.427200, -116.884300, 20.326000 
52.588100, -111.206100, 0.486000 
