54.596400, -110.395000, 2.152000 
53.288500, -110.018300, 0.150000 
53.589400, -113.574700, 0.005000 
54.194400, -116.632200, 0.001000 
53.952700, -113.078000, 0.182000 
53.048100, -113.921000, 0.878000 
54.572300, -115.522900, 1.663000 
52.146300, -115.330000, 0.350000 
53.421300, -113.904400, 0.204000 
53.795900, -113.099600, 2.244000 
52.226300, -115.177000, 0.159000 
57.003300, -111.466100, 86.760000 
55.725100, -119.399900, 0.052000 
51.965500, -114.753600, 0.356000 
53.541700, -113.391700, 2.635000 
50.982200, -113.974200, 0.006000 
57.040500, -111.619200, 53.025000 
51.191300, -113.940900, 0.060000 
51.570800, -114.851700, 0.051000 
53.652000, -116.099200, 0.188000 
53.718500, -113.183000, 0.008000 
55.710600, -116.897000, 0.005000 
49.628100, -114.571900, 0.024000 
53.740700, -113.023100, 1.822000 
55.116300, -118.813600, 0.073000 
55.199400, -116.221900, 0.209000 
53.527200, -113.354800, 0.065000 
50.959200, -113.981200, 0.039000 
53.170200, -114.975000, 0.206000 
53.286400, -110.017800, 0.026000 
52.656700, -111.311900, 0.002000 
51.400100, -114.034300, 0.022000 
53.550500, -113.358900, 5.765000 
50.963600, -113.976680, 0.099000 
51.696900, -114.475000, 0.086000 
53.544400, -113.366200, 0.030000 
54.420500, -110.213100, 0.004000 
54.510900, -115.511700, 0.109000 
57.351700, -111.522200, 6.463000 
53.530040, -113.402010, 0.290000 
53.557500, -116.547200, 0.013000 
