53.499900, -113.418000, 0.066270 
54.775000, -115.218600, 0.000495 
55.269500, -114.598300, 0.003364 
53.508500, -114.557100, 0.016986 
57.040500, -111.619200, 0.196475 
57.003300, -111.466100, 0.035325 
56.377200, -117.175600, 0.006820 
53.448700, -114.449100, 0.041478 
53.344000, -114.305000, 0.205000 
53.529100, -113.387500, 0.498880 
53.593060, -116.390300, 0.094100 
53.533000, -113.411500, 0.001542 
53.560000, -114.486200, 0.014065 
53.541700, -113.391700, 0.076316 
53.413300, -117.570600, 0.023600 
50.992000, -114.059000, 0.001680 
54.923116, -112.861867, 0.008580 
51.068200, -115.136400, 0.000085 
55.432500, -116.486000, 0.011745 
53.550500, -113.358900, 0.032100 
53.402700, -117.599300, 0.004983 
55.029800, -118.744000, 0.058442 
53.581600, -113.599100, 0.020240 
