53.866900, -110.644900, 0.000116 
52.696100, -114.863800, 0.005696 
54.007100, -119.104000, 0.005599 
51.531700, -111.786100, 0.076556 
53.541700, -113.391700, 0.005692 
53.448700, -114.449100, 0.100408 
54.775000, -115.218600, 0.001127 
52.564700, -112.141400, 0.111773 
53.560000, -114.486200, 0.144821 
53.508500, -114.557100, 0.280525 
56.377200, -117.175600, 0.010775 
53.795900, -113.099600, 0.000521 
57.040500, -111.619200, 0.018150 
53.344000, -114.305000, 0.085000 
53.529100, -113.387500, 0.011243 
57.003300, -111.466100, 0.008530 
53.170200, -114.975000, 0.000379 
52.827500, -110.859600, 0.029600 
55.116300, -118.813600, 0.000134 
53.616600, -115.711100, 0.000155 
52.674300, -111.311600, 0.000009 
53.550500, -113.358900, 0.004269 
51.058900, -115.174500, 0.017870 
53.581600, -113.599100, 0.039700 
