53.344000, -114.305000, 0.447000 
56.377200, -117.175600, 1.484000 
53.560000, -114.486200, 1.094000 
55.071200, -118.691200, 0.130000 
54.923116, -112.861867, 0.040000 
53.448700, -114.449100, 1.064000 
53.508500, -114.557100, 3.235000 
53.529100, -113.387500, 2.864000 
53.413300, -117.570600, 0.108000 
53.581600, -113.599100, 0.069000 
55.432500, -116.486000, 0.430000 
53.507791, -113.486900, 0.053000 
51.005290, -114.058570, 0.101000 
51.289660, -113.994600, 0.560000 
51.001450, -113.975960, 0.057000 
53.402700, -117.599300, 0.425000 
