54.505300, -116.450600, 11.655000 
51.006200, -113.176000, 15.720000 
57.200900, -112.905700, 39.906000 
51.217000, -113.977700, 13.330000 
54.816000, -118.715600, 12.646000 
50.795100, -112.017800, 10.240000 
51.209800, -113.141000, 9.800000 
54.494400, -118.198900, 17.878000 
54.949300, -110.622600, 24.580000 
51.388100, -110.772500, 9.800000 
51.048600, -114.071900, 10.681000 
50.223900, -110.899700, 21.840000 
51.828100, -114.980700, 10.689000 
55.047300, -110.577800, 66.600000 
51.878900, -115.093200, 11.444000 
52.064400, -115.131800, 11.261000 
50.915100, -112.451700, 12.120000 
51.304300, -112.653700, 16.580000 
54.261700, -117.249400, 14.839000 
52.090000, -115.161600, 11.466000 
51.402400, -112.918100, 10.270000 
55.997300, -111.352400, 14.987000 
51.911800, -114.512900, 10.176000 
56.135000, -113.028300, 10.063000 
51.897200, -115.040200, 16.142000 
55.884400, -113.291000, 12.514000 
54.203400, -112.573800, 11.679000 
53.810700, -114.190400, 6.560000 
51.020700, -112.948400, 10.200000 
51.275400, -112.906500, 11.630000 
52.148200, -114.660400, 0.920000 
55.688200, -113.897000, 11.001000 
53.499300, -116.805300, 21.778000 
55.847500, -111.358600, 14.244000 
54.960000, -119.802500, 0.660000 
55.996800, -110.822600, 13.873000 
55.294800, -110.795100, 50.120000 
53.010400, -114.185700, 3.120000 
54.387000, -116.966700, 16.730000 
53.090400, -115.245000, 13.070000 
55.651800, -111.084400, 13.266000 
56.930900, -115.252200, 71.343000 
51.315900, -113.428500, 16.114000 
56.215000, -110.968100, 58.901000 
53.103200, -115.363400, 25.600000 
55.883900, -117.462000, 19.220000 
52.610400, -114.821800, 77.689000 
54.974300, -117.285800, 11.170000 
54.607200, -119.332000, 17.790000 
50.817000, -113.100200, 18.100000 
56.527800, -114.070000, 20.008000 
54.800000, -119.775600, 12.535000 
54.416000, -115.636200, 11.420000 
53.035900, -111.403600, 11.900000 
54.829200, -119.668600, 10.153000 
49.729200, -114.427200, 23.391000 
50.307500, -110.502500, 11.585000 
52.050100, -112.728300, 11.620000 
54.720000, -119.110600, 12.623000 
54.661700, -119.034700, 13.597000 
59.601800, -117.409700, 16.220000 
49.794700, -111.198100, 12.900000 
51.915100, -113.373700, 20.000000 
49.616400, -112.472000, 16.400000 
53.504050, -113.374400, 29.500000 
51.093400, -112.820100, 13.390000 
49.580000, -112.743700, 14.600000 
52.926700, -113.998900, 61.736000 
51.024500, -111.642800, 36.600000 
50.981000, -113.967800, 27.500000 
54.025400, -117.018400, 13.500000 
53.614300, -116.956500, 12.100000 
53.170300, -116.265800, 18.200000 
52.493600, -115.935000, 14.200000 
52.268500, -112.871100, 2.108000 
53.193400, -110.863100, 17.233000 
55.676700, -118.158900, 6.710000 
53.054000, -114.933300, 11.140000 
55.698000, -118.137100, 0.779000 
55.385700, -113.001600, 10.200000 
55.596700, -118.275600, 4.341000 
49.684600, -112.814600, 13.266000 
50.294200, -110.593500, 10.183000 
57.502800, -118.745700, 14.938000 
54.792900, -115.521700, 13.346000 
53.583000, -116.842000, 58.562000 
53.561500, -116.577900, 459.780000 
54.520000, -116.810900, 15.806000 
56.347100, -119.190500, 18.125000 
52.140800, -112.157200, 20.363000 
55.352900, -110.627800, 16.402000 
57.338900, -118.460000, 19.789000 
56.199000, -110.675100, 20.538000 
59.641800, -118.307800, 23.107000 
54.702500, -112.900400, 14.080000 
51.635300, -112.531400, 52.850000 
50.965900, -113.030200, 14.100000 
49.708400, -112.796900, 29.141000 
55.378400, -110.576500, 10.388000 
54.760400, -113.959500, 12.950000 
53.752300, -117.099300, 118.110000 
57.338900, -119.657100, 20.423000 
55.309200, -119.205800, 20.840000 
54.348900, -119.463300, 11.492000 
58.081200, -117.828800, 28.230000 
55.585600, -117.891600, 31.964000 
57.590100, -117.531700, 17.349000 
55.640300, -118.502800, 19.175000 
53.159500, -114.902800, 403.414000 
56.455500, -113.485500, 27.406000 
55.471000, -110.720700, 12.813000 
53.277000, -110.481000, 10.141000 
55.691200, -111.275900, 13.581000 
54.436200, -111.205100, 25.727000 
56.917300, -112.960700, 11.946000 
57.042500, -111.905000, 19.400000 
55.396500, -110.737300, 42.866000 
55.429200, -113.618100, 32.029000 
55.509300, -114.146900, 15.670000 
51.377000, -114.814600, 10.321000 
57.877200, -119.740900, 40.560000 
56.622700, -119.946500, 14.047000 
53.512500, -113.412500, 48.872000 
53.499900, -113.418000, 9.982000 
55.640300, -119.627000, 18.966000 
50.994100, -113.958300, 1220.600000 
49.229200, -114.029100, 19.519000 
53.854300, -117.391200, 17.290000 
54.162360, -115.733900, 23.015000 
53.290100, -112.427100, 10.812000 
49.488900, -113.955100, 23.998000 
56.973300, -116.585000, 9.433000 
52.272100, -112.841400, 19.651000 
52.370000, -114.375800, 29.365000 
53.941500, -116.720100, 11.135000 
52.711900, -116.338600, 12.676000 
53.346200, -113.517200, 57.460000 
53.566900, -118.022600, 13.716000 
52.766700, -116.393000, 23.519000 
58.368300, -118.990000, 17.862000 
53.621500, -116.087200, 13.188000 
52.696100, -114.863800, 36.864000 
52.792000, -112.562700, 7.555000 
55.058700, -111.895500, 12.490000 
53.712300, -116.148900, 20.734000 
53.652000, -116.099200, 311.124000 
53.508500, -114.557100, 275.295000 
53.413300, -117.570600, 334.200000 
54.423300, -117.760400, 490.923000 
53.421300, -113.904400, 73.420000 
51.637200, -112.866000, 248.929000 
53.204500, -116.811200, 432.555000 
53.722900, -113.174000, 2.532000 
52.033030, -113.938910, 56.318000 
56.380600, -116.795000, 1002.510000 
53.795900, -113.099600, 169.416000 
53.841600, -113.097900, 180.100000 
52.553700, -111.694000, 29.920000 
51.419100, -114.027000, 228.247000 
50.647500, -113.772000, 96.017000 
52.146300, -115.330000, 428.620000 
52.226300, -115.177000, 229.082000 
56.377200, -117.175600, 309.958000 
53.245000, -115.674300, 119.627000 
55.358300, -114.617200, 97.020000 
57.040500, -111.619200, 11644.086000 
53.804200, -113.082400, 68.591000 
53.546800, -113.734800, 189.730000 
54.833300, -118.646700, 75.818000 
52.758100, -114.111600, 284.807000 
53.560000, -114.486200, 72.237000 
51.022770, -114.027660, 1320.502000 
53.733200, -113.175000, 539.648000 
50.086600, -110.716700, 360.154000 
57.003300, -111.466100, 31666.455000 
54.194400, -116.632200, 87.144000 
50.983000, -113.988400, 216.800000 
53.746900, -113.164500, 266.200000 
53.288500, -110.018300, 2404.140000 
54.923116, -112.861867, 204.200000 
54.952700, -119.195300, 104.708000 
52.776100, -115.660700, 146.358000 
53.559400, -113.597500, 9.075000 
50.805300, -110.034900, 428.457000 
53.354600, -113.715000, 57.984000 
53.478700, -113.482700, 16.915000 
51.570800, -114.851700, 5.838000 
52.940400, -114.832300, 76.655000 
54.572300, -115.522900, 479.055000 
53.593060, -116.390300, 274.968000 
49.713599, -112.796397, 981.674000 
52.959300, -115.893800, 244.136000 
50.747700, -114.494700, 285.942000 
53.541700, -113.391700, 931.676000 
50.845800, -113.586700, 77.940000 
53.952700, -113.078000, 58.215000 
53.539700, -113.409200, 353.620000 
55.725100, -119.399900, 71.083000 
51.219500, -114.645400, 102.399000 
54.130900, -115.546700, 24.836000 
53.571700, -113.349800, 59.040000 
55.269500, -114.598300, 82.533000 
53.572500, -113.360600, 105.146000 
52.308300, -113.550000, 421.588000 
49.720100, -112.781900, 29.041000 
53.048100, -113.921000, 742.453000 
55.335900, -119.223000, 149.520000 
55.071200, -118.691200, 313.320000 
53.582300, -113.588600, 92.000000 
51.534800, -114.203700, 109.535000 
52.496000, -114.988000, 14.749000 
51.039600, -114.559000, 319.200000 
50.987300, -113.971000, 212.796000 
53.181200, -115.762500, 29.793000 
53.448700, -114.449100, 100.846000 
51.965500, -114.753600, 181.045000 
54.596400, -110.395000, 275.823000 
52.385800, -113.595000, 500.232000 
49.305200, -114.000300, 1903.670000 
55.996700, -118.533600, 71.987000 
51.191300, -113.940900, 405.290000 
54.524700, -116.794300, 255.528000 
53.529100, -113.387500, 52.110000 
50.053700, -110.711390, 10.680000 
58.500000, -119.416700, 67.290000 
53.227700, -114.988900, 597.430000 
50.675600, -110.025000, 362.866000 
54.284800, -115.698000, 195.755000 
53.472878, -113.616936, 0.094000 
58.555500, -118.915900, 146.143000 
53.550500, -113.358900, 622.821000 
51.915300, -113.578100, 79.831000 
53.529649, -113.495611, 0.102000 
53.091100, -111.768600, 215.172000 
55.069600, -110.536100, 30.580000 
53.373100, -116.086000, 452.290000 
52.301100, -113.856100, 20.226000 
56.981400, -111.462500, 95.052000 
55.086900, -110.528600, 12.270000 
57.351700, -111.522200, 2116.735000 
50.671900, -110.028900, 22.580000 
52.904700, -115.324700, 340.350000 
52.869000, -115.101000, 287.460000 
50.697800, -111.531000, 10.300000 
53.481700, -113.489000, 23.739000 
51.015020, -114.026480, 58.200000 
52.755200, -110.747000, 12.300000 
53.527200, -113.354800, 446.391000 
50.959200, -113.981200, 375.379000 
52.315900, -113.850000, 169.000000 
51.001000, -114.061200, 143.636000 
57.298900, -111.503300, 1863.237000 
50.040920, -110.721904, 7.500000 
50.269600, -112.893800, 206.185000 
52.766100, -114.285600, 1.520000 
53.593600, -113.335600, 21.600000 
52.674300, -111.311600, 11.892000 
53.550690, -113.349600, 889.300000 
53.286400, -110.017800, 13.720000 
52.656700, -111.311900, 4.530000 
54.846700, -112.567500, 1.406000 
52.405800, -114.391900, 45.866000 
54.420500, -110.213100, 1.440000 
53.402700, -117.599300, 231.720000 
50.577200, -111.178100, 49.670000 
51.016000, -114.061400, 12.885000 
54.926900, -111.936100, 1.013000 
49.303500, -113.794000, 20.213000 
51.910600, -114.668100, 42.159000 
52.308300, -113.550000, 0.036000 
49.725300, -112.790000, 0.044000 
55.710600, -116.897000, 13.565000 
52.046500, -114.588800, 39.700000 
50.194700, -110.479700, 11.377000 
50.963600, -113.976680, 898.696000 
53.530040, -113.402010, 647.030000 
53.582200, -113.544400, 0.078000 
51.045078, -114.092040, 20.707000 
51.052000, -114.010500, 0.090000 
51.488700, -113.153900, 14.283000 
53.416800, -113.917700, 28.138000 
53.075900, -111.299700, 10.800000 
55.698300, -118.783300, 20.688000 
53.977100, -117.285100, 14.735000 
52.375200, -114.921600, 84.462000 
53.890700, -117.354000, 15.000000 
57.364000, -119.763000, 21.969000 
55.720300, -119.406100, 10.681000 
59.165100, -118.725800, 14.199000 
51.024190, -114.035300, 91.172000 
53.584100, -113.614400, 33.378000 
53.573900, -113.597100, 73.332000 
52.228400, -114.397700, 130.780000 
53.544400, -113.366200, 34.400000 
51.004250, -114.050900, 3.540000 
56.981400, -111.475800, 327.155000 
53.319800, -113.571800, 32.000000 
53.501040, -113.489732, 61.449000 
53.576230, -113.595660, 112.800000 
53.543100, -117.797900, 156.011000 
52.588100, -111.206100, 28.237000 
57.054200, -111.917200, 80.440000 
53.906900, -115.186100, 10.265000 
55.029800, -118.744000, 688.944000 
53.725400, -113.193000, 15.530000 
55.041500, -119.631000, 101.989000 
55.481900, -119.059200, 18.130000 
51.034710, -114.025600, 34.830000 
49.701943, -112.803037, 457.014000 
54.238200, -115.379700, 416.100000 
50.583700, -113.871100, 49.850000 
57.546300, -119.112600, 182.584000 
53.250200, -115.555500, 72.561000 
55.489100, -119.750800, 13.800000 
53.504000, -113.450200, 7.915000 
49.628100, -114.571900, 16.764000 
51.005290, -114.058570, 120.500000 
54.185400, -116.210400, 84.641000 
51.984500, -114.743800, 28.095000 
51.400100, -114.034300, 54.833000 
53.757500, -113.149900, 215.767000 
53.531993, -113.364925, 91.710000 
51.526000, -113.880000, 103.438000 
51.696900, -114.475000, 193.286000 
54.772900, -110.579000, 68.351000 
53.728270, -113.235520, 79.130000 
54.510900, -115.511700, 225.716000 
53.283800, -110.031900, 145.255000 
51.926500, -114.542700, 40.375000 
54.427200, -116.884300, 144.369000 
53.456206, -113.487312, 361.080000 
55.913200, -115.150400, 62.716000 
52.035300, -115.137700, 1502.592000 
53.132300, -115.981700, 206.282000 
55.993500, -113.480500, 150.865000 
53.581900, -113.590000, 0.192000 
55.199400, -116.221900, 146.269000 
53.563200, -113.634800, 25.488000 
50.058200, -110.728200, 28.883000 
55.074200, -117.274200, 97.471000 
49.729139, -112.781105, 28.464000 
53.740700, -113.023100, 623.374000 
53.902300, -115.189300, 97.741000 
50.981270, -113.971610, 36.141000 
52.212400, -113.843700, 64.530000 
51.026100, -113.387800, 1.390000 
55.432500, -116.486000, 35.414000 
53.557500, -116.547200, 130.683000 
59.063100, -118.875700, 82.000000 
53.817200, -113.133600, 37.717000 
53.571290, -113.355400, 35.076000 
53.506740, -113.396252, 42.545000 
51.295600, -114.014600, 59.595000 
51.222500, -114.495600, 79.443000 
51.075800, -115.338300, 2.400000 
51.010160, -113.964210, 14.471000 
53.908300, -118.816700, 636.596000 
53.670500, -115.762200, 170.273000 
51.058900, -115.174500, 7.760000 
51.000700, -113.965670, 0.055000 
50.912700, -114.011800, 19.546000 
52.327100, -112.718300, 48.510000 
51.012800, -114.022000, 113.582000 
