54.416000, -115.636200, 28.880000 
51.411700, -114.027600, 83.740000 
54.387000, -116.966700, 42.440000 
55.676700, -118.158900, 0.050000 
55.309200, -119.205800, 53.110000 
54.974300, -117.285800, 28.310000 
55.258300, -114.588300, 24.010000 
52.268500, -112.871100, 0.003000 
53.561500, -116.577900, 292.056000 
54.960000, -119.802500, 0.020000 
53.024700, -115.531100, 25.060000 
53.810700, -114.190400, 0.020000 
49.698011, -112.823139, 2451.000000 
52.050100, -112.728300, 29.460000 
55.698000, -118.137100, 0.009000 
53.346200, -113.517200, 21.839000 
56.857000, -111.441500, 106.798000 
53.575400, -113.624100, 173.651000 
54.162360, -115.733900, 21.220000 
55.129200, -118.831100, 105.808000 
54.467300, -110.209200, 21.357000 
49.701100, -112.787800, 115.441000 
57.003300, -111.466100, 1552.930000 
54.141900, -115.704200, 0.055000 
57.040500, -111.619200, 2620.379000 
50.086600, -110.716700, 36.952000 
53.733200, -113.175000, 72.878000 
53.560000, -114.486200, 1060.881000 
53.288500, -110.018300, 6.800000 
51.570800, -114.851700, 2.417000 
55.269500, -114.598300, 191.736000 
53.539700, -113.409200, 13.410000 
53.572500, -113.360600, 58.507000 
53.529100, -113.387500, 162.029000 
54.596400, -110.395000, 63.322000 
50.846700, -113.581170, 97.100000 
53.227700, -114.988900, 302.480000 
56.377200, -117.175600, 177.500000 
52.033030, -113.938910, 43.451000 
53.181200, -115.762500, 9.307000 
53.571700, -113.349800, 135.600000 
52.959300, -115.893800, 20.400000 
53.593060, -116.390300, 162.670000 
51.219500, -114.645400, 3.293000 
54.144400, -115.691700, 283.902000 
53.795900, -113.099600, 10.717000 
53.413300, -117.570600, 551.890000 
49.789400, -112.126100, 297.800000 
54.194400, -116.632200, 26.707000 
54.923116, -112.861867, 299.960000 
53.804200, -113.082400, 18.302000 
50.675600, -110.025000, 451.486000 
52.496000, -114.988000, 2.426000 
55.071200, -118.691200, 224.860000 
52.564700, -112.141400, 1191.000000 
54.007100, -119.104000, 462.000000 
51.531700, -111.786100, 884.000000 
49.713599, -112.796397, 5.068000 
52.308300, -113.550000, 614.350000 
53.204500, -116.811200, 20.678000 
53.722900, -113.174000, 0.077000 
53.344000, -114.305000, 1046.902000 
50.845800, -113.586700, 27.400000 
51.039600, -114.559000, 17.000000 
49.305200, -114.000300, 24.089000 
56.380600, -116.795000, 19.350000 
52.385800, -113.595000, 136.750000 
51.965500, -114.753600, 13.199000 
53.448700, -114.449100, 859.247000 
53.089200, -116.805900, 106.500000 
53.841600, -113.097900, 526.770000 
50.983000, -113.988400, 58.631000 
53.721700, -113.191700, 147.326000 
53.541700, -113.391700, 495.865000 
54.130900, -115.546700, 7.373000 
53.508500, -114.557100, 2818.709000 
52.146300, -115.330000, 24.940000 
53.066500, -117.404800, 41.400000 
51.024500, -114.025000, 39.800000 
53.728270, -113.235520, 35.073000 
52.766100, -114.285600, 0.584000 
58.194700, -116.350400, 20.375000 
53.529649, -113.495611, 0.035000 
53.571300, -113.339300, 57.939000 
51.056600, -115.164300, 83.717000 
53.582200, -113.544400, 0.027000 
53.725400, -113.193000, 47.310000 
57.218000, -111.027000, 21.000000 
51.015020, -114.026480, 46.800000 
55.268600, -114.584700, 50.000000 
51.052000, -114.010500, 0.031000 
49.725300, -112.790000, 0.015000 
53.550500, -113.358900, 262.444000 
55.698300, -118.783300, 51.582000 
54.587200, -112.803100, 27.500000 
53.559040, -113.693580, 183.955000 
53.565150, -113.364550, 24.963000 
49.701943, -112.803037, 43.420000 
53.651700, -113.265800, 164.157000 
49.784800, -112.151000, 5.050000 
54.238200, -115.379700, 109.000000 
58.501200, -117.145600, 90.403000 
52.228400, -114.397700, 2.980000 
53.472878, -113.616936, 0.033000 
54.772900, -110.579000, 49.517000 
50.597600, -111.881800, 44.100000 
53.721800, -113.192700, 20.055000 
51.154200, -114.187700, 27.444000 
50.583700, -113.871100, 41.494000 
53.581900, -113.590000, 0.004000 
53.943200, -113.596900, 133.000000 
53.862700, -110.639000, 24.308000 
53.740700, -113.023100, 37.887000 
57.351700, -111.522200, 14.138000 
51.020210, -114.019246, 28.016000 
53.560800, -117.239600, 41.700000 
53.283800, -110.031900, 29.952000 
49.758379, -112.452561, 26.700000 
53.581600, -113.599100, 109.158000 
51.068200, -115.136400, 262.177000 
51.400100, -114.034300, 8.340000 
53.501040, -113.489732, 24.875000 
52.095600, -114.799300, 3.185000 
51.058900, -115.174500, 446.270000 
54.926900, -111.936100, 0.339000 
52.308300, -113.550000, 196.972000 
52.375200, -114.921600, 133.057000 
54.846700, -112.567500, 0.471000 
55.432500, -116.486000, 197.578000 
53.723500, -113.173800, 27.489000 
55.029800, -118.744000, 1339.074000 
53.908300, -118.816700, 62.579000 
50.040920, -110.721904, 34.500000 
50.058200, -110.728200, 730.360000 
53.402700, -117.599300, 101.968000 
51.065300, -115.221100, 17.565000 
