53.593060, -116.390300, 0.008200 
53.529100, -113.387500, 0.012825 
53.344000, -114.305000, 0.017000 
54.596400, -110.395000, 0.037400 
55.071200, -118.691200, 0.004840 
57.040500, -111.619200, 0.012733 
56.377200, -117.175600, 0.003850 
53.508500, -114.557100, 0.066058 
54.923116, -112.861867, 0.004380 
53.541700, -113.391700, 0.016485 
53.413300, -117.570600, 0.009900 
53.560000, -114.486200, 0.006251 
53.795900, -113.099600, 0.004340 
54.775000, -115.218600, 0.000027 
54.144400, -115.691700, 0.000002 
53.448700, -114.449100, 0.021913 
51.068200, -115.136400, 0.000141 
53.581600, -113.599100, 0.000500 
57.351700, -111.522200, 0.008110 
53.550500, -113.358900, 0.011400 
55.248100, -114.514000, 0.000258 
53.402700, -117.599300, 0.001114 
