50.846700, -113.581170, 20.340000 
55.071200, -118.691200, 67.175000 
53.560000, -114.486200, 146.334000 
53.841600, -113.097900, 1995.920000 
54.923116, -112.861867, 66.710000 
53.204500, -116.811200, 6.935000 
49.789400, -112.126100, 33.600000 
53.413300, -117.570600, 78.370000 
53.721700, -113.191700, 59.523000 
54.144400, -115.691700, 0.158000 
50.086600, -110.716700, 2207.054000 
57.040500, -111.619200, 1057.828000 
50.845800, -113.586700, 1258.400000 
53.541700, -113.391700, 0.074000 
52.322100, -113.516600, 46.381000 
56.377200, -117.175600, 119.372000 
53.571700, -113.349800, 35.300000 
53.560800, -113.415300, 206.900000 
50.583700, -113.871100, 17.625000 
51.000700, -113.965670, 0.003000 
51.012800, -114.022000, 309.052000 
50.912700, -114.011800, 53.193000 
51.075800, -115.338300, 5.070000 
53.628800, -113.307700, 58.000000 
53.719000, -113.205600, 7.625000 
53.725400, -113.193000, 448.660000 
53.394200, -113.570700, 0.420000 
53.725000, -113.192800, 14.245000 
52.308800, -113.790000, 105.600000 
51.026100, -113.387800, 2.320000 
52.266000, -113.808200, 0.500000 
53.740700, -113.023100, 0.002000 
53.721800, -113.192700, 181.654000 
