53.497900, -116.666800, 0.655000 
56.069400, -119.877200, 0.632000 
51.290200, -113.992400, 1.100000 
58.683300, -118.670000, 0.610000 
53.499300, -116.805300, 1.605000 
53.828700, -115.943300, 0.542000 
55.047300, -110.577800, 3.620000 
52.275700, -114.218800, 7.000000 
54.803600, -110.347500, 0.971000 
56.233200, -113.896400, 1.010000 
50.047200, -113.556900, 0.831000 
53.315900, -114.982200, 1.000000 
56.513900, -115.606000, 1.700000 
53.054000, -114.933300, 4.150000 
55.823000, -110.792300, 0.523000 
56.196800, -114.149700, 3.600000 
53.020800, -112.949800, 4.781000 
53.388600, -115.285000, 0.690000 
50.063900, -111.731500, 1.926000 
53.021200, -114.859700, 1.420000 
49.569200, -112.149200, 1.300000 
50.631500, -112.237600, 1.580000 
54.476100, -118.693200, 5.460000 
50.693200, -113.672900, 1.380000 
50.471500, -111.652300, 1.700000 
59.641800, -118.307800, 2.706000 
57.560800, -119.521200, 0.500000 
54.541800, -117.884100, 1.600000 
50.770500, -111.098100, 0.700000 
56.891000, -112.671500, 0.741000 
51.853600, -114.749900, 0.520000 
52.395700, -113.480700, 0.500000 
50.511400, -111.289400, 0.875000 
51.635300, -112.531400, 1.175000 
56.546200, -115.251500, 2.400000 
55.997300, -111.352400, 0.732000 
52.268500, -112.871100, 0.003000 
56.590200, -115.878400, 1.700000 
55.975000, -119.798600, 0.658000 
55.698000, -118.137100, 0.009000 
52.941600, -114.418200, 1.160000 
55.596700, -118.275600, 0.046000 
55.976100, -119.803900, 1.512000 
54.410000, -115.121700, 1.680000 
56.982800, -118.305800, 0.628000 
53.916400, -114.707900, 0.544000 
52.559300, -115.213000, 1.220000 
56.243400, -119.068000, 0.630000 
56.706200, -110.377600, 2.560000 
59.601800, -117.409700, 1.210000 
53.583000, -116.842000, 3.669000 
56.727900, -116.305700, 3.773000 
53.432300, -115.113600, 0.660000 
54.749300, -115.331700, 2.710000 
52.439300, -110.316400, 1.200000 
56.199000, -110.675100, 1.026000 
54.792900, -115.521700, 4.269000 
53.843400, -112.979700, 1.200000 
56.458600, -119.914300, 3.030000 
56.593300, -119.085000, 0.623000 
52.675900, -110.455200, 2.750000 
51.613400, -111.331700, 0.622000 
54.687300, -117.588700, 0.554000 
55.603900, -119.347800, 2.750000 
56.546600, -115.293500, 2.970000 
54.960000, -119.802500, 0.010000 
58.430400, -118.795700, 0.635000 
51.871800, -112.887600, 1.600000 
53.759700, -117.689500, 0.780000 
54.949300, -110.622600, 3.480000 
54.528700, -117.464200, 0.808000 
56.236700, -119.075000, 0.924000 
53.810700, -114.190400, 0.010000 
58.357600, -118.977600, 1.034000 
53.534300, -115.810000, 0.620000 
52.475700, -111.441400, 1.100000 
51.199000, -111.607300, 1.500000 
52.552000, -110.508900, 0.570000 
54.505300, -116.450600, 1.559000 
50.718600, -111.322200, 2.327000 
52.017300, -113.148800, 1.800000 
56.648300, -115.705700, 1.910000 
54.541800, -110.408400, 0.537000 
54.520000, -116.810900, 7.379000 
54.567300, -111.976300, 0.920000 
50.711500, -112.394000, 0.690000 
53.868700, -110.202400, 1.087000 
52.337300, -110.166100, 2.300000 
53.561500, -116.577900, 161.048000 
51.795400, -110.033300, 1.000000 
50.609400, -113.706700, 0.754000 
51.501500, -112.643700, 1.980000 
53.545100, -113.745200, 0.600000 
50.002600, -111.695600, 1.270000 
55.441300, -116.773800, 0.630000 
52.115700, -110.983100, 1.400000 
50.173400, -112.395600, 0.783000 
55.327600, -115.014200, 1.640000 
49.205300, -111.037700, 0.570000 
57.485900, -113.793100, 0.791000 
53.170400, -114.884200, 2.570000 
52.690300, -112.210000, 1.300000 
55.174700, -114.241100, 0.882000 
49.656400, -112.166200, 0.857000 
52.661200, -114.635400, 0.827000 
53.068700, -110.572200, 0.700000 
50.231100, -111.434000, 0.840000 
49.874700, -111.617600, 0.756000 
53.163200, -115.416100, 0.600000 
56.088100, -119.934800, 1.061000 
53.023200, -114.850900, 2.980000 
56.280700, -116.119100, 6.900000 
54.487200, -118.699600, 1.000000 
51.684400, -111.851300, 0.600000 
52.286500, -114.970800, 2.595000 
51.868200, -110.139700, 1.270000 
55.520300, -119.315300, 0.900000 
49.871100, -111.656700, 0.692000 
55.476700, -116.859900, 1.460000 
53.352200, -115.421100, 0.660000 
50.278800, -111.404900, 0.860000 
55.254700, -118.917800, 0.830000 
50.485900, -111.702200, 2.766000 
53.090400, -115.245000, 6.250000 
50.358700, -111.755900, 1.040000 
50.987900, -111.741500, 0.506000 
53.246800, -115.391700, 0.181000 
52.915800, -113.022500, 1.060000 
50.103900, -110.864700, 1.064000 
56.975500, -113.309600, 0.586000 
53.254000, -114.437900, 1.110000 
56.175000, -116.342500, 1.400000 
50.522300, -111.652300, 2.726000 
54.702500, -112.900400, 0.979000 
53.192500, -115.293900, 0.890000 
55.956800, -115.346800, 2.800000 
58.568700, -119.061500, 2.916000 
53.706600, -117.241000, 2.627000 
56.338600, -110.829200, 1.033000 
53.745000, -110.748900, 0.784000 
55.309200, -119.205800, 53.110000 
54.127000, -114.655800, 0.570000 
53.548700, -114.712800, 0.450000 
50.009200, -110.847500, 1.556000 
52.122900, -113.847000, 0.500000 
52.050100, -112.728300, 29.460000 
52.610400, -114.821800, 4.715000 
52.042900, -114.588800, 0.700000 
50.889400, -113.406800, 0.540000 
54.416000, -115.636200, 28.880000 
54.974300, -117.285800, 28.310000 
52.272200, -111.031700, 0.660000 
50.205800, -111.862600, 0.750000 
57.004500, -113.188600, 1.709000 
52.999100, -112.971000, 4.450000 
52.588400, -115.447500, 0.710000 
55.710300, -116.604200, 2.240000 
54.395300, -116.975100, 0.760000 
58.601100, -118.787200, 15.900000 
53.024700, -115.531100, 25.060000 
54.209200, -113.773700, 0.525000 
52.537600, -111.645900, 0.640000 
50.689500, -111.554800, 2.461000 
55.581900, -112.320000, 0.636000 
50.395100, -112.002800, 0.590000 
54.387000, -116.966700, 42.440000 
51.402800, -112.918100, 0.700000 
50.435100, -111.893700, 0.660000 
53.574200, -116.646900, 17.140000 
55.364000, -111.097600, 0.552000 
55.258300, -114.588300, 24.010000 
51.337000, -112.712600, 0.830000 
50.897000, -111.693700, 2.230000 
53.192300, -115.293900, 3.330000 
51.962900, -114.732100, 1.360000 
55.516700, -119.458100, 1.150000 
54.294400, -111.306700, 1.146000 
55.265600, -114.601400, 0.600000 
54.352500, -111.150000, 0.504000 
55.218300, -118.609100, 0.866000 
50.711900, -111.057400, 0.520000 
53.188700, -115.642200, 1.000000 
51.180450, -113.937280, 4.974000 
49.936700, -111.406500, 8.900000 
53.512300, -115.611900, 0.820000 
54.894400, -111.813900, 0.543000 
56.262200, -119.887800, 0.740000 
54.944400, -118.828100, 0.868000 
54.800000, -119.106100, 1.250000 
52.697500, -116.005000, 0.690000 
54.454400, -119.091700, 3.300000 
52.890400, -114.865000, 0.680000 
55.069400, -113.313900, 0.894000 
50.860700, -111.126500, 0.800000 
53.388600, -115.315800, 2.100000 
58.081200, -117.635600, 1.210000 
54.760400, -113.959500, 0.970000 
53.515900, -114.725300, 1.390000 
50.194700, -111.343700, 1.380000 
55.138300, -118.666900, 1.280000 
55.269300, -114.608900, 0.500000 
51.991800, -110.928600, 2.653000 
50.675000, -113.452200, 1.067000 
54.472500, -115.652800, 0.514000 
55.146800, -114.517100, 1.100000 
52.155600, -113.529700, 0.694000 
50.271100, -111.468400, 1.230000 
50.616800, -112.845300, 1.300000 
50.631500, -111.010500, 0.520000 
53.714300, -110.747300, 0.933000 
53.181200, -114.486800, 2.510000 
49.900300, -111.817000, 0.600000 
50.245900, -111.296200, 2.700000 
56.211500, -112.812700, 1.090000 
49.576400, -112.919200, 0.961000 
58.081200, -117.828800, 1.210000 
50.220300, -110.961600, 2.408000 
56.560600, -119.031700, 2.400000 
55.913200, -115.143700, 0.751000 
56.924300, -115.909600, 1.200000 
56.313200, -111.636200, 8.969000 
57.680800, -119.301800, 0.500000 
55.699100, -119.705800, 3.110000 
50.766500, -111.946400, 1.070000 
51.213300, -111.355600, 2.166000 
57.931900, -117.835000, 0.540000 
53.966900, -118.227900, 1.500000 
50.051800, -111.662400, 1.651000 
52.260900, -114.946900, 0.628000 
54.370800, -116.874800, 0.530000 
53.635900, -116.931800, 0.600000 
53.035900, -114.554100, 0.560000 
50.191900, -111.301800, 1.210000 
56.622700, -119.946500, 2.390000 
51.755400, -112.330900, 0.497000 
52.504700, -110.321700, 0.600000 
52.424800, -110.292500, 0.500000 
54.294700, -114.887800, 0.626000 
57.059400, -112.842800, 1.085000 
52.472000, -110.093900, 0.900000 
50.427600, -112.462300, 2.400000 
55.585600, -117.891600, 0.835000 
55.516700, -119.548900, 0.624000 
50.700700, -110.478000, 1.100000 
55.516700, -119.536100, 0.878000 
55.509200, -119.542500, 0.897000 
53.064700, -116.436900, 0.862000 
52.399300, -115.020500, 0.666000 
54.705300, -116.210400, 0.960000 
57.418900, -119.675000, 4.233000 
50.485900, -111.451200, 0.910000 
55.509300, -114.146900, 2.905000 
56.300000, -119.097900, 1.042000 
52.260900, -112.826600, 0.800000 
53.215900, -116.497000, 0.559000 
54.348900, -119.463300, 1.475000 
50.573100, -111.177500, 0.700000 
52.188200, -114.344100, 0.902000 
50.333200, -111.732800, 0.980000 
52.297300, -114.529100, 0.598000 
55.975100, -115.340100, 1.623000 
55.586800, -119.433800, 1.189000 
54.033400, -117.756900, 1.598000 
55.694100, -113.599400, 2.002000 
51.766200, -111.963700, 0.544000 
55.429200, -113.618100, 3.408000 
55.363900, -119.760600, 0.510000 
53.523200, -113.393800, 1.464000 
54.436200, -111.205100, 0.520000 
50.755100, -112.162300, 0.642000 
54.523500, -113.846300, 0.685000 
52.544800, -114.545200, 0.500000 
51.897200, -115.040200, 0.784000 
51.581600, -113.840400, 0.630000 
55.633700, -119.575000, 0.586000 
57.374300, -119.234900, 1.780000 
55.520400, -113.781100, 0.811000 
50.438700, -111.284800, 1.100000 
54.612500, -118.214300, 2.235000 
56.353890, -119.996860, 0.501000 
53.163100, -117.017800, 0.803000 
50.700600, -110.772500, 0.560000 
50.223900, -110.761900, 2.700000 
51.411700, -114.027600, 83.740000 
53.374300, -114.527900, 2.250000 
56.455000, -118.414200, 0.814000 
58.754000, -118.973200, 0.700000 
49.521900, -112.859000, 0.995000 
51.642600, -113.337700, 0.930000 
54.102500, -112.310200, 0.644000 
51.620900, -114.483500, 2.873000 
51.531300, -113.276300, 1.090000 
58.466800, -118.788700, 3.080000 
56.930900, -115.252200, 0.539000 
52.326500, -114.515200, 1.110000 
54.627000, -117.464200, 6.007000 
54.720000, -119.110600, 1.033000 
50.282400, -110.468900, 0.699000 
51.901800, -113.568700, 0.742000 
53.225100, -114.034600, 0.820000 
52.210100, -113.274300, 1.204000 
56.281800, -119.166800, 1.114000 
53.159500, -114.902800, 0.652000 
53.941338, -118.745430, 0.667000 
55.771500, -119.828100, 0.619000 
56.269500, -114.136400, 4.371000 
50.398600, -110.503300, 2.960000 
56.407900, -110.929200, 2.930000 
50.591500, -111.780300, 0.787000 
52.461400, -114.346900, 0.960000 
52.464800, -114.346800, 19.050000 
50.049200, -111.645900, 3.231000 
51.504500, -114.068500, 0.700000 
55.640300, -118.502800, 0.842000 
51.126200, -112.359500, 1.290000 
50.267600, -111.330600, 1.194000 
50.998700, -112.464500, 0.610000 
51.439000, -112.054500, 0.960000 
53.836200, -110.457500, 1.205000 
50.224000, -110.037500, 1.100000 
53.188700, -115.642200, 0.900000 
53.190300, -115.224000, 0.739000 
54.130600, -115.231400, 1.641000 
51.878900, -115.093200, 0.519000 
56.095100, -113.448600, 4.620000 
57.338900, -119.657100, 1.359000 
52.090700, -112.766700, 1.590000 
52.755700, -113.939100, 0.500000 
55.614700, -117.372400, 1.275000 
50.536900, -112.031500, 0.910000 
49.965600, -111.708700, 0.790000 
53.337800, -111.243900, 0.893000 
49.936700, -111.583100, 4.560000 
55.280000, -119.098100, 0.760000 
55.327500, -119.007800, 1.655000 
52.217300, -112.307300, 0.570000 
57.193700, -118.199700, 1.605000 
50.165900, -110.089100, 1.185000 
49.118100, -113.637100, 0.783000 
52.599300, -113.083800, 0.520000 
53.079400, -115.972500, 0.615000 
50.336800, -111.169800, 3.820000 
49.698011, -112.823139, 1224.000000 
57.066200, -118.031700, 1.150000 
50.631500, -111.022200, 4.230000 
50.700700, -111.022200, 1.110000 
50.758700, -111.641500, 0.520000 
54.476100, -119.173900, 1.179000 
50.675000, -111.044400, 2.400000 
51.482600, -114.338800, 1.041000 
50.314700, -111.968400, 0.680000 
49.914900, -112.361400, 0.513000 
52.424800, -110.364700, 1.900000 
51.054400, -113.997000, 2.588000 
49.697836, -112.821799, 4.389000 
50.114700, -111.674500, 0.970000 
55.905900, -116.820200, 1.300000 
53.075900, -111.299700, 1.330000 
53.148600, -111.195000, 3.490000 
55.943900, -119.923100, 0.620000 
55.862200, -119.589200, 0.610000 
50.289400, -112.007500, 1.470000 
52.093600, -115.143800, 0.645000 
54.581700, -115.982900, 1.995000 
55.243600, -118.917800, 1.410000 
55.843900, -111.090000, 1.229000 
55.352900, -110.627800, 1.677000 
53.141200, -114.327900, 1.219000 
56.302200, -119.901200, 0.988000 
54.685600, -117.414400, 0.857000 
56.025800, -118.580800, 1.781000 
52.108200, -110.976400, 2.447000 
50.940600, -111.880600, 0.717000 
55.691200, -111.275900, 1.682000 
55.378300, -119.760600, 0.760000 
50.591500, -111.491200, 2.490000 
54.965100, -119.306800, 1.012000 
52.166500, -114.702100, 0.616000 
56.091600, -111.039700, 1.101000 
57.042500, -111.905000, 11.670000 
54.632500, -118.845300, 1.079000 
54.716400, -116.260900, 1.390000 
50.202700, -110.661300, 0.959000 
57.502800, -118.745700, 8.068000 
49.914700, -111.697300, 0.570000 
52.766800, -115.362200, 0.770000 
54.447400, -117.523700, 0.568000 
52.574000, -115.393600, 1.000000 
50.294200, -110.593500, 0.520000 
52.355700, -110.322500, 1.899000 
49.834700, -112.426700, 1.281000 
52.988400, -114.204100, 0.665000 
58.761500, -118.690400, 2.180000 
52.457600, -110.310500, 1.263000 
55.750400, -119.787600, 0.623000 
52.333700, -111.059400, 4.289000 
55.905800, -110.821700, 0.808000 
53.997000, -111.569200, 0.842000 
49.998300, -111.680100, 3.950000 
57.338900, -118.460000, 1.701000 
53.254000, -113.048200, 1.254000 
56.368500, -115.360700, 0.926000 
51.020700, -112.948400, 1.560000 
49.921900, -111.668700, 4.010000 
51.495900, -114.210100, 0.643000 
52.657600, -110.063900, 0.520000 
51.566200, -111.555100, 0.625000 
50.795100, -112.017800, 1.230000 
52.272100, -110.435700, 0.930000 
51.552600, -111.632500, 0.800000 
54.257200, -112.373600, 0.670000 
56.135000, -113.028300, 1.517000 
52.743400, -114.113400, 0.700000 
53.828700, -115.943000, 0.700000 
52.657600, -110.057700, 0.750000 
51.971000, -114.052700, 0.570000 
51.493300, -111.201400, 0.600000 
52.661200, -110.057700, 0.950000 
52.526800, -111.782500, 0.530000 
52.777500, -116.659400, 1.100000 
53.479400, -115.130800, 0.953000 
52.930400, -113.999900, 0.500000 
52.091000, -112.761500, 1.000000 
54.963600, -117.670700, 1.810000 
51.762600, -110.139700, 0.500000 
51.319000, -111.684200, 1.400000 
57.851600, -119.158100, 1.110000 
52.464800, -114.328800, 0.800000 
52.650400, -115.080800, 0.510000 
54.798600, -114.203400, 0.567000 
56.725440, -115.668360, 0.840000 
52.155700, -110.893800, 4.680000 
53.170300, -116.265800, 2.300000 
52.519400, -110.085200, 1.690000 
55.294800, -110.795100, 1.360000 
56.080300, -119.484500, 0.524000 
55.240100, -114.042800, 0.840000 
50.023900, -112.431900, 0.610000 
52.851400, -114.046900, 0.900000 
55.433300, -116.483200, 1.944000 
55.254700, -118.930800, 1.600000 
51.137900, -111.577600, 0.500000 
53.466600, -115.834900, 0.570000 
53.825100, -116.396900, 0.700000 
49.958300, -113.556600, 0.500000 
50.758700, -112.498100, 1.100000 
53.737900, -116.247800, 0.500000 
52.923200, -110.767700, 1.090000 
49.725600, -113.397600, 1.100000 
50.915100, -112.451700, 2.010000 
50.656800, -112.608100, 0.500000 
50.158400, -112.136500, 0.700000 
50.656900, -112.608100, 0.700000 
50.801900, -111.007800, 1.900000 
51.093400, -112.820100, 0.580000 
50.653300, -111.166100, 0.800000 
50.100300, -112.262000, 0.800000 
53.507650, -115.764610, 0.720000 
53.727000, -115.607500, 0.520000 
54.538100, -119.066400, 1.190000 
50.176700, -113.664900, 0.700000 
50.257800, -112.984500, 0.500000 
55.102000, -110.507600, 0.500000 
54.258200, -114.580800, 0.550000 
51.176900, -112.055300, 1.100000 
51.552500, -111.490600, 0.700000 
55.945800, -118.888600, 1.100000 
57.200900, -112.905700, 18.537000 
52.410000, -114.405800, 0.900000 
50.893400, -112.174000, 1.040000 
55.949600, -110.624000, 1.263000 
51.024500, -111.642800, 0.500000 
53.024800, -111.422000, 1.500000 
52.926700, -113.998900, 0.600000 
54.192600, -116.924800, 0.800000 
50.842300, -112.463400, 0.540000 
58.305400, -118.888000, 3.340000 
51.449700, -111.571700, 0.608000 
53.181200, -114.994400, 1.063000 
56.880600, -114.757200, 0.600000 
53.876200, -117.149000, 0.738000 
53.359500, -115.599400, 0.600000 
57.888400, -118.608700, 0.660000 
57.266800, -114.892000, 0.900000 
52.366300, -114.963000, 2.006000 
56.796900, -114.349300, 1.000000 
52.287400, -113.539200, 1.610000 
57.309200, -114.856300, 0.900000 
55.666900, -117.761600, 1.262000 
55.519900, -119.349500, 0.900000 
53.228700, -115.104400, 1.297000 
55.639400, -118.984300, 0.533000 
58.615900, -119.015700, 1.250000 
54.392500, -117.595400, 1.387000 
53.370300, -114.397500, 2.270000 
50.220300, -112.444200, 0.625000 
52.951900, -115.932200, 0.700000 
53.989000, -116.950100, 0.766000 
52.260500, -113.816600, 0.580000 
53.017800, -116.198600, 0.900000 
55.688200, -113.897000, 0.627000 
52.868400, -115.453300, 1.500000 
57.066100, -114.777500, 11.200000 
56.960600, -114.716900, 2.300000 
55.066600, -117.283300, 4.180000 
57.251800, -112.498500, 0.820000 
53.173900, -114.884600, 1.840000 
56.833400, -113.112100, 0.592000 
51.162600, -112.318700, 0.506000 
56.215000, -110.968100, 0.700000 
50.715500, -110.953700, 0.630000 
50.918700, -113.528500, 0.810000 
54.855000, -118.521900, 0.993000 
49.590900, -114.523800, 1.800000 
50.736800, -113.325700, 0.680000 
51.708200, -114.388800, 0.846000 
54.099600, -117.535500, 0.700000 
53.056300, -116.114000, 0.500000 
52.817500, -116.441700, 0.495000 
55.651800, -111.084400, 1.375000 
57.320900, -118.063600, 0.640000 
55.631500, -112.189600, 0.692000 
55.334700, -119.405300, 0.756000 
52.359300, -113.715200, 0.710000 
53.825000, -115.556700, 0.700000 
50.101700, -111.307800, 0.517000 
52.708400, -114.446600, 0.680000 
51.726200, -114.436000, 1.617000 
52.285500, -113.848500, 0.926000 
54.772300, -116.680400, 3.400000 
55.847900, -111.359500, 0.780000 
53.101200, -114.761900, 0.500000 
52.696000, -111.198200, 0.880000 
52.148200, -114.672100, 0.800000 
54.323400, -115.677500, 3.161000 
53.537900, -114.694400, 1.160000 
53.577900, -116.599000, 1.200000 
52.657700, -110.200000, 0.550000 
56.364200, -119.934300, 3.410000 
54.141200, -112.958800, 4.940000 
52.646900, -110.188000, 0.620000 
56.425800, -119.841800, 0.560000 
52.681000, -110.184000, 1.440000 
52.914500, -110.584700, 5.320000 
54.023400, -117.748700, 0.840000 
52.685000, -110.430000, 1.260000 
53.918400, -117.297000, 0.550000 
55.363900, -119.831100, 0.730000 
54.178700, -117.328400, 3.000000 
54.317700, -116.573000, 3.003000 
52.969200, -116.692500, 0.840000 
53.022200, -116.520800, 0.530000 
52.918200, -110.566900, 0.520000 
53.799800, -116.092200, 0.780000 
52.969300, -110.092700, 0.620000 
52.830300, -116.272200, 1.200000 
53.792300, -114.613000, 0.770000 
52.188200, -110.988300, 3.020000 
52.097300, -114.755700, 1.229000 
55.633200, -115.944800, 5.470000 
52.192000, -110.976400, 1.320000 
53.483200, -115.526400, 0.580000 
53.523200, -115.464700, 0.650000 
53.305100, -115.691100, 0.650000 
55.378300, -118.499700, 1.850000 
50.169400, -112.501500, 0.859000 
55.494700, -116.320000, 1.366000 
55.491170, -116.186500, 1.097000 
55.458400, -116.165600, 4.128000 
54.640000, -115.780400, 0.570000 
55.382000, -111.760100, 1.130000 
54.359700, -118.756300, 0.630000 
50.987900, -114.464300, 0.650000 
50.013100, -112.611500, 4.030000 
50.073300, -112.673700, 1.160000 
50.168300, -112.299800, 3.040000 
53.385100, -115.612800, 0.950000 
53.484800, -115.607600, 0.590000 
53.781500, -114.782500, 0.887000 
54.690800, -115.704500, 1.051000 
55.070800, -118.695000, 2.020000 
55.736000, -119.076000, 1.141000 
56.051400, -119.589200, 1.260000 
54.927200, -117.269100, 0.557000 
54.465400, -113.221600, 0.611000 
53.346200, -113.517200, 21.839000 
54.130700, -115.552200, 1.750000 
53.996200, -115.986700, 0.660000 
54.352500, -118.587100, 1.025000 
51.464500, -114.467900, 0.570000 
53.290100, -112.427100, 1.159000 
50.318600, -113.019500, 0.560000 
53.174000, -114.554100, 0.750000 
54.290800, -118.493200, 0.984000 
53.575400, -113.624100, 123.270000 
53.141200, -115.758300, 0.530000 
50.314700, -112.967800, 1.060000 
54.181800, -116.154000, 0.580000 
52.468400, -110.046100, 0.653000 
51.157000, -114.193200, 0.773000 
50.873400, -114.006600, 0.805000 
54.385300, -118.624900, 3.061000 
53.272300, -114.725300, 0.760000 
50.431200, -111.589200, 2.683000 
54.229000, -115.295300, 2.910000 
56.251400, -119.960600, 0.775000 
54.665400, -115.363300, 0.760000 
55.487500, -118.171900, 0.640000 
49.896400, -111.765600, 2.649000 
50.154700, -112.461600, 2.970000 
52.042800, -114.958800, 1.430000 
49.829600, -112.048200, 2.191000 
56.242200, -117.325200, 12.991000 
50.889400, -114.761800, 0.510000 
49.229200, -114.029100, 8.952000 
55.320300, -118.762000, 1.456000 
58.368300, -118.990000, 1.044000 
52.210300, -110.496000, 2.635000 
52.362900, -114.599300, 1.038000 
51.599900, -115.356900, 1.276000 
51.135900, -114.144900, 0.511000 
55.129200, -118.831100, 66.016000 
49.488900, -113.955100, 10.850000 
52.222200, -110.432200, 1.123000 
53.936200, -113.499600, 0.750000 
55.800300, -119.354500, 1.650000 
50.013100, -112.393100, 2.258000 
50.621100, -111.564500, 0.610000 
55.356400, -118.750600, 0.580000 
52.766700, -116.393000, 1.274000 
55.982200, -119.798600, 0.577000 
55.771100, -119.471100, 1.740000 
54.485300, -118.778300, 1.050000 
55.160000, -119.398900, 0.700000 
51.773600, -111.477200, 2.200000 
59.904000, -111.720200, 0.900000 
54.189000, -112.109800, 0.790000 
52.545700, -114.106000, 0.637000 
54.162360, -115.733900, 15.686000 
53.969410, -110.454161, 0.525000 
49.701100, -112.787800, 55.030000 
53.854300, -117.391200, 0.580000 
55.269200, -118.005200, 0.630000 
53.778100, -117.552900, 2.740000 
50.085600, -111.589000, 0.823000 
51.600900, -111.231500, 0.540000 
55.782200, -119.367200, 1.210000 
55.225600, -118.351900, 0.620000 
53.477900, -111.936300, 0.500000 
54.461800, -111.780100, 0.520000 
54.171500, -112.197600, 1.040000 
56.857000, -111.441500, 64.686000 
54.467300, -110.209200, 13.569000 
53.363200, -111.879500, 0.713000 
54.273400, -110.751000, 2.636000 
54.169000, -115.762200, 11.256000 
52.679300, -110.203900, 1.970000 
52.621200, -112.211500, 0.672000 
51.359000, -112.418700, 0.590000 
53.195900, -111.911200, 0.555000 
53.279500, -111.587000, 1.237000 
50.176700, -112.381700, 0.532000 
50.994100, -113.958300, 2.500000 
53.804200, -113.082400, 16.880000 
53.582300, -113.588600, 5.100000 
55.071200, -118.691200, 159.930000 
53.795900, -113.099600, 10.717000 
53.413300, -117.570600, 434.000000 
54.923116, -112.861867, 218.660000 
53.448700, -114.449100, 575.647000 
53.227700, -114.988900, 246.120000 
53.508500, -114.557100, 2102.400000 
53.593060, -116.390300, 152.576000 
50.845800, -113.586700, 5.787000 
56.377200, -117.175600, 137.491000 
51.022770, -114.027660, 1.666000 
50.983000, -113.988400, 58.631000 
53.344000, -114.305000, 491.243000 
52.033030, -113.938910, 35.632000 
50.031100, -110.641000, 3.390000 
50.846700, -113.581170, 97.100000 
55.996700, -118.533600, 2.623000 
52.385800, -113.595000, 136.700000 
53.533000, -113.411500, 1.674000 
51.570800, -114.851700, 2.222000 
53.539700, -113.409200, 13.410000 
55.070600, -118.688800, 1.239000 
55.335900, -119.223000, 2.300000 
58.500000, -119.416700, 2.570000 
52.758100, -114.111600, 4.700000 
51.965500, -114.753600, 13.120000 
52.146300, -115.330000, 24.940000 
52.776100, -115.660700, 6.200000 
51.039600, -114.559000, 17.000000 
52.959300, -115.893800, 20.400000 
52.496000, -114.988000, 2.426000 
53.048100, -113.921000, 18.092000 
51.531700, -111.786100, 661.900000 
53.721700, -113.191700, 145.499000 
51.534800, -114.203700, 2.633000 
50.647500, -113.772000, 4.270000 
53.204500, -116.811200, 20.678000 
52.463000, -114.346500, 1.400000 
54.775000, -115.218600, 0.780000 
56.380600, -116.795000, 19.141000 
53.722900, -113.174000, 0.077000 
54.007100, -119.104000, 98.210000 
51.219500, -114.645400, 3.293000 
54.130900, -115.546700, 7.373000 
50.747700, -114.494700, 6.197000 
49.713599, -112.796397, 1.884000 
53.571700, -113.349800, 135.600000 
53.354600, -113.715000, 0.942000 
55.725100, -119.399900, 1.493000 
54.572300, -115.522900, 6.085000 
53.541700, -113.391700, 361.668000 
53.572500, -113.360600, 51.466000 
52.308300, -113.550000, 614.350000 
54.524700, -116.794300, 5.506000 
49.305200, -114.000300, 21.682000 
50.675600, -110.025000, 451.486000 
53.529100, -113.387500, 86.728000 
52.940400, -114.832300, 6.421000 
51.191300, -113.940900, 13.602000 
54.596400, -110.395000, 62.765000 
53.952700, -113.078000, 1.560000 
54.952700, -119.195300, 5.711000 
50.805300, -110.034900, 9.200000 
53.776000, -113.088600, 8.135000 
53.288500, -110.018300, 6.800000 
53.746900, -113.164500, 0.800000 
57.003300, -111.466100, 900.590000 
54.194400, -116.632200, 26.707000 
53.733200, -113.175000, 72.868000 
53.245000, -115.674300, 1.800000 
54.833300, -118.646700, 3.025000 
53.560000, -114.486200, 710.765000 
53.546800, -113.734800, 1.000000 
50.086600, -110.716700, 13.523000 
55.358300, -114.617200, 0.500000 
57.040500, -111.619200, 1563.388000 
53.652000, -116.099200, 3.383000 
51.637200, -112.866000, 1.700000 
53.181200, -115.762500, 9.307000 
54.179100, -115.806000, 2.068000 
52.564700, -112.141400, 811.300000 
53.841600, -113.097900, 419.425000 
53.421300, -113.904400, 4.629000 
54.144400, -115.691700, 0.902000 
49.789400, -112.126100, 297.800000 
52.226300, -115.177000, 4.400000 
52.553700, -111.694000, 5.630000 
54.423300, -117.760400, 12.958000 
53.550500, -113.358900, 139.856000 
53.333300, -113.534500, 2.632000 
50.577200, -111.178100, 2.940000 
51.682500, -111.293600, 1.640000 
53.725400, -113.193000, 29.570000 
51.015020, -114.026480, 36.000000 
55.086900, -110.528600, 1.390000 
53.725000, -113.192800, 1.022000 
53.565150, -113.364550, 4.422000 
51.526000, -113.880000, 2.119000 
53.091100, -111.768600, 1.400000 
56.981400, -111.462500, 1.404000 
53.719800, -113.596300, 0.640000 
52.308300, -113.550000, 196.972000 
53.555000, -113.477400, 3.170000 
55.582700, -110.888800, 3.810000 
51.488700, -113.153900, 1.244000 
51.056600, -115.164300, 7.195000 
53.559040, -113.693580, 26.583000 
52.869000, -115.101000, 1.000000 
51.168600, -114.210900, 2.541000 
50.991700, -114.030300, 1.255000 
53.721800, -113.192700, 19.281000 
51.130700, -114.009000, 11.274000 
54.284800, -115.698000, 9.830000 
55.029800, -118.744000, 850.072000 
50.991500, -114.030100, 4.685000 
53.244500, -116.238000, 0.940000 
53.506900, -113.373400, 1.180000 
51.065300, -115.221100, 10.400000 
53.472878, -113.616936, 0.033000 
49.712016, -112.839461, 0.655000 
52.904700, -115.324700, 1.300000 
49.701000, -112.802700, 12.546000 
51.176400, -114.194800, 1.285000 
49.951100, -111.532000, 2.690000 
53.319800, -113.571800, 3.000000 
50.671900, -110.028900, 0.830000 
55.714100, -118.830400, 0.526000 
57.200800, -118.819200, 1.410000 
51.068200, -115.136400, 248.082000 
49.852100, -111.665000, 1.980000 
51.407800, -113.668300, 1.550000 
59.623400, -117.727200, 1.153000 
50.817600, -110.448000, 0.640000 
50.963300, -112.288300, 1.280000 
53.283800, -110.031900, 29.952000 
51.984500, -114.743800, 0.686000 
52.058000, -114.908000, 1.490000 
52.479300, -110.936100, 3.678000 
55.125900, -117.838000, 1.180000 
53.584100, -113.614400, 1.195000 
57.153300, -118.334500, 0.538000 
55.814900, -119.365000, 0.740000 
51.943400, -114.736000, 2.590000 
54.257800, -110.831500, 4.236000 
54.043500, -117.420000, 1.520000 
50.061200, -110.723000, 2.048000 
56.373300, -119.922800, 0.690000 
52.122900, -110.570500, 6.523000 
50.701100, -111.095600, 1.060000 
50.676800, -110.018000, 0.910000 
53.645100, -114.130200, 0.901000 
53.960200, -116.460000, 1.010000 
50.697800, -111.531000, 3.950000 
52.255700, -113.886000, 2.079000 
53.010600, -112.810000, 1.224000 
51.591800, -110.750000, 0.655000 
57.188000, -118.248900, 0.740000 
53.537900, -117.085900, 0.616000 
50.704600, -110.844000, 1.940000 
51.935300, -112.079200, 0.660000 
52.983100, -112.189800, 0.520000 
52.028360, -113.954260, 2.920000 
51.099300, -112.639000, 1.390000 
54.829600, -118.647000, 1.510000 
53.431000, -117.540600, 0.319000 
53.861500, -114.756100, 1.309000 
53.137600, -113.794100, 1.070000 
49.701943, -112.803037, 14.920000 
51.006900, -113.192800, 2.190000 
53.373100, -116.086000, 1.100000 
54.293100, -116.188300, 3.827000 
51.400100, -114.034300, 8.340000 
57.189700, -119.054800, 0.933000 
50.059700, -110.732000, 1.276000 
53.943200, -113.596900, 120.000000 
54.238200, -115.379700, 63.700000 
55.069600, -110.536100, 12.420000 
54.185400, -116.210400, 11.622000 
55.866700, -119.596700, 0.529000 
55.698300, -118.783300, 51.582000 
50.675000, -110.049200, 0.720000 
53.651700, -113.265800, 38.748000 
50.015600, -113.570800, 0.890000 
53.862700, -110.639000, 0.555000 
53.039700, -111.220000, 1.619000 
53.826700, -113.603300, 1.850000 
53.416800, -113.917700, 2.261000 
50.443600, -110.882500, 0.510000 
53.529649, -113.495611, 0.035000 
51.024500, -114.025000, 24.640000 
51.926500, -114.542700, 1.519000 
53.519600, -113.529000, 3.039000 
53.571300, -113.339300, 29.624000 
52.315900, -113.850000, 15.000000 
50.847000, -113.591000, 5.620000 
51.028800, -114.044800, 6.321000 
53.821500, -113.490400, 7.559000 
57.351700, -111.522200, 14.138000 
55.481900, -119.059200, 4.050000 
53.470500, -116.496100, 1.330000 
53.819400, -113.141900, 2.990000 
50.693800, -114.330000, 1.000000 
54.510900, -115.511700, 5.063000 
53.757500, -113.149900, 2.319000 
51.154200, -114.187700, 27.444000 
57.218000, -111.027000, 6.720000 
57.364000, -119.763000, 1.504000 
55.489100, -119.750800, 1.720000 
50.058200, -110.728200, 303.789000 
53.883400, -110.041100, 0.870000 
52.642900, -114.617400, 1.411000 
53.250200, -115.555500, 4.479000 
55.268600, -114.584700, 16.000000 
55.074200, -117.274200, 2.300000 
54.025400, -110.681200, 0.470000 
50.227500, -113.548200, 0.870000 
53.723500, -113.173800, 23.043000 
49.088900, -112.582300, 0.540000 
58.975900, -119.118700, 0.597000 
53.670500, -115.762200, 1.100000 
55.873200, -112.145400, 0.550000 
53.155900, -112.326700, 1.200000 
50.904300, -113.308500, 1.190000 
53.728270, -113.235520, 27.167000 
53.908300, -118.816700, 18.827000 
59.023200, -118.597500, 0.549000 
55.913200, -115.150400, 2.977000 
49.723497, -112.785116, 2.030000 
59.183400, -119.225900, 0.549000 
51.893700, -114.400400, 0.684000 
56.036800, -113.782500, 0.490000 
55.993500, -113.480500, 3.549000 
55.644000, -114.659700, 1.350000 
52.402900, -111.736200, 0.960000 
55.040000, -115.475800, 3.385000 
49.362300, -113.511500, 3.412000 
50.597600, -111.881800, 23.450000 
52.272900, -113.814480, 1.242000 
55.513100, -113.475000, 0.540000 
53.576900, -113.570600, 1.158000 
54.785300, -117.658000, 4.330000 
58.194700, -116.350400, 6.520000 
52.180900, -112.647600, 0.546000 
54.394900, -116.809000, 4.250000 
51.007900, -114.051300, 12.413000 
55.247500, -116.641600, 0.910000 
55.199400, -116.221900, 0.400000 
50.583700, -113.871100, 41.494000 
54.897200, -117.708800, 0.680000 
54.101800, -114.292500, 1.030000 
56.036000, -117.133000, 5.600000 
49.809200, -110.320500, 0.782000 
55.396400, -119.599700, 1.101000 
59.063100, -118.875700, 5.500000 
55.640300, -119.568600, 2.257000 
50.100300, -111.988100, 0.526000 
51.696900, -114.475000, 4.427000 
53.796100, -111.941900, 0.570000 
51.540900, -114.103800, 0.570000 
50.059200, -112.039500, 1.102000 
52.322900, -111.417300, 0.596000 
53.456206, -113.487312, 1.159000 
53.890700, -117.354000, 2.609000 
58.555500, -118.915900, 7.330000 
53.817200, -113.133600, 0.829000 
55.643900, -119.368500, 0.811000 
55.720300, -119.406100, 0.792000 
53.576280, -113.317500, 2.193000 
51.030750, -113.399500, 1.823000 
51.060740, -113.995090, 1.157000 
50.085600, -111.914000, 0.567000 
53.557500, -116.547200, 10.090000 
50.129400, -111.908400, 2.395000 
53.977100, -117.285100, 2.638000 
52.322900, -111.411500, 0.675000 
52.621200, -114.827900, 1.632000 
51.222500, -114.495600, 5.683000 
59.067000, -118.875900, 1.521000 
51.798200, -114.098000, 0.754000 
53.574500, -113.313900, 0.895000 
56.904200, -117.633600, 6.960000 
59.194300, -118.604700, 1.957000 
55.640400, -110.627000, 0.570000 
52.923200, -115.107500, 0.900000 
52.327100, -112.718300, 4.120000 
54.138100, -111.908300, 0.634000 
55.767500, -119.380300, 2.917000 
55.876700, -119.301100, 1.940000 
58.943200, -118.916800, 3.584000 
55.116400, -116.712300, 1.489000 
53.581600, -113.599100, 101.390000 
53.345100, -114.743600, 0.470000 
52.322800, -114.020800, 0.970000 
51.058900, -115.174500, 95.300000 
52.035300, -115.137700, 5.130000 
58.568700, -119.201500, 0.640000 
51.004210, -113.989400, 5.200000 
59.230700, -119.275900, 1.536000 
52.212400, -113.843700, 1.748000 
51.995400, -110.827200, 1.253000 
53.582200, -113.544400, 0.027000 
52.421200, -110.388600, 1.750000 
54.772900, -110.579000, 49.517000 
49.725300, -112.790000, 0.015000 
49.725296, -112.798487, 1.720000 
53.573220, -113.316410, 4.774000 
53.798900, -112.898400, 1.199000 
51.052000, -114.010500, 0.031000 
57.298900, -111.503300, 7.822000 
55.969400, -117.575600, 1.200000 
52.228400, -114.397700, 2.980000 
52.412900, -114.407600, 4.300000 
49.628100, -114.571900, 2.903000 
52.104400, -110.695000, 1.956000 
52.079300, -110.636400, 0.763000 
52.766100, -114.285600, 0.584000 
51.189400, -113.937800, 2.640000 
57.049800, -111.582900, 1.164000 
53.863100, -113.393900, 0.600000 
57.268200, -111.597800, 0.066000 
50.026580, -110.665700, 19.074000 
54.846700, -112.567500, 0.451000 
51.020210, -114.019246, 25.812000 
50.269600, -112.893800, 3.300000 
49.789000, -112.134440, 8.310000 
54.796400, -117.658000, 0.780000 
54.427200, -116.884300, 13.710000 
55.041500, -119.631000, 2.700000 
52.166500, -113.256300, 0.540000 
54.926900, -111.936100, 0.325000 
49.790600, -112.131400, 3.655000 
50.040920, -110.721904, 34.500000 
52.304300, -113.802700, 2.414000 
54.538100, -115.932300, 1.166000 
52.119300, -110.654100, 0.668000 
57.076100, -111.918900, 3.375000 
51.052400, -113.994700, 4.078000 
49.878996, -112.774388, 2.255000 
58.501200, -117.145600, 90.403000 
51.282600, -110.297500, 0.470000 
49.693900, -112.096200, 3.920000 
54.560100, -111.770600, 0.550000 
53.498600, -113.387900, 0.530000 
53.537900, -111.785100, 0.970000 
53.635900, -112.019200, 0.550000 
57.546300, -119.112600, 2.200000 
53.132300, -115.981700, 4.794000 
53.332300, -113.524100, 4.030000 
52.926800, -111.889500, 0.710000 
53.799100, -113.080700, 7.470000 
52.319300, -111.477600, 0.789000 
53.581900, -113.590000, 0.004000 
54.588800, -115.862500, 1.814000 
52.235700, -111.788100, 0.579000 
54.587200, -112.803100, 8.800000 
51.962900, -111.016100, 1.277000 
53.546200, -113.676000, 0.600000 
49.976800, -112.042900, 1.600000 
53.469800, -113.712700, 0.800000 
49.052500, -112.063100, 1.200000 
52.035400, -114.612700, 0.886000 
53.902300, -115.189300, 2.300000 
52.515700, -113.173800, 2.709000 
53.740700, -113.023100, 19.487000 
49.784800, -112.151000, 1.227000 
51.911800, -111.188100, 3.201000 
55.876700, -117.612400, 2.500000 
51.915300, -113.578100, 2.532000 
51.540900, -112.841700, 1.200000 
50.194700, -110.479700, 1.388000 
49.318000, -110.528300, 0.700000 
52.046500, -114.588800, 1.241000 
53.022700, -112.811400, 1.128000 
